KOEN1
128
216
<CIRCLE 9 195 1.06066 0 0.00022366>; 110 34 6 16 5 0 9 11 0 3 11 76 22 10 10 0 0 25 58 21 3 5 1 0 0 44 46 0 0 0 0 0 23 6 2 3 2 5 136 39 0 1 2 23 48 106 136 2 0 17 39 55 131 77 19 0 0 56 104 11 6 0 0 0 0 0 62 60 0 6 90 2 0 0 67 136 79 33 56 0 0 2 8 136 136 18 3 1 2 13 29 10 9 0 1 9 0 0 51 122 22 0 0 0 0 0 67 136 11 0 0 0 0 1 8 71 11 0 0 0 4 3 0 0 0 0 0 3;
<CIRCLE 8 195 1.5 0 0.000179002>; 136 15 0 0 0 0 4 16 108 22 4 41 20 8 2 9 1 34 55 31 9 2 0 0 0 35 60 10 1 0 0 0 51 5 0 0 0 0 136 78 36 13 4 34 28 65 136 38 0 22 57 67 118 84 32 0 0 45 136 14 5 0 0 0 0 0 56 35 2 1 92 6 0 0 95 136 45 25 93 3 0 2 26 136 136 25 8 0 14 8 40 11 10 0 0 8 0 0 20 20 4 0 0 0 0 0 25 111 16 0 0 0 0 0 7 54 2 0 0 0 7 0 0 0 0 0 0 2;
<CIRCLE 243 160 6 0 0.000125559>; 0 1 2 1 0 10 25 0 0 0 12 10 0 18 34 0 1 7 15 4 0 9 34 8 1 1 0 0 0 0 11 7 0 3 147 94 0 1 2 0 12 26 147 147 1 2 3 0 88 147 126 26 0 0 1 2 11 35 8 0 0 0 1 2 0 2 147 119 6 0 0 0 99 19 119 98 18 0 0 4 147 66 19 4 0 0 0 14 25 20 6 0 0 0 0 0 2 3 3 11 14 10 7 6 96 12 1 20 22 1 0 0 147 52 1 0 0 0 0 1 12 18 3 0 0 0 0 0;
<CIRCLE 244 158 6 0 0.000121168>; 0 0 1 0 0 12 29 0 0 0 6 5 0 20 38 0 1 3 7 2 0 9 39 9 0 0 0 0 0 0 11 6 0 3 142 77 0 1 4 0 9 27 142 142 1 3 5 0 64 142 110 20 0 1 3 3 7 26 6 0 0 0 2 2 0 1 142 134 6 0 0 0 108 27 142 114 14 0 0 5 142 85 26 4 0 0 0 13 18 21 7 0 0 0 0 0 1 3 6 14 14 8 5 4 116 12 1 19 20 1 0 1 142 48 1 0 0 0 0 2 10 14 3 0 0 0 0 0;
<CIRCLE 151 149 5.04538 0 0.000120318>; 1 1 13 1 0 0 12 7 57 23 17 0 0 0 4 43 24 15 2 0 0 0 18 46 0 0 0 0 0 0 27 17 0 1 138 36 0 0 1 1 36 138 138 19 0 0 5 9 129 138 46 0 0 0 5 14 8 16 11 0 0 0 13 9 0 1 87 10 0 0 135 64 35 26 64 6 0 0 138 116 138 138 12 1 0 0 26 65 38 62 23 0 0 0 2 3 1 2 15 8 1 1 95 37 0 0 17 4 0 0 77 45 54 38 7 4 0 0 35 41 37 56 42 5 0 0 0 5;
<CIRCLE 6 195 2.52269 0 0.000114517>; 4 0 0 0 0 0 0 3 126 3 0 2 0 0 32 126 31 23 29 11 0 0 94 126 4 13 25 73 86 10 53 41 3 0 0 0 0 0 11 5 126 7 2 19 15 23 126 126 24 30 100 99 108 49 34 17 1 24 126 102 51 1 1 0 0 0 1 1 0 0 5 0 0 0 28 126 36 15 95 19 3 2 24 126 126 23 16 2 17 8 46 32 8 3 17 16 0 0 0 0 0 0 0 0 0 0 0 8 3 0 0 0 0 0 0 9 3 0 0 0 1 0 0 0 0 0 0 1;
<CIRCLE 241 164 8.48528 0 0.000113737>; 0 0 3 3 0 17 52 0 0 0 16 10 1 28 63 0 0 7 13 3 0 10 67 3 0 0 0 0 0 0 11 1 0 0 141 141 1 3 4 0 11 32 141 141 0 3 4 0 64 141 132 18 0 1 4 0 3 16 7 0 0 0 1 0 0 0 115 141 32 1 0 1 94 32 129 95 13 1 0 0 141 96 21 3 0 0 0 0 13 12 2 0 0 0 0 0 0 0 0 18 34 2 1 2 47 5 0 3 18 2 0 0 141 21 0 0 0 0 0 0 5 3 0 0 0 0 0 0;
<CIRCLE 20 179 1.5 0 0.000104177>; 1 8 45 0 0 0 1 2 4 15 49 0 0 0 10 9 21 15 41 0 0 0 10 10 33 13 18 0 0 0 0 4 2 2 0 0 0 0 131 104 2 1 0 1 8 15 131 131 10 1 0 8 74 83 131 25 22 10 4 0 10 5 2 4 9 6 3 0 0 0 131 131 2 2 6 81 81 15 131 88 7 0 0 128 131 33 29 7 9 1 0 4 16 2 7 14 8 36 42 5 0 0 0 8 0 3 27 110 96 0 0 0 14 4 0 64 131 4 0 0 15 7 1 5 3 0 0 1;
<CIRCLE 245 156 5.04538 0 0.000100546>; 0 0 0 0 0 9 24 0 0 0 4 4 0 17 30 0 0 2 6 1 0 11 26 10 0 0 0 0 0 0 10 11 0 3 139 66 0 2 5 0 9 25 139 139 1 4 3 0 60 139 107 21 0 2 2 3 10 31 5 0 0 0 2 5 0 0 139 139 6 1 0 0 107 33 139 127 15 0 0 7 139 96 26 5 0 0 0 19 17 38 12 0 0 0 0 2 0 0 7 18 16 2 0 0 134 5 0 12 22 0 0 4 139 25 0 0 0 0 0 10 16 12 0 0 0 0 0 1;
<CIRCLE 152 147 4.24264 0 9.84691e-05>; 5 2 13 1 0 0 7 9 67 29 12 0 0 0 1 40 19 14 1 0 0 0 15 39 0 0 0 0 0 0 22 16 1 5 139 34 0 0 0 0 33 139 139 10 0 0 0 2 104 139 34 0 0 0 3 8 9 14 6 0 0 0 13 10 0 1 112 13 0 0 86 40 57 52 82 5 0 0 118 102 139 139 8 0 0 0 12 55 32 65 22 0 0 0 0 1 0 0 10 1 0 0 120 52 2 0 13 6 0 0 98 57 75 63 8 4 0 0 20 34 63 68 16 0 0 0 0 4;
<CIRCLE 111 170 3 0 9.7731e-05>; 0 0 4 31 130 21 0 0 1 4 24 16 69 13 7 4 4 11 27 1 0 0 35 22 0 2 16 0 0 0 59 31 3 3 41 127 72 0 0 0 88 14 4 32 37 3 69 115 20 4 3 3 4 5 130 130 0 0 9 8 0 0 130 75 12 13 15 37 69 0 0 0 130 130 5 10 20 0 6 29 80 90 26 52 22 6 34 24 0 0 33 42 3 1 28 5 11 6 0 7 64 1 0 0 69 110 3 1 22 0 0 0 79 130 21 10 1 0 7 11 19 35 2 4 0 1 74 19;
<CIRCLE 110 169 2.12132 0 9.6502e-05>; 0 0 0 32 117 7 0 0 0 2 6 13 49 8 9 5 2 11 25 1 0 0 43 24 0 1 23 1 0 0 67 32 5 3 14 97 56 0 0 0 77 8 7 14 19 5 66 129 18 1 1 0 2 5 134 134 0 0 1 3 1 2 134 78 15 12 7 37 68 0 0 0 134 111 3 3 2 0 5 40 125 54 2 14 34 13 43 37 0 0 16 38 22 3 14 2 7 3 0 6 74 0 0 0 134 121 0 0 4 0 0 0 77 134 41 29 12 0 0 0 4 5 15 41 10 0 17 9;
<CIRCLE 149 150 6 0 9.02771e-05>; 0 0 11 0 0 0 17 8 40 17 16 0 0 0 10 50 31 16 2 0 0 0 17 68 0 0 0 0 0 1 38 19 0 1 137 32 0 0 3 3 28 115 137 20 0 0 9 15 133 137 51 0 0 0 6 20 12 22 10 0 0 1 14 10 4 3 91 10 0 0 137 80 22 20 61 4 0 0 137 114 137 137 8 0 0 0 30 66 44 74 24 12 0 0 0 1 37 63 1 1 1 1 62 36 3 3 0 0 0 0 87 46 36 22 1 0 0 0 43 41 19 41 37 44 12 0 1 3;
<CIRCLE 19 180 2.12132 0 8.50458e-05>; 0 7 68 6 0 0 1 2 3 33 91 0 0 0 12 10 9 55 98 0 0 0 12 7 12 63 54 0 0 0 0 0 0 1 12 3 0 0 125 117 1 3 8 1 9 16 125 125 8 5 2 7 69 85 125 25 13 21 8 0 7 6 3 4 15 14 11 2 0 0 103 125 8 15 24 68 67 12 105 90 0 2 0 104 125 29 21 3 2 4 3 4 12 1 2 5 10 23 53 29 19 11 6 6 0 28 119 73 39 0 0 0 0 5 14 84 125 0 0 0 0 11 12 3 3 0 0 0;
<CIRCLE 21 179 1.26134 0 8.30629e-05>; 1 5 13 0 0 0 4 4 12 7 10 0 0 0 18 14 28 4 6 0 0 1 12 12 32 5 1 0 0 0 0 5 0 0 0 0 0 0 130 115 1 0 0 3 20 29 130 113 12 2 0 11 97 79 98 11 23 8 5 0 6 1 2 4 5 3 3 5 0 0 130 127 0 1 3 120 130 19 110 47 13 0 0 122 130 21 10 12 11 0 0 1 6 4 9 18 4 11 34 22 1 0 0 5 0 0 8 130 130 0 0 0 28 3 0 49 130 0 0 1 18 3 2 4 4 0 0 2;
<CIRCLE 247 153 2.52269 0 7.08667e-05>; 0 0 0 4 2 3 6 0 1 0 12 4 1 3 7 3 2 1 14 2 8 11 5 1 9 1 0 0 1 1 3 9 0 0 90 91 1 2 5 0 8 15 130 130 0 0 2 5 49 123 130 17 2 1 0 13 31 47 3 0 0 0 0 1 0 0 130 130 2 0 0 0 117 55 130 130 3 0 0 19 130 89 19 3 0 0 1 67 20 117 5 0 0 0 1 1 0 0 14 20 19 6 0 0 130 39 5 11 25 4 0 14 130 40 0 0 0 1 3 28 14 19 1 0 0 1 4 7;
<CIRCLE 152 145 3 0 6.63205e-05>; 15 4 8 1 0 0 1 5 77 24 9 0 0 0 0 21 13 9 2 0 0 0 8 22 0 0 0 0 0 0 15 8 3 10 141 33 0 0 0 0 24 141 141 9 0 0 0 0 74 141 52 0 0 0 2 5 10 11 0 0 0 0 12 8 0 1 117 16 0 0 6 3 49 62 103 15 2 1 24 24 141 141 14 0 0 0 4 30 38 59 22 0 0 0 1 1 0 0 2 0 0 0 132 57 10 0 3 1 0 0 141 97 108 51 15 8 0 0 36 74 49 86 14 0 0 0 2 1;
<CIRCLE 112 171 3.56762 0 6.53809e-05>; 0 0 11 45 127 12 0 0 0 4 68 30 75 6 8 6 1 11 64 6 0 0 39 24 0 2 32 3 0 0 64 32 3 4 63 123 60 0 0 0 91 18 2 36 42 3 66 114 18 4 2 8 3 4 127 127 0 0 15 7 0 0 127 66 14 20 22 34 47 0 0 0 127 127 7 12 21 0 5 22 61 110 27 44 7 4 32 22 1 0 26 20 1 1 57 12 20 6 0 4 48 1 0 2 42 104 1 2 26 0 0 0 79 127 7 1 0 0 9 9 14 82 8 0 0 0 60 14;
<CIRCLE 249 152 1.78381 0 5.98191e-05>; 2 0 5 4 0 3 4 4 1 1 29 3 1 4 7 3 3 2 14 3 17 9 3 1 17 3 0 0 2 1 2 2 0 0 99 132 0 1 1 0 9 44 132 105 0 0 0 6 44 132 127 4 4 0 0 5 27 36 2 0 0 0 0 0 7 7 132 132 0 0 0 0 125 40 97 66 0 0 3 107 107 95 13 0 0 2 7 91 24 117 1 0 0 0 0 0 17 13 24 43 14 0 0 0 132 99 5 4 0 0 0 16 79 35 0 0 0 10 7 14 6 54 3 0 0 3 3 3;
<CIRCLE 145 151 7.13524 0 5.6343e-05>; 0 0 8 0 0 1 22 9 20 10 15 0 0 0 21 42 38 17 2 0 0 0 13 91 0 0 0 0 0 3 48 23 0 1 132 50 3 0 4 4 16 72 132 20 0 0 13 17 130 132 63 0 0 0 5 25 24 34 6 2 0 2 15 10 27 14 72 41 14 1 77 79 11 13 62 4 0 0 132 111 132 109 9 0 0 0 42 81 51 84 31 46 2 0 0 1 89 132 4 3 1 0 13 22 48 38 0 0 0 0 72 47 19 9 1 0 1 2 60 40 11 20 22 79 43 2 3 3;
<CIRCLE 18 181 2.52269 0 5.47748e-05>; 0 5 63 10 0 0 1 1 7 31 91 0 0 0 11 9 13 62 106 0 0 1 14 7 9 67 65 0 0 0 0 0 3 1 18 6 0 0 104 121 2 4 14 4 9 10 125 125 8 8 6 17 87 77 125 37 11 23 13 1 9 6 3 5 70 12 13 10 1 0 68 125 11 34 59 60 42 5 73 87 1 4 7 117 125 17 18 5 1 6 8 4 11 1 1 3 35 7 19 56 53 36 54 30 1 29 125 70 39 5 0 0 1 8 43 96 71 2 9 2 1 12 14 3 2 1 7 2;
<CIRCLE 154 155 2.12132 0 5.19047e-05>; 0 4 129 17 1 0 0 0 59 135 106 7 1 0 0 0 135 135 5 0 0 0 0 0 13 26 5 0 0 0 0 2 0 2 7 4 6 1 17 7 111 23 1 3 6 1 33 56 135 84 2 0 0 0 2 42 35 52 23 0 0 0 1 1 0 0 1 0 0 0 135 79 15 0 1 1 0 0 135 135 102 55 27 10 1 0 26 73 35 128 29 2 0 0 2 1 0 0 22 6 0 0 43 17 0 0 35 19 0 0 23 8 4 6 29 45 3 0 3 2 108 50 8 8 0 0 0 6;
<CIRCLE 197 169 3 0 4.35641e-05>; 0 2 29 1 0 0 22 4 0 0 21 20 0 0 28 7 0 0 38 26 2 6 20 7 0 8 60 61 7 7 2 0 0 13 20 15 5 0 13 3 0 0 94 154 42 0 13 2 0 0 154 154 4 0 2 1 0 0 154 154 1 0 1 1 0 30 96 58 27 0 0 0 0 1 30 154 154 4 1 0 12 3 75 67 27 5 3 8 8 2 24 8 0 0 5 10 0 3 11 84 50 1 1 0 0 0 3 123 129 4 1 0 8 9 3 16 15 5 2 1 7 13 7 0 0 0 0 0;
<CIRCLE 152 144 2.12132 0 4.33484e-05>; 37 15 11 1 0 0 0 1 66 31 16 0 0 0 0 9 16 12 4 0 0 0 2 12 0 0 0 0 0 0 10 5 5 26 152 25 0 0 0 0 11 152 152 5 0 0 0 0 58 152 69 0 0 0 0 2 18 18 0 0 0 0 5 9 0 2 127 18 1 0 0 0 32 76 125 19 5 0 0 0 152 152 17 0 0 0 0 1 77 86 7 0 0 0 0 1 0 1 5 1 1 0 24 12 24 3 0 2 7 2 61 46 152 34 1 0 0 0 17 79 91 55 14 0 0 0 0 4;
<CIRCLE 114 172 5.04538 0 4.03101e-05>; 0 0 22 72 60 0 0 0 0 1 126 65 47 1 4 3 0 2 126 25 0 0 25 16 0 5 126 15 0 0 46 23 1 4 108 95 49 0 0 0 63 22 13 53 60 4 62 85 11 7 13 7 1 2 126 106 0 0 14 2 0 0 126 62 18 25 44 30 18 0 0 0 117 126 8 18 20 0 5 17 58 126 12 14 2 2 51 26 2 7 10 2 0 1 79 29 35 5 1 5 19 0 0 0 20 71 0 5 25 0 0 0 41 126 8 0 0 0 6 4 20 83 3 0 0 1 26 5;
<CIRCLE 109 168 1.26134 0 4.00248e-05>; 3 11 3 6 55 7 0 0 0 0 13 19 51 4 8 4 0 3 32 3 0 0 51 22 0 0 23 2 0 0 85 34 3 23 31 19 24 1 0 0 60 0 3 8 31 7 61 145 18 0 0 0 0 5 145 145 0 0 0 0 1 9 145 100 16 32 15 5 4 0 0 0 145 68 2 0 0 0 3 69 145 37 0 0 4 22 52 61 0 1 0 1 32 42 21 3 15 17 1 1 6 0 0 0 145 111 0 0 0 0 0 0 145 100 0 0 11 5 2 2 5 1 0 8 66 12 0 0;
<CIRCLE 196 168 1.78381 0 3.81925e-05>; 0 1 3 0 0 0 34 4 0 0 12 11 0 1 36 5 0 0 66 20 1 3 17 3 0 0 68 28 3 3 2 0 0 7 25 16 6 1 3 0 0 0 76 160 27 0 1 0 0 2 160 160 2 0 0 0 0 1 160 85 0 0 0 0 0 9 28 62 67 3 7 0 0 0 10 160 160 1 0 0 2 16 57 88 19 0 1 0 4 2 39 14 1 0 3 13 0 15 54 86 68 0 0 0 0 0 1 113 160 5 4 1 6 4 0 2 11 17 15 2 17 4 0 0 0 1 0 3;
<CIRCLE 155 156 1.06066 0 3.45591e-05>; 38 2 0 0 13 1 0 1 122 9 0 0 0 0 0 3 156 27 0 0 0 0 0 26 66 30 8 0 0 6 4 19 26 3 0 1 14 2 40 40 103 2 0 0 0 0 54 104 156 21 3 0 0 0 9 88 80 33 29 0 0 15 7 19 1 0 0 0 1 1 156 118 8 0 0 0 0 1 156 146 105 36 25 5 2 1 48 84 17 94 133 14 7 2 0 0 0 0 8 3 0 0 55 17 0 0 8 11 2 1 32 7 0 0 8 18 6 1 7 1 0 17 16 14 37 16 0 0;
<CIRCLE 119 174 7.13524 0 3.32001e-05>; 0 0 21 80 22 4 0 0 0 1 124 82 11 0 4 3 3 20 124 21 0 0 16 14 70 124 75 1 0 0 7 19 1 3 124 124 25 0 0 0 49 31 60 81 31 2 58 79 11 9 45 3 0 0 124 108 83 40 7 0 0 0 64 82 13 21 80 35 2 0 0 0 113 124 16 9 4 0 5 16 110 111 0 0 0 0 55 45 12 2 0 0 0 1 71 39 10 2 1 2 2 0 0 0 29 36 0 1 4 0 0 0 67 45 0 0 0 0 1 2 7 1 0 0 0 1 10 2;
<CIRCLE 250 152 1.78381 0 3.22274e-05>; 2 0 8 4 0 3 4 5 0 1 32 2 3 5 9 2 6 2 10 2 17 9 2 1 17 3 0 0 0 0 3 3 0 0 132 134 0 0 0 0 16 75 134 68 0 0 0 8 46 134 84 4 4 0 0 4 28 27 0 0 0 0 0 0 22 11 134 134 0 0 0 3 134 48 80 38 0 0 5 134 97 118 6 0 0 2 6 59 20 114 2 0 0 0 0 0 44 26 21 37 12 0 0 0 134 103 2 0 0 0 1 21 46 29 0 0 0 12 8 10 6 67 5 0 0 1 2 4;
<CIRCLE 177 165 14.2705 0 2.86634e-05>; 10 7 13 4 0 5 32 32 68 17 3 0 0 1 22 99 5 0 0 1 1 31 87 16 0 0 2 1 2 28 65 0 29 50 126 78 1 2 5 30 126 126 48 14 0 0 10 60 21 28 126 126 3 13 39 7 6 53 126 58 1 10 26 0 126 34 37 22 0 0 2 53 101 31 17 40 31 0 4 87 9 14 103 126 99 0 0 0 93 72 94 41 5 0 0 0 19 1 0 0 0 0 0 0 7 0 0 0 6 0 0 1 0 0 0 2 18 0 0 0 11 0 0 0 1 0 0 0;
<CIRCLE 103 152 4.24264 0 2.75735e-05>; 0 0 0 2 5 14 1 0 0 0 20 10 2 8 4 0 2 1 42 4 0 2 2 6 0 0 51 5 0 0 3 3 0 0 4 59 23 4 0 0 0 0 106 135 65 0 0 0 0 2 135 67 10 0 0 0 0 1 135 38 0 0 0 1 0 0 94 73 15 0 0 0 1 0 36 125 135 2 0 1 6 3 71 41 67 5 59 59 1 3 49 3 0 0 130 70 0 7 135 50 0 0 0 0 19 16 66 106 26 0 0 3 122 65 4 16 9 1 53 92 7 11 7 12 2 3 102 46;
<CIRCLE 113 179 1.78381 0 2.73409e-05>; 134 53 4 3 3 0 0 13 139 72 0 0 8 9 27 49 8 2 5 11 54 20 26 7 0 0 19 24 4 0 5 1 109 61 0 1 8 0 0 0 139 139 15 8 8 0 0 0 18 38 30 87 71 1 0 0 0 0 32 46 7 1 10 2 57 17 0 0 9 0 0 0 91 139 38 2 0 0 0 0 67 139 71 39 4 0 9 28 15 6 4 10 0 2 93 48 29 7 0 0 7 0 0 0 30 51 3 0 0 0 0 0 105 139 2 0 0 0 1 6 40 139 1 0 0 1 18 11;
<CIRCLE 101 151 3 0 2.72194e-05>; 0 0 1 4 12 8 0 0 3 4 34 17 9 1 0 2 3 8 43 7 6 1 0 4 2 3 50 9 0 0 0 1 0 0 2 74 28 2 0 0 0 3 120 132 73 12 0 0 0 13 145 60 16 2 0 0 0 1 145 53 0 0 0 0 0 0 16 57 16 7 2 0 0 0 11 53 145 49 1 0 2 3 73 36 133 27 1 1 6 12 62 6 1 0 12 11 0 3 145 23 2 0 0 0 0 1 60 141 101 1 0 0 39 6 4 47 70 5 38 62 12 4 4 1 2 2 145 105;
<CIRCLE 198 171 4.24264 0 2.52619e-05>; 1 8 26 1 0 0 2 3 0 0 23 30 3 2 3 0 0 5 57 51 3 3 1 0 0 7 132 59 0 0 0 0 7 33 45 23 2 0 3 4 0 1 93 149 37 1 2 1 0 1 149 149 5 0 0 0 0 0 149 143 1 1 0 0 0 29 71 71 20 0 0 0 0 1 27 149 149 0 0 0 11 11 54 64 32 0 0 2 2 4 16 14 6 3 1 1 0 1 1 92 72 4 1 0 0 0 0 122 105 2 0 0 8 9 3 8 16 3 11 29 1 3 5 7 7 22 23 11;
<CIRCLE 100 150 2.12132 0 2.21741e-05>; 1 3 4 12 21 1 0 0 3 10 65 28 5 0 0 0 5 21 63 12 6 0 0 1 2 8 51 13 0 0 0 1 0 0 2 98 35 1 0 0 0 2 131 150 70 11 0 0 0 25 153 54 12 2 0 0 0 6 153 55 0 0 0 0 0 0 1 58 21 12 8 2 0 0 10 40 153 105 3 0 0 0 93 42 138 66 0 0 5 5 96 12 6 5 0 5 0 0 23 10 13 3 5 1 0 0 4 59 153 9 0 0 0 0 0 30 153 22 0 0 2 7 15 9 21 4 13 9;
<CIRCLE 189 175 2.12132 0 2.17544e-05>; 1 13 13 0 0 0 2 2 0 7 22 8 6 0 5 0 0 1 44 143 41 0 2 0 0 0 143 143 5 0 0 0 0 45 112 0 0 0 0 1 0 35 109 61 32 0 2 0 0 0 15 143 143 1 0 0 4 4 38 92 45 3 3 1 0 11 37 1 0 7 8 1 0 18 59 74 74 2 4 1 1 0 7 143 143 3 2 1 5 1 0 9 29 16 14 3 0 5 4 14 5 2 2 0 0 0 2 143 72 1 1 0 2 3 1 116 95 0 1 0 4 4 2 22 17 1 0 0;
<CIRCLE 113 180 1.5 0 2.09425e-05>; 135 80 0 0 0 0 0 0 135 108 0 2 14 6 1 2 8 3 2 19 86 13 0 0 0 1 20 20 12 0 0 0 110 58 0 0 0 0 0 0 135 135 24 11 6 0 0 0 11 42 43 106 57 0 0 1 0 0 28 45 10 0 12 8 53 16 0 0 0 0 0 1 55 135 45 2 0 0 0 0 78 135 78 33 1 0 7 29 23 11 2 9 0 0 78 69 29 7 0 0 0 0 0 1 19 31 2 0 0 0 0 2 96 135 1 0 0 0 0 5 52 135 0 0 0 0 11 10;
<CIRCLE 114 178 2.52269 0 2.08162e-05>; 37 11 10 44 29 1 4 19 83 12 1 1 6 5 133 133 1 0 3 6 7 5 133 69 0 0 11 9 0 0 94 37 84 42 3 14 50 0 0 2 133 133 9 10 14 3 9 20 9 18 25 67 42 5 11 3 0 0 39 36 0 0 15 2 37 15 0 4 57 0 0 0 108 133 28 6 1 0 0 0 69 125 31 30 5 0 34 33 3 5 4 5 0 2 114 21 13 5 0 1 45 1 0 0 32 68 3 0 0 0 0 0 65 133 6 0 0 0 3 5 7 131 14 0 0 1 18 3;
<CIRCLE 117 184 1.06066 0 1.81298e-05>; 43 136 52 20 3 0 0 0 0 9 46 107 18 0 1 2 0 0 18 49 5 0 14 20 0 0 13 13 2 1 46 15 14 136 76 2 0 0 0 0 96 107 65 23 0 0 8 45 26 8 1 7 0 0 92 126 0 0 0 0 0 4 117 36 21 52 4 0 0 0 0 1 136 136 1 0 0 0 0 11 92 136 0 0 0 0 21 27 3 17 2 0 0 6 30 2 1 7 2 0 1 0 0 0 39 125 0 0 0 0 0 0 68 136 0 0 0 0 0 0 8 121 5 0 0 0 0 0;
<CIRCLE 99 150 1.78381 0 1.7133e-05>; 1 3 4 16 27 1 0 0 3 12 78 37 5 0 0 0 2 25 87 20 5 0 0 0 4 26 55 7 0 0 0 0 0 0 2 103 30 1 0 0 0 2 91 147 81 16 0 0 0 25 147 58 18 5 0 0 0 13 147 40 0 0 0 0 0 0 1 57 12 7 12 10 0 0 6 31 147 135 6 3 0 0 69 37 144 111 0 0 2 4 87 13 14 15 0 1 0 0 2 4 6 5 7 4 0 0 0 37 147 14 0 1 0 0 0 22 147 35 0 0 1 2 5 6 43 15 0 1;
<CIRCLE 18 190 2.52269 0 1.62539e-05>; 8 1 5 2 0 0 100 120 4 3 4 9 14 9 120 120 3 2 0 32 110 62 105 25 5 9 6 1 10 5 3 5 85 16 21 18 5 4 41 102 8 44 97 70 43 2 26 43 0 5 15 120 120 4 4 2 1 8 12 4 9 0 0 1 23 5 20 120 95 54 81 32 4 28 120 99 57 8 1 2 3 11 57 107 51 6 30 9 2 15 15 4 2 5 22 5 0 0 7 120 39 3 5 0 11 3 9 41 16 0 2 6 5 1 2 3 1 5 50 17 0 0 0 0 0 14 37 4;
<CIRCLE 188 174 3 0 1.62511e-05>; 8 13 9 0 0 0 20 3 0 7 13 4 0 0 32 7 0 0 50 96 3 0 28 5 0 0 141 85 1 1 7 2 7 52 92 0 0 0 0 0 0 40 98 50 19 0 0 0 0 1 63 141 141 1 0 0 4 1 141 133 18 1 0 4 2 21 43 0 0 1 2 2 0 21 75 91 57 2 2 0 0 1 13 141 141 6 2 0 11 5 3 15 23 9 4 4 0 11 4 8 3 4 3 0 0 1 2 141 89 1 0 0 0 0 1 117 82 5 4 0 6 6 2 15 15 4 0 1;
<CIRCLE 179 170 10.0908 0 1.38377e-05>; 26 50 83 4 0 0 10 34 52 68 8 0 0 1 32 62 1 1 4 5 1 19 75 5 0 0 18 11 0 22 57 0 50 66 120 7 0 0 72 83 134 134 29 21 0 0 13 38 6 21 134 134 6 3 5 0 12 18 134 134 1 2 4 0 98 40 0 0 0 0 66 71 42 28 16 54 46 4 36 39 2 7 59 134 118 1 0 1 50 11 63 66 21 3 1 1 29 7 0 0 0 0 1 2 1 0 0 2 18 1 3 1 0 0 0 7 34 0 0 0 8 0 0 0 6 1 0 0;
<CIRCLE 197 168 2.52269 0 1.24718e-05>; 0 1 23 1 0 0 33 6 0 0 14 12 0 0 38 10 0 0 27 13 1 4 19 11 0 2 37 43 9 13 2 0 0 6 21 12 6 0 15 2 0 1 102 155 28 0 13 1 0 0 155 155 2 0 2 0 0 0 155 155 1 0 0 2 0 24 74 64 42 0 2 0 0 1 29 155 155 2 2 0 10 5 96 69 15 3 4 6 7 1 36 13 0 0 5 17 0 8 29 65 62 2 3 0 2 1 3 98 151 5 4 1 12 5 0 8 15 11 7 2 16 7 2 0 0 0 0 1;
<CIRCLE 98 150 1.5 0 1.21704e-05>; 1 2 2 20 32 2 0 0 3 12 74 49 10 0 0 0 0 22 117 25 1 0 0 0 5 43 59 3 0 0 0 0 0 0 6 103 25 0 0 0 0 1 49 142 99 16 0 0 0 22 143 76 31 12 0 0 0 18 143 33 0 0 0 0 0 0 3 55 10 2 12 19 0 0 3 20 131 143 9 8 0 0 46 31 143 143 0 0 0 2 71 16 22 37 0 0 0 0 1 2 2 3 10 10 0 0 1 31 117 19 2 2 0 0 0 27 143 46 0 0 0 0 0 1 58 37 0 0;
<CIRCLE 122 184 4.24264 0 1.17277e-05>; 44 12 9 59 51 2 18 44 33 9 3 5 3 2 143 128 0 0 11 6 0 1 143 75 0 0 13 2 0 0 100 47 97 114 7 25 24 0 0 10 116 143 17 14 2 2 27 29 14 13 16 15 2 2 98 29 0 0 10 1 0 0 78 44 20 55 1 9 49 0 0 0 88 143 4 0 0 0 2 4 46 143 14 0 0 0 49 19 13 33 0 0 0 5 72 12 2 3 0 3 15 0 0 0 12 70 1 0 0 0 0 0 31 139 5 0 0 0 0 0 19 27 0 0 0 0 2 1;
<CIRCLE 186 174 5.04538 0 1.16375e-05>; 109 119 11 0 0 0 2 11 6 17 34 3 0 0 4 4 0 0 35 44 4 3 3 0 0 8 84 58 1 2 1 0 117 101 14 1 0 0 10 26 22 63 79 51 8 0 3 4 0 2 137 138 64 1 2 0 2 1 138 138 4 0 0 0 17 18 7 0 0 2 28 22 2 28 55 123 56 1 2 0 1 2 18 138 138 1 0 0 8 14 19 18 12 2 5 7 0 0 0 0 5 16 44 0 0 0 0 87 115 12 6 0 3 0 0 69 71 3 0 6 12 2 1 1 8 15 27 45;
<CIRCLE 20 191 1.78381 0 1.11708e-05>; 18 26 17 2 0 0 61 99 3 6 21 114 107 7 48 39 6 4 0 106 121 10 6 2 5 3 2 3 4 1 4 5 3 72 114 19 5 2 0 0 0 19 99 119 121 2 0 0 7 11 5 64 121 10 0 0 6 14 11 5 2 0 0 0 0 35 121 78 89 25 2 0 3 23 121 87 19 3 2 2 8 20 38 121 53 11 12 4 8 26 17 2 0 1 8 3 8 3 13 95 45 1 0 1 26 5 18 4 2 7 18 27 4 1 2 6 4 20 121 26 3 2 2 0 0 21 87 10;
<CIRCLE 95 163 4.24264 0 1.03462e-05>; 0 0 3 15 4 6 2 0 0 0 10 73 32 2 0 0 0 0 125 86 26 0 0 0 0 1 125 30 0 0 0 0 0 0 92 60 0 0 0 0 0 0 70 101 73 0 0 0 1 0 44 106 125 3 6 8 2 4 83 17 12 2 62 48 0 0 125 78 0 0 0 0 1 12 125 91 9 0 0 0 67 31 31 113 45 1 8 31 77 42 4 5 3 2 104 110 1 2 45 63 0 0 0 0 26 31 32 19 8 0 0 0 42 61 5 18 39 0 0 0 77 125 6 3 0 0 2 4;
<CIRCLE 183 173 8.48528 0 9.35693e-06>; 58 136 76 1 0 0 2 20 58 75 3 1 0 1 23 24 0 1 17 19 2 14 36 1 0 0 53 30 0 13 29 0 99 71 30 0 0 0 65 94 135 137 36 49 1 0 2 16 0 8 137 137 8 0 0 0 3 6 137 137 1 0 0 0 39 6 0 0 0 1 65 60 23 25 21 90 75 4 15 16 0 1 40 137 122 0 0 2 16 4 42 53 22 3 1 2 14 1 0 0 0 0 3 3 0 0 0 5 33 2 2 0 0 0 0 8 39 0 0 1 3 0 0 0 7 1 0 1;
<CIRCLE 200 175 7.13524 0 8.50414e-06>; 62 86 5 0 0 0 6 9 0 4 20 28 3 6 10 1 0 0 88 49 1 6 11 0 0 7 130 70 1 6 11 0 103 111 24 16 0 0 2 13 2 17 111 147 22 0 0 0 0 1 147 147 5 0 0 0 46 23 147 139 5 0 0 0 15 19 15 41 39 7 20 11 1 4 23 147 147 0 0 2 5 3 34 66 35 7 6 14 81 11 6 24 28 3 0 0 0 0 0 4 27 5 4 0 1 0 0 20 59 0 0 1 3 0 0 1 11 5 3 8 18 2 0 1 12 2 0 0;
<CIRCLE 50 175 8.48528 0 7.72641e-06>; 98 42 3 0 0 0 0 4 105 58 2 0 0 0 0 16 27 13 25 13 3 7 7 16 0 0 27 97 19 12 4 0 24 139 39 0 1 2 8 22 23 139 120 11 1 1 1 0 6 39 139 139 0 0 0 0 4 8 139 139 15 0 0 1 6 15 7 15 64 16 42 60 5 91 70 50 40 3 2 0 1 14 125 139 49 0 0 0 14 36 122 58 3 0 0 0 0 0 0 3 20 1 2 0 2 3 0 5 11 0 0 0 0 0 0 11 21 0 0 0 4 2 0 2 1 0 0 0;
<CIRCLE 98 149 1.26134 0 7.24984e-06>; 3 4 3 18 33 2 0 0 5 11 80 47 8 0 0 0 0 21 101 24 1 0 0 0 10 38 31 6 0 0 0 0 0 0 11 83 29 0 0 0 0 2 56 134 85 0 0 0 0 39 137 60 11 0 0 0 2 27 137 22 0 0 0 0 1 2 9 52 11 4 7 20 0 0 10 45 137 137 4 5 0 1 105 50 101 137 1 0 0 1 137 23 14 25 1 0 1 0 1 2 0 2 11 24 0 0 0 14 86 74 6 3 0 0 0 10 137 110 1 0 0 0 0 0 40 57 2 0;
<CIRCLE 95 164 3 0 6.68785e-06>; 0 0 11 52 4 0 0 0 0 0 3 77 48 11 1 0 0 1 82 69 126 30 0 0 1 3 126 27 15 4 0 0 0 0 88 41 1 0 0 0 0 1 81 46 46 9 2 0 0 0 9 90 126 22 0 1 3 5 8 14 52 8 36 32 0 2 126 68 0 0 0 0 1 14 126 56 8 0 0 0 25 12 41 126 77 0 0 4 126 36 3 13 10 2 69 121 5 6 51 52 5 0 0 0 34 35 33 8 8 0 0 0 25 18 3 21 92 0 0 0 126 126 7 4 8 0 0 3;
<CIRCLE 162 170 1.78381 0 6.52655e-06>; 1 0 27 31 2 0 30 14 23 59 39 59 37 0 1 2 147 147 10 5 5 0 1 12 41 44 16 0 0 0 11 6 0 0 87 72 0 1 10 1 74 8 68 83 7 0 24 37 147 48 15 5 1 0 2 84 59 37 63 0 0 2 8 16 0 0 16 19 1 4 147 40 26 1 8 8 0 0 147 141 129 58 35 0 0 0 38 87 7 50 147 0 0 1 1 0 1 0 0 0 0 7 58 14 10 7 0 0 0 1 30 23 4 6 6 1 0 1 10 7 3 2 7 0 0 1 3 4;
<CIRCLE 147 137 4.24264 0 6.51831e-06>; 0 0 0 0 0 1 25 3 33 0 0 0 0 0 13 51 35 0 0 0 0 0 8 81 0 0 0 0 0 0 26 30 0 1 38 4 0 0 8 6 56 38 60 3 0 0 3 28 65 72 21 0 0 0 6 49 4 5 0 0 0 0 25 25 0 0 148 41 0 0 0 0 7 69 148 31 0 0 3 3 129 148 128 0 0 0 1 9 58 77 6 0 0 0 7 7 0 1 66 7 0 0 88 43 4 6 50 5 0 0 148 78 148 84 12 1 0 0 54 101 89 104 8 0 0 0 0 3;
<CIRCLE 167 170 2.12132 0 6.31276e-06>; 27 58 44 42 5 0 14 25 145 145 33 9 1 0 3 4 62 56 10 0 0 2 35 6 0 12 14 0 0 1 46 3 27 8 62 80 3 1 21 19 145 74 17 12 0 0 5 62 128 67 79 0 0 1 1 12 3 37 57 0 0 0 1 6 10 0 6 8 0 1 145 94 129 48 22 0 0 0 47 116 20 77 145 0 0 0 1 2 0 76 145 0 0 0 2 1 4 1 0 0 0 2 27 15 5 7 7 0 0 0 6 10 6 10 10 0 0 0 2 6 2 8 13 0 0 6 10 5;
<CIRCLE 153 143 1.06066 0 6.06609e-06>; 26 39 37 1 2 0 0 1 7 20 42 2 5 0 0 6 11 17 5 0 0 0 1 10 3 1 0 0 0 0 2 1 0 51 143 10 0 0 0 0 1 143 143 2 0 0 0 0 30 143 53 0 0 0 1 0 17 24 0 0 0 4 5 1 0 4 110 29 0 0 0 0 20 129 98 5 0 0 0 0 143 143 11 0 0 0 0 0 89 85 0 0 0 1 0 0 2 1 4 19 11 0 0 0 41 24 4 3 1 0 0 0 143 125 0 0 0 0 0 0 126 119 1 0 0 0 0 0;
<CIRCLE 51 177 5.04538 0 5.8933e-06>; 39 65 23 1 0 0 0 2 52 76 31 1 0 0 0 2 8 33 111 12 0 0 1 2 0 0 103 55 1 1 1 0 12 128 100 0 6 11 12 3 22 128 128 15 3 0 0 0 3 18 128 128 20 0 0 0 0 0 128 117 0 0 0 0 8 37 21 46 58 22 14 1 84 104 30 38 19 0 0 0 8 11 46 128 100 0 0 0 2 2 75 123 3 0 0 0 2 5 6 23 5 5 8 1 12 39 9 17 13 0 0 0 0 4 11 63 76 0 0 0 4 0 9 29 6 0 0 0;
<CIRCLE 147 138 3 0 5.84424e-06>; 0 0 0 0 0 0 11 7 54 0 0 0 0 0 6 32 53 0 0 0 0 0 5 54 0 0 0 0 0 0 19 22 1 1 27 4 0 0 2 3 77 37 51 3 0 0 0 12 76 64 37 0 0 0 1 29 7 10 1 0 0 0 16 17 0 0 155 52 0 0 0 0 6 47 155 40 0 0 0 0 72 155 155 5 0 0 0 0 83 139 5 0 0 0 4 6 0 1 84 11 0 0 10 5 0 3 73 11 1 0 39 18 155 92 28 5 1 1 38 62 155 114 8 0 0 0 0 14;
<CIRCLE 96 165 2.52269 0 5.15215e-06>; 0 0 12 59 3 1 3 0 0 0 0 36 57 24 8 2 0 0 25 31 128 67 0 0 2 2 58 12 29 15 0 2 0 3 115 17 0 1 4 0 0 2 102 57 60 2 3 0 0 0 12 118 128 7 0 0 3 3 9 22 61 9 37 37 0 9 128 47 0 0 0 0 2 16 128 60 13 0 0 0 16 11 39 128 93 0 0 1 128 44 7 13 9 2 51 112 16 13 55 36 1 1 0 2 38 31 22 4 14 0 0 0 17 10 2 18 121 0 0 0 128 123 3 2 8 0 0 1;
<CIRCLE 59 174 2.12132 0 4.86638e-06>; 2 18 35 8 1 0 0 0 0 8 64 44 2 0 0 0 0 16 131 35 0 0 0 0 0 1 131 42 0 0 0 0 5 74 90 16 1 0 0 1 0 7 107 131 39 1 0 0 0 25 131 89 10 1 0 0 0 12 131 50 2 0 0 0 43 31 11 8 15 3 2 51 1 3 16 90 131 20 2 4 0 20 111 43 69 46 23 0 0 13 131 27 27 18 7 1 40 18 5 30 23 0 0 10 0 0 9 131 131 1 0 0 0 7 82 62 25 6 3 0 0 3 27 38 24 7 2 1;
<CIRCLE 147 139 2.52269 0 4.57602e-06>; 2 0 0 0 0 1 4 6 66 0 0 0 0 1 2 24 57 0 0 0 0 0 1 43 1 0 0 0 0 0 15 18 1 2 33 7 0 0 0 1 79 43 63 5 0 0 0 5 73 71 63 0 0 0 0 15 12 17 3 0 0 0 8 14 0 0 160 56 0 0 0 0 4 37 160 44 0 0 0 0 50 160 160 8 0 0 0 0 102 160 14 0 0 0 1 5 0 1 74 10 0 0 5 1 0 3 60 12 5 0 7 3 126 74 26 8 7 1 14 25 160 122 4 0 0 0 0 14;
<CIRCLE 52 175 7.13524 0 3.50722e-06>; 81 70 4 0 0 0 0 2 74 63 7 0 0 0 0 7 21 14 40 13 1 4 4 9 0 0 26 88 25 8 1 0 16 138 48 0 3 5 13 16 17 138 138 17 1 0 0 0 2 25 138 138 1 0 0 0 0 2 138 138 16 0 0 0 5 26 13 57 74 21 35 43 19 116 58 63 24 1 0 0 0 9 98 138 45 0 0 0 15 19 119 70 3 0 0 0 0 0 0 23 29 1 1 0 6 9 2 11 11 0 0 0 0 0 1 30 31 0 0 0 11 3 1 5 3 0 0 0;
<CIRCLE 148 140 1.78381 0 3.33529e-06>; 7 1 1 1 0 0 0 1 103 2 0 0 0 0 0 11 46 0 0 0 0 0 1 14 10 0 0 0 0 0 4 11 4 7 47 12 0 0 0 0 81 74 82 2 0 0 0 2 36 74 102 0 0 0 0 5 18 34 10 0 0 0 1 9 0 1 157 48 0 0 0 0 1 40 157 35 0 0 0 0 16 157 157 7 0 0 0 0 92 157 31 0 0 0 0 1 0 4 69 7 0 0 1 0 0 2 58 17 8 0 0 0 59 67 35 11 6 0 0 0 157 157 1 0 0 0 0 1;
<CIRCLE 67 174 1.06066 0 3.12815e-06>; 0 6 66 11 0 46 57 0 0 0 56 10 1 47 65 0 0 0 39 10 3 23 41 0 0 0 23 6 0 15 33 1 0 107 136 6 2 14 11 0 0 118 136 14 6 37 21 0 0 24 136 58 20 21 12 1 2 43 121 5 0 7 23 8 1 43 96 5 8 42 70 0 9 117 136 11 1 14 52 3 0 29 136 74 15 10 2 0 0 53 136 5 1 0 3 0 1 12 11 1 0 33 75 4 1 5 11 5 29 63 87 3 1 0 4 6 72 46 11 5 3 2 13 1 2 4 45 19;
<CIRCLE 187 188 1.26134 0 2.15448e-06>; 0 1 1 2 4 5 3 0 6 2 12 25 7 0 3 6 0 0 4 155 155 1 1 1 3 0 0 56 105 0 0 4 0 2 8 15 18 0 0 0 1 1 67 155 116 2 0 0 0 0 54 155 72 5 5 0 3 10 12 38 21 5 2 2 0 3 25 27 27 0 0 0 0 0 4 155 155 8 0 0 5 5 7 57 81 24 22 5 2 3 2 2 3 32 39 9 0 1 8 88 49 5 0 0 8 1 2 155 138 0 0 2 24 16 3 22 10 0 0 3 17 6 0 0 0 1 8 5;
<CIRCLE 21 165 3 0 1.77604e-06>; 13 16 10 0 0 0 0 0 49 56 23 0 0 0 0 0 29 42 49 2 0 0 1 10 27 12 22 5 0 0 3 9 1 17 109 10 0 0 0 0 78 84 76 2 0 0 0 4 92 62 47 0 0 0 1 26 13 28 28 0 0 0 3 11 1 17 126 12 0 0 9 8 27 113 126 0 0 2 43 23 22 126 126 0 0 4 15 5 1 117 126 0 0 0 0 0 9 3 22 3 0 0 126 126 4 9 15 16 54 51 126 126 11 30 9 13 76 61 53 8 9 36 45 0 0 0 0 4;
<CIRCLE 50 190 5.04538 0 1.66457e-06>; 14 127 87 0 2 8 11 3 15 127 127 8 1 0 0 0 2 23 127 111 13 0 0 0 0 0 127 101 0 0 0 0 6 48 30 54 75 34 24 4 99 127 46 31 15 0 0 0 15 18 59 127 112 0 0 0 1 1 107 127 4 0 0 0 3 8 13 51 15 7 13 2 25 69 15 24 15 1 1 1 1 11 21 117 126 0 0 0 4 1 19 56 12 0 0 0 0 0 0 0 0 0 0 0 0 0 0 0 0 0 0 0 0 0 0 0 4 0 0 0 0 0 0 0 0 0 0 0;
<CIRCLE 97 166 1.5 0 1.29394e-06>; 0 0 6 2 4 6 6 0 0 0 5 27 94 10 2 0 0 1 1 60 135 3 0 0 0 1 1 8 91 18 0 0 0 13 135 15 0 1 1 0 0 0 135 108 75 3 1 0 0 11 28 135 135 0 0 0 1 20 30 30 86 7 1 3 0 17 135 35 0 0 0 0 4 14 135 67 20 0 0 0 0 7 41 135 135 0 0 0 40 36 48 26 16 1 1 11 10 24 52 15 0 0 0 0 37 18 16 6 24 0 0 0 4 2 3 25 135 0 0 0 46 39 5 7 20 0 0 0;
<CIRCLE 51 191 4.24264 0 1.0154e-06>; 4 127 108 0 4 6 1 0 34 125 127 16 4 0 0 0 3 13 127 127 35 0 0 0 0 0 127 110 2 0 0 0 21 54 18 23 32 7 1 0 116 120 23 46 21 0 0 0 7 11 32 127 127 0 0 0 0 0 74 127 7 0 0 0 7 18 4 12 4 8 13 2 22 79 21 33 21 0 0 1 0 6 18 124 127 0 0 0 0 0 23 56 18 0 0 0 0 0 0 0 0 0 0 0 0 0 0 0 1 0 0 0 0 0 0 1 8 0 0 0 0 0 0 0 1 0 0 0;
<CIRCLE 68 177 2.52269 0 9.6833e-07>; 0 7 72 49 1 0 0 0 0 8 130 49 0 0 0 0 0 0 130 55 2 0 0 0 0 0 130 54 2 0 0 0 0 6 84 111 81 9 1 1 0 36 130 53 18 14 7 0 0 11 130 51 7 3 1 0 0 0 130 130 6 2 0 0 0 1 16 101 130 11 2 1 0 8 73 48 44 29 13 0 0 8 76 39 29 16 9 5 0 1 38 56 26 13 2 0 0 2 16 105 118 0 0 0 0 18 69 39 8 0 0 0 0 5 36 55 6 0 0 0 1 0 12 57 10 0 0 0;
<CIRCLE 29 170 1.5 0 9.26361e-07>; 87 30 8 0 0 0 0 15 30 27 46 1 0 0 0 3 1 10 59 6 2 0 0 0 7 22 16 2 1 0 0 0 17 94 140 0 0 0 0 0 13 71 140 5 0 0 0 0 29 140 140 2 0 0 0 0 1 71 74 0 0 0 0 0 44 35 108 0 0 0 13 17 105 51 76 0 0 0 0 13 73 136 78 0 0 0 0 2 0 51 140 0 0 0 0 0 19 1 0 6 71 89 140 28 48 25 12 0 12 7 4 7 4 25 77 0 0 0 4 3 0 6 89 0 0 0 5 5;
<CIRCLE 20 166 3 0 8.94881e-07>; 8 14 14 0 0 0 0 0 38 51 28 0 0 0 0 0 34 46 38 1 0 0 0 10 20 9 20 3 0 0 4 12 0 12 111 10 0 0 0 0 64 79 85 3 0 0 0 2 97 77 61 0 0 0 0 20 10 35 41 0 0 0 3 9 0 11 122 13 0 0 14 13 16 88 123 0 0 3 67 37 19 123 123 0 0 10 29 8 2 121 123 0 0 0 0 0 17 3 14 2 0 0 121 123 4 6 11 20 50 40 123 123 8 15 3 22 106 69 68 11 8 27 29 0 0 0 0 4;
<CIRCLE 239 5 1.26134 0 8.02415e-07>; 0 0 0 1 7 6 19 6 6 1 2 0 0 0 21 28 9 3 17 16 7 0 0 4 0 4 14 33 8 0 0 0 0 0 23 45 7 8 95 34 6 9 124 137 11 0 54 41 19 55 137 126 8 0 0 4 0 7 94 137 32 7 0 0 0 0 78 137 24 16 14 7 5 5 65 137 36 40 101 37 54 53 67 38 4 19 82 61 4 4 10 27 24 50 55 34 0 0 5 38 26 59 27 11 0 0 0 14 20 31 90 61 8 0 0 0 17 44 83 42 27 0 0 0 2 43 24 88;
<CIRCLE 87 175 5.04538 0 7.39773e-07>; 1 6 60 16 0 1 1 1 0 0 62 73 9 1 0 0 0 0 46 116 125 1 0 0 0 2 125 50 45 1 18 14 0 1 125 77 3 0 0 0 0 4 125 108 0 0 0 0 15 16 125 125 60 0 0 3 92 47 6 32 31 3 73 100 0 0 63 121 25 0 0 0 16 17 80 96 0 0 0 0 43 41 30 27 42 0 0 0 103 125 5 10 19 0 1 6 0 0 12 39 26 0 0 0 29 3 5 24 2 0 0 0 41 5 0 7 31 0 0 1 17 66 0 3 16 0 0 0;
<CIRCLE 213 155 1.78381 0 6.59044e-07>; 6 13 35 8 2 4 8 1 31 35 8 1 0 0 1 2 5 7 2 2 1 7 3 0 0 1 1 2 3 4 2 1 1 1 0 0 4 25 22 4 6 55 20 1 13 24 1 0 0 69 54 4 2 1 0 0 0 11 49 6 1 0 0 0 0 0 7 14 9 15 4 0 0 3 50 66 30 35 0 0 0 26 149 125 10 7 0 0 0 9 149 110 0 0 0 0 0 0 149 128 2 1 0 0 0 0 149 149 1 0 0 0 0 0 149 149 0 0 1 1 0 0 148 90 0 0 4 0;
<CIRCLE 166 164 1.5 0 6.44108e-07>; 47 110 98 10 8 2 2 10 24 142 36 0 1 9 21 2 10 19 4 0 0 16 63 3 0 2 9 0 0 8 73 1 6 37 27 33 60 4 0 0 142 142 12 4 21 1 0 6 88 98 14 0 0 0 6 6 0 15 35 0 0 0 14 1 20 3 44 69 16 0 0 4 142 26 5 13 10 0 0 75 132 26 15 0 0 1 15 42 0 8 25 0 0 7 20 1 17 1 20 17 0 0 86 60 142 39 15 1 0 0 23 81 41 58 132 0 0 0 1 4 0 30 124 0 0 1 3 0;
<CIRCLE 246 38 0.891905 0 5.91333e-07>; 2 4 1 55 79 34 7 0 5 1 0 5 44 116 47 8 14 0 2 13 18 33 30 28 62 55 7 11 5 0 1 20 6 40 60 40 43 9 4 0 2 75 71 11 17 86 35 0 3 4 10 41 116 66 22 5 116 3 0 5 17 1 5 94 0 14 25 20 64 116 23 0 2 93 63 20 9 29 53 13 5 8 25 66 29 5 95 31 116 12 0 2 4 0 46 75 0 0 0 5 73 116 29 2 20 0 0 0 14 35 103 92 4 0 0 0 0 3 116 68 6 1 0 0 0 19 116 45;
<CIRCLE 150 53 3 0 5.71641e-07>; 0 0 0 0 4 43 33 3 75 7 0 0 4 41 26 111 95 5 0 0 0 0 11 132 39 6 0 0 0 0 44 108 0 2 3 3 24 14 16 6 128 92 13 22 53 13 3 23 132 112 1 0 0 0 0 55 63 39 2 0 0 0 0 29 0 1 3 10 29 14 15 4 114 12 2 9 58 39 18 126 132 20 0 0 0 0 2 132 52 11 1 0 0 0 5 37 1 1 14 10 3 3 17 14 131 0 0 1 4 6 10 81 132 27 0 0 0 0 2 59 20 45 6 0 0 0 11 19;
<CIRCLE 87 174 1.78381 0 5.51066e-07>; 0 0 138 47 4 1 0 0 0 17 138 41 1 0 0 0 0 30 138 20 0 0 0 0 0 2 138 95 31 0 0 0 0 0 97 128 15 6 1 0 2 11 138 128 2 0 0 0 10 42 138 38 0 0 0 0 18 25 73 26 36 0 0 0 0 0 129 103 9 19 4 0 33 15 86 72 7 11 7 13 96 51 26 1 0 0 0 10 60 23 0 3 47 0 0 0 0 1 9 40 20 18 3 0 17 18 12 17 4 7 4 4 59 59 1 1 0 0 0 2 44 29 0 6 32 0 0 1;
<CIRCLE 167 164 2.12132 0 5.22594e-07>; 144 75 19 0 0 0 9 66 36 115 41 0 0 0 7 4 3 21 59 0 0 4 38 2 0 12 60 0 0 1 33 1 28 63 49 48 6 0 15 27 144 144 37 11 1 0 3 5 71 63 12 0 0 2 38 7 0 13 15 0 0 1 51 3 24 7 54 69 2 0 20 18 144 62 15 10 0 0 5 56 111 59 72 0 0 0 0 10 3 33 52 0 0 0 1 5 6 0 3 5 0 1 121 64 85 32 15 0 0 0 32 79 12 53 129 0 0 0 0 1 0 52 123 0 0 0 1 1;
<CIRCLE 45 176 3 0 4.98788e-07>; 9 48 59 0 0 0 1 6 14 63 44 0 0 0 0 1 1 48 71 10 0 0 0 0 0 14 115 26 0 0 0 0 5 115 115 0 0 1 0 0 14 112 115 0 0 0 0 2 23 92 115 37 14 0 0 8 0 4 115 115 49 1 0 0 9 27 27 1 7 3 0 7 115 49 37 0 0 0 0 21 107 35 9 45 57 1 0 33 0 1 28 115 115 5 0 0 1 17 22 3 2 0 1 1 56 86 6 0 0 0 0 1 38 76 26 68 57 0 0 0 0 2 24 115 115 0 0 0;
<CIRCLE 152 31 4.24264 0 4.47014e-07>; 7 2 0 0 0 0 51 22 18 4 0 0 0 0 34 117 16 0 0 0 0 0 64 126 1 0 0 0 0 0 101 105 15 2 0 0 0 7 64 23 115 44 0 0 0 5 25 88 120 36 0 0 0 0 20 126 18 3 0 0 0 0 52 68 0 0 0 0 0 32 101 13 89 13 0 0 0 26 52 126 108 9 0 0 0 0 26 126 13 1 0 0 0 1 110 110 2 0 0 0 8 11 9 13 126 33 1 2 13 10 5 40 126 24 0 0 0 0 0 56 28 13 4 6 1 1 3 13;
<CIRCLE 173 36 16.9706 0 4.39073e-07>; 0 0 0 0 0 0 1 1 0 0 0 0 0 0 0 6 0 0 0 0 0 0 2 4 0 0 0 0 0 0 1 0 1 0 0 0 0 0 87 82 27 0 0 0 0 0 43 132 3 0 0 0 0 12 132 109 0 0 0 0 0 4 114 4 9 0 0 0 0 6 132 103 132 0 0 0 0 2 30 132 28 0 0 0 0 63 103 64 0 0 0 0 2 28 76 1 9 15 41 38 4 17 71 33 132 84 24 3 0 1 27 132 28 11 28 26 2 53 132 49 0 2 46 11 1 40 101 0;
<CIRCLE 148 51 1.06066 0 4.10129e-07>; 2 0 1 13 8 1 4 17 45 19 8 16 19 1 0 2 128 83 2 0 0 0 0 1 52 33 0 0 0 2 12 8 0 0 0 26 46 5 17 12 16 64 37 95 67 0 0 0 121 128 16 6 0 0 0 0 95 128 0 0 0 0 0 1 0 0 0 66 93 9 3 0 21 16 5 60 122 27 7 16 128 98 3 3 2 3 5 46 128 85 0 0 0 0 0 30 0 0 0 20 50 31 9 10 17 0 0 1 82 33 5 37 114 1 0 0 0 0 2 128 82 3 0 0 0 1 8 116;
<CIRCLE 198 179 1.06066 0 4.03486e-07>; 0 0 0 141 141 12 5 0 1 2 1 7 25 34 43 2 35 29 1 0 1 24 7 2 36 12 0 0 0 0 1 13 3 0 0 97 141 16 9 3 41 1 0 0 5 68 74 43 29 16 0 0 34 141 38 7 56 33 0 0 6 5 0 0 11 2 1 58 140 0 0 5 141 19 1 6 11 16 8 26 44 18 0 38 141 107 9 7 53 49 1 7 49 6 0 0 13 4 2 21 42 0 0 15 74 17 5 22 8 0 0 25 16 13 5 129 141 1 0 0 60 33 0 18 31 0 0 0;
<CIRCLE 151 31 5.04538 0 3.92814e-07>; 9 2 0 0 0 3 53 22 16 9 1 0 0 0 33 77 19 0 0 0 0 0 60 126 1 0 0 0 0 1 115 104 18 2 0 0 0 4 86 29 90 32 0 0 0 8 48 100 116 32 0 0 0 0 39 126 12 2 0 0 0 0 80 80 3 0 0 0 0 17 97 31 87 18 0 0 3 36 68 118 126 18 0 0 0 0 32 126 14 3 1 4 2 4 111 89 14 1 0 0 5 5 5 21 112 20 1 1 19 15 8 47 126 23 0 0 0 0 0 61 20 9 4 10 4 3 1 9;
<CIRCLE 60 185 3 0 3.8725e-07>; 19 70 88 5 2 0 0 6 2 12 96 123 54 1 0 1 0 8 128 68 16 3 0 0 0 0 128 65 1 0 0 0 116 35 9 14 13 0 0 28 8 4 18 128 128 3 0 5 0 3 97 83 65 11 0 0 0 0 81 58 27 2 0 0 54 103 21 33 18 0 0 0 1 9 26 128 128 0 0 0 0 13 92 71 30 0 0 0 0 0 34 81 5 0 0 0 4 49 13 13 8 0 1 0 0 6 9 53 128 1 0 0 0 6 12 13 33 1 0 0 0 0 4 27 9 0 0 0;
<CIRCLE 78 173 1.78381 0 3.82044e-07>; 0 0 136 34 1 1 1 0 0 0 136 40 1 1 1 0 0 0 136 53 2 0 1 0 0 18 136 17 0 0 0 0 0 8 121 23 5 12 10 0 0 3 117 49 10 17 14 0 0 0 106 126 16 4 0 0 0 13 136 58 0 0 0 0 0 20 136 22 8 8 7 2 0 8 136 75 4 13 10 1 0 0 136 136 6 10 2 0 33 22 84 43 2 3 2 9 2 7 12 12 24 11 13 7 1 4 18 32 18 26 21 5 0 1 11 27 17 21 4 0 25 16 4 6 2 4 3 6;
<CIRCLE 88 174 1.26134 0 3.59344e-07>; 0 0 80 31 10 17 2 0 0 40 117 30 1 2 3 0 0 34 134 64 0 0 0 0 4 11 134 37 0 0 0 0 0 0 134 134 5 5 0 0 10 23 134 102 1 0 0 0 26 52 134 59 0 0 0 0 45 24 34 11 0 0 0 1 4 2 98 134 24 21 5 3 101 28 105 31 4 6 7 52 114 43 21 0 0 0 0 22 93 21 9 1 1 0 0 0 6 4 2 3 15 29 14 4 71 23 2 2 10 12 14 29 64 29 1 0 0 0 0 6 76 18 0 0 0 0 0 0;
<CIRCLE 250 40 1.78381 0 3.46984e-07>; 0 0 4 79 129 24 3 4 75 72 22 32 34 36 9 7 129 102 0 0 0 0 7 23 26 9 0 0 0 1 39 28 0 1 26 61 102 75 13 2 75 6 16 14 41 51 60 65 129 43 0 0 1 1 11 104 37 52 2 0 0 1 8 11 6 0 3 6 83 128 47 38 27 1 2 2 4 15 129 129 88 52 0 0 0 28 125 51 21 75 13 0 0 9 11 3 15 0 0 13 46 19 27 35 44 10 0 0 7 4 20 54 30 24 0 0 1 46 42 7 1 13 10 0 1 61 15 0;
<CIRCLE 244 42 0.891905 0 3.37626e-07>; 0 1 2 48 123 32 2 0 2 53 81 28 45 40 7 0 1 90 71 36 19 19 12 2 19 0 9 46 50 10 15 16 0 0 0 4 34 118 77 5 1 6 0 2 54 123 59 6 3 17 12 7 3 28 123 73 3 0 2 7 2 2 123 63 0 0 0 23 78 28 50 15 20 0 0 30 123 53 11 23 102 0 0 0 10 7 76 123 9 0 0 0 1 12 123 39 0 0 0 66 88 5 3 1 20 0 0 22 73 26 26 33 123 0 0 0 3 3 6 74 22 9 1 2 25 7 6 6;
<CIRCLE 19 159 2.12132 0 3.27223e-07>; 27 16 0 0 0 0 0 1 96 35 2 0 0 0 0 0 64 63 48 5 0 0 0 0 5 15 99 16 0 0 2 6 12 37 43 6 0 0 0 0 35 69 115 8 0 0 0 1 88 78 69 1 0 0 0 28 35 5 8 1 0 0 10 50 6 17 124 28 0 0 0 0 124 56 93 13 0 0 0 16 124 71 33 0 0 0 0 51 38 31 61 0 0 0 1 19 4 27 124 6 0 0 0 0 37 102 124 0 0 0 0 3 30 124 124 0 0 0 0 2 9 124 124 0 0 0 0 0;
<CIRCLE 151 23 3 0 3.20544e-07>; 5 8 7 0 0 8 42 15 11 17 17 3 2 8 28 61 17 11 4 0 0 0 61 128 3 4 1 0 0 0 93 117 6 9 3 0 0 12 61 14 63 16 2 0 0 9 45 128 36 16 1 0 0 0 57 128 6 6 1 0 0 0 62 110 5 19 17 2 1 23 47 4 91 128 22 1 1 13 14 51 75 128 18 0 0 0 11 84 27 41 3 0 0 0 24 42 0 0 0 0 2 65 71 2 58 9 0 0 1 43 35 128 57 12 0 0 0 0 33 128 21 4 0 0 0 0 95 125;
<CIRCLE 25 146 5.04538 0 3.1621e-07>; 35 0 0 0 0 0 0 3 129 0 0 0 0 0 0 23 79 0 0 0 1 6 5 27 58 0 0 0 0 0 0 35 46 3 0 0 0 0 0 0 129 32 5 0 0 0 0 9 107 31 25 12 8 4 1 12 111 8 0 0 0 0 0 23 14 25 57 1 0 0 0 0 101 129 46 0 0 0 0 0 93 114 48 4 0 0 0 4 76 94 41 1 0 0 0 5 3 17 116 5 0 0 15 34 24 129 109 0 3 15 61 38 21 129 129 0 2 6 3 1 12 97 129 26 4 0 0 0;
<CIRCLE 153 23 4.24264 0 3.10808e-07>; 16 9 0 0 0 1 28 18 14 10 2 1 1 0 9 46 26 0 0 0 0 0 35 108 2 0 0 0 0 3 95 75 12 1 0 0 0 0 59 31 58 13 0 0 0 0 42 123 40 8 0 0 0 0 80 123 6 1 0 0 0 0 95 110 10 3 0 0 0 21 98 17 123 49 0 0 0 12 29 106 122 32 0 0 0 0 24 123 12 2 0 0 0 0 97 87 1 0 0 0 2 26 51 12 111 16 0 0 2 15 27 123 117 8 0 0 0 0 18 123 16 4 1 3 1 1 60 60;
<CIRCLE 149 54 3 0 3.0431e-07>; 0 0 0 0 4 33 28 4 69 11 1 0 7 46 24 81 125 14 0 0 0 0 7 139 49 7 0 0 0 0 30 110 1 3 4 3 20 11 21 8 95 74 13 26 74 18 5 20 139 135 3 1 1 0 0 56 77 40 1 0 0 0 0 28 0 2 5 11 19 10 17 5 88 5 1 8 60 45 19 114 139 15 0 0 0 1 4 139 64 9 0 0 0 0 6 45 0 1 17 10 2 2 23 17 117 0 1 2 4 5 13 70 139 22 0 0 0 0 2 62 24 56 6 0 0 0 11 19;
<CIRCLE 20 167 2.12132 0 2.85393e-07>; 3 15 52 9 0 0 0 0 31 36 71 5 0 0 0 4 76 25 17 0 0 0 0 30 16 1 1 0 0 0 6 23 11 19 79 12 0 0 0 0 106 62 47 2 0 0 0 13 95 81 80 0 0 0 0 19 9 39 90 0 0 0 0 3 2 21 125 6 0 0 2 3 11 86 125 0 0 0 14 12 17 119 125 0 0 0 10 7 16 125 112 0 0 0 0 0 0 3 21 3 0 0 125 116 2 7 15 1 12 27 125 125 17 13 5 3 52 76 109 21 17 36 17 0 2 2 1 3;
<CIRCLE 77 181 1.26134 0 2.82679e-07>; 0 61 149 14 3 2 9 1 0 10 149 79 0 11 13 0 3 4 149 149 2 9 3 1 3 2 95 128 18 15 2 3 13 10 26 2 14 10 93 43 1 3 47 26 9 75 149 6 9 4 29 37 28 111 51 8 10 5 5 6 21 40 19 7 18 58 44 11 15 1 7 9 3 14 72 102 39 7 17 1 4 9 29 146 48 17 2 0 14 27 15 25 20 2 1 0 18 36 11 17 9 0 0 0 7 12 15 58 64 0 0 0 1 5 7 60 55 0 0 0 4 13 36 33 3 0 0 0;
<CIRCLE 213 14 1.26134 0 2.70852e-07>; 0 1 30 46 0 1 21 6 0 1 43 44 1 3 40 8 1 0 36 32 1 0 35 20 1 1 51 24 0 0 24 22 2 14 137 137 1 1 8 2 15 33 137 62 0 3 20 8 53 41 137 42 0 0 8 18 2 0 57 27 0 0 21 14 0 5 76 80 5 12 41 22 44 24 68 22 1 27 73 48 119 79 70 0 0 0 18 39 3 10 118 4 0 0 20 9 0 0 0 0 0 24 80 45 2 4 0 0 0 22 137 42 3 21 30 0 0 1 137 57 0 4 44 1 0 0 137 55;
<CIRCLE 179 196 2.52269 0 2.69499e-07>; 2 12 5 0 0 7 8 2 3 38 13 4 1 5 4 1 0 5 10 155 85 3 4 0 1 2 2 155 155 2 4 0 0 0 0 0 0 38 84 1 0 8 7 28 38 59 28 0 1 3 9 155 155 5 0 0 17 8 3 144 101 7 15 6 0 0 0 0 1 51 90 1 0 0 0 42 118 67 29 0 7 5 4 155 155 4 0 0 40 14 4 33 12 0 0 0 0 0 0 0 0 0 0 0 0 0 0 0 1 0 0 0 0 0 0 0 2 0 0 0 0 0 0 0 0 0 0 0;
<CIRCLE 248 39 5.04538 0 2.64904e-07>; 2 4 12 10 5 27 128 70 6 5 6 15 13 60 128 73 25 7 3 1 0 0 128 128 0 0 0 0 0 0 90 27 6 1 5 6 26 42 101 65 50 27 11 34 128 109 60 34 128 47 11 9 10 6 33 128 8 2 6 1 0 0 24 21 11 3 9 5 11 17 20 22 17 7 2 4 66 124 77 65 96 23 12 3 3 19 61 121 4 3 16 4 0 7 10 1 2 3 5 5 15 25 27 12 4 16 5 18 41 12 4 6 22 98 9 3 5 4 8 4 2 17 6 0 0 3 8 0;
<CIRCLE 26 146 4.24264 0 2.58965e-07>; 71 0 0 0 0 0 0 2 132 0 0 0 0 0 0 23 63 0 0 0 2 7 4 23 71 0 0 0 0 0 0 24 90 6 0 0 0 0 0 0 132 40 7 0 0 0 0 9 79 31 31 16 10 3 1 7 123 10 1 1 0 0 0 17 33 50 46 0 0 0 0 0 108 132 26 0 0 0 0 0 81 89 49 5 0 0 0 4 102 92 15 0 0 0 0 4 2 47 132 4 0 0 3 6 43 132 87 0 0 0 9 7 30 132 123 0 0 0 0 2 9 107 108 4 0 0 0 0;
<CIRCLE 26 146 1.78381 0 2.58965e-07>; 140 3 0 0 0 0 0 7 140 5 0 0 0 0 0 12 64 1 1 2 13 16 11 12 6 5 0 13 103 17 2 0 140 17 0 0 0 0 0 5 140 32 10 0 0 0 0 10 68 17 66 36 14 1 0 2 14 3 20 63 129 1 0 0 140 50 1 0 0 0 0 0 106 97 100 27 0 0 0 1 9 30 140 62 1 0 2 6 20 26 110 51 16 0 1 2 64 55 74 1 0 0 0 0 44 47 105 17 0 0 0 20 19 8 25 12 0 1 25 65 22 11 6 0 0 5 31 15;
<CIRCLE 247 30 2.52269 0 2.54065e-07>; 0 0 0 0 33 48 68 23 1 0 0 0 4 16 71 86 15 1 0 0 0 1 57 109 15 0 0 0 0 0 44 70 0 0 0 6 34 56 66 12 6 26 39 97 52 11 46 33 94 122 34 18 2 0 22 45 42 14 0 0 0 0 32 41 0 0 1 37 82 17 22 7 13 16 13 102 122 48 10 5 122 107 12 11 13 17 10 49 99 20 1 0 0 4 30 35 0 0 2 11 53 41 16 19 4 0 0 19 80 106 77 49 122 12 0 0 3 8 107 118 55 39 11 2 1 3 6 7;
<CIRCLE 247 29 1.26134 0 2.48896e-07>; 18 0 0 1 7 9 12 63 8 0 2 7 11 34 35 18 51 24 2 3 0 14 19 23 21 7 0 0 0 34 37 11 13 0 3 63 31 6 9 79 0 8 113 118 20 9 5 2 69 118 79 20 0 1 1 3 39 54 6 3 3 9 12 9 7 0 1 104 118 7 4 14 7 6 42 118 102 12 3 10 118 118 28 12 0 0 3 16 118 112 1 0 0 1 8 13 4 9 8 74 92 26 7 1 8 10 11 13 57 118 50 13 69 37 5 18 27 15 14 41 118 77 1 0 0 0 2 60;
<CIRCLE 247 29 2.52269 0 2.48896e-07>; 0 0 0 0 31 47 77 25 0 0 0 0 5 18 75 92 15 0 0 0 0 2 62 115 13 0 0 0 0 0 46 75 0 0 0 4 33 61 70 14 5 22 33 78 34 12 57 45 74 101 29 14 1 0 29 59 40 13 0 0 0 0 33 45 0 0 0 36 78 20 26 6 13 21 21 117 122 38 8 4 122 122 18 14 13 15 7 37 91 18 1 0 0 4 37 40 0 0 2 14 60 38 15 17 4 0 0 25 95 103 68 40 122 13 0 1 4 10 91 117 66 38 9 2 0 2 5 8;
<CIRCLE 143 37 8.48528 0 2.45937e-07>; 3 0 0 0 0 2 10 16 8 0 0 0 0 0 16 55 12 0 0 0 0 0 20 124 0 0 0 0 0 1 58 74 6 0 0 0 0 22 60 92 21 0 0 0 0 0 102 140 100 0 0 0 0 0 41 140 5 0 0 0 2 23 140 130 22 0 0 0 0 21 47 101 57 0 0 0 0 0 55 133 140 0 0 0 0 0 13 140 33 0 0 1 29 24 35 44 3 0 0 0 0 8 37 55 55 0 0 0 0 0 16 78 140 1 0 0 0 0 0 52 31 1 0 0 14 11 2 5;
<CIRCLE 40 34 8.48528 0 2.39641e-07>; 25 0 0 0 0 0 0 22 36 0 0 0 0 0 0 52 10 0 0 0 0 0 25 55 0 0 0 0 0 2 27 8 55 0 0 0 0 0 11 88 128 4 0 0 0 0 22 128 113 2 0 0 0 0 60 128 1 0 0 0 0 30 124 23 11 0 0 0 0 0 48 126 28 0 0 0 0 0 119 128 29 0 0 0 0 1 117 128 0 0 0 0 0 39 123 18 59 0 0 0 0 0 4 64 107 0 0 0 0 0 9 128 21 0 0 0 0 3 48 114 0 0 0 0 0 32 79 5;
<CIRCLE 150 24 2.52269 0 2.34911e-07>; 1 0 0 0 2 14 45 18 11 5 17 8 6 17 43 87 13 9 10 1 0 0 69 125 0 0 0 0 0 0 96 121 4 16 7 0 0 19 50 6 87 23 5 0 0 9 37 125 59 23 4 0 0 0 27 125 9 8 2 0 0 0 40 85 1 20 28 6 3 20 35 1 77 125 42 3 1 15 12 32 65 125 65 0 0 0 15 61 37 70 11 0 0 0 12 26 0 0 0 0 7 69 75 0 54 10 1 0 5 57 34 125 58 16 3 0 0 0 51 125 30 9 0 0 0 0 95 121;
<CIRCLE 252 35 1.26134 0 2.32467e-07>; 10 36 63 69 11 0 0 4 110 122 15 1 0 0 0 4 52 29 2 1 1 6 19 16 4 0 0 0 1 5 35 15 20 5 4 20 32 46 27 25 122 122 5 9 5 1 2 33 122 104 1 0 0 2 18 34 7 15 2 0 0 11 42 15 5 25 27 34 63 67 33 9 122 22 1 12 27 5 8 122 122 57 4 0 0 18 18 97 6 73 9 0 0 17 10 2 5 13 14 19 7 8 122 48 97 28 0 3 2 13 122 69 64 122 0 0 0 17 17 8 3 53 2 0 0 29 19 1;
<CIRCLE 151 44 1.78381 0 2.17526e-07>; 3 0 0 0 24 68 22 12 87 0 0 0 2 14 13 122 54 0 0 0 0 0 46 122 37 0 0 0 0 0 73 94 8 0 0 2 14 41 21 13 122 4 0 0 0 6 13 122 69 1 0 0 0 0 38 122 66 7 0 0 0 0 21 78 5 5 4 23 23 10 11 1 122 122 13 13 6 1 0 13 122 84 0 0 0 0 3 46 33 49 0 0 0 0 15 25 0 2 3 40 81 10 9 1 122 120 14 26 34 5 1 34 122 104 0 0 0 0 0 28 28 23 0 0 0 0 7 17;
<CIRCLE 252 38 1.26134 0 2.15877e-07>; 16 6 6 22 23 21 14 18 117 117 3 5 2 0 1 13 117 73 0 0 0 2 18 19 4 5 0 0 0 8 38 13 6 18 19 26 58 79 36 10 117 31 2 12 26 6 5 117 117 57 4 0 0 13 14 96 7 68 9 0 0 12 9 3 5 22 25 32 18 11 117 46 117 37 0 6 7 9 114 95 92 117 0 0 0 22 19 19 4 58 2 0 0 39 25 1 43 0 0 0 5 7 97 65 14 8 0 0 1 50 117 25 19 63 0 0 0 50 58 8 7 79 11 0 0 8 7 2;
<CIRCLE 202 146 0.891905 0 2.11821e-07>; 11 0 0 0 44 41 6 6 117 23 9 0 0 7 4 30 23 21 37 0 0 1 15 7 0 3 17 10 32 9 12 1 3 1 0 9 81 23 0 0 21 42 110 67 40 3 0 1 2 66 139 39 9 0 0 0 0 69 139 36 9 0 0 0 0 0 15 132 69 4 0 0 0 5 44 108 127 19 0 0 0 12 123 57 74 74 33 0 22 88 128 6 0 8 32 37 6 2 32 139 3 0 1 15 41 12 29 24 8 14 11 31 3 0 0 0 6 67 91 8 8 0 1 0 1 39 83 29;
<CIRCLE 40 35 8.48528 0 1.80162e-07>; 27 0 0 0 0 0 0 24 40 0 0 0 0 0 0 55 11 0 0 0 0 0 27 58 0 0 0 0 0 3 30 9 52 0 0 0 0 0 12 89 128 4 0 0 0 0 25 128 113 2 0 0 0 0 59 128 1 0 0 0 0 31 123 23 11 0 0 0 0 0 47 125 27 0 0 0 0 0 117 128 26 0 0 0 0 2 118 128 0 0 0 0 0 39 123 17 61 0 0 0 0 0 3 61 110 0 0 0 0 0 7 128 22 0 0 0 0 3 46 112 0 0 0 0 0 32 77 5;
<CIRCLE 247 39 5.04538 0 1.74928e-07>; 2 4 13 9 4 22 128 76 4 4 5 15 13 64 128 61 26 7 3 2 0 0 128 128 0 0 0 0 0 0 100 35 8 2 5 5 19 34 101 73 35 22 10 32 128 112 63 27 128 50 12 12 16 8 32 128 14 2 6 1 0 0 25 26 15 3 9 4 7 12 20 24 12 5 2 4 66 122 69 54 96 22 10 3 5 22 65 128 7 4 17 4 0 8 11 2 3 3 5 4 13 27 28 12 3 12 5 17 41 13 5 7 21 95 9 4 6 4 7 5 3 21 6 0 0 3 8 0;
<CIRCLE 207 147 0.891905 0 1.73792e-07>; 12 36 105 1 0 0 5 3 0 17 97 25 27 4 7 0 9 3 21 62 94 10 1 3 36 8 1 4 5 1 15 30 0 32 136 58 32 7 1 0 6 123 136 25 0 1 3 5 67 66 123 60 6 0 0 5 128 29 3 2 0 0 0 6 1 3 20 19 44 92 55 0 27 45 40 3 0 24 88 62 134 67 20 0 0 0 3 42 126 70 1 0 0 0 0 6 3 0 0 0 0 21 59 18 2 0 1 1 7 67 79 15 8 43 31 9 32 32 4 7 17 136 28 0 3 1 0 0;
<CIRCLE 156 31 2.12132 0 1.72042e-07>; 68 22 3 0 0 2 11 74 56 28 5 0 0 0 6 117 14 14 3 0 0 0 18 61 6 8 7 0 0 0 12 39 57 124 26 1 0 6 4 14 51 124 72 0 0 0 10 40 50 118 20 0 0 0 7 24 19 22 8 0 0 0 7 11 52 12 1 0 2 41 26 118 58 20 4 0 0 0 58 124 44 16 0 0 0 0 124 124 8 4 0 0 0 0 124 103 74 1 0 0 2 17 13 91 79 0 0 0 0 0 10 124 63 4 0 0 0 0 22 124 23 25 2 0 0 0 43 54;
<CIRCLE 20 158 1.78381 0 1.61558e-07>; 31 17 0 0 0 0 0 1 121 37 4 0 0 0 0 0 50 54 58 16 0 0 0 0 3 13 105 29 0 0 4 10 23 36 36 9 0 0 0 0 49 64 121 10 0 0 0 2 78 56 108 4 0 0 0 34 36 5 6 4 0 0 12 66 12 13 121 56 0 0 0 5 121 34 107 19 0 0 0 49 121 22 10 0 0 0 0 96 52 10 10 0 0 0 1 36 28 23 68 7 0 0 0 16 116 101 86 0 0 0 0 25 82 121 121 0 0 0 0 7 11 60 121 0 0 0 0 0;
<CIRCLE 248 29 2.52269 0 1.60273e-07>; 0 0 0 0 30 49 71 29 0 0 0 0 2 12 80 94 19 0 0 0 0 1 54 125 10 0 0 0 0 0 54 65 0 0 0 7 32 59 69 19 11 37 42 82 30 7 51 43 79 92 21 6 0 0 30 66 36 14 0 0 0 1 37 40 0 0 0 41 99 20 23 5 33 38 26 114 125 42 7 7 125 125 13 6 4 9 9 42 59 14 1 0 0 7 42 38 0 0 1 16 77 54 15 13 11 0 0 22 78 90 85 59 125 20 0 0 2 7 77 106 46 36 13 4 1 2 3 4;
<CIRCLE 40 31 7.13524 0 1.60134e-07>; 39 0 0 0 0 0 0 37 30 1 0 0 0 0 2 68 11 0 0 0 0 0 41 61 4 0 0 0 0 1 37 10 91 0 0 0 0 0 5 92 119 30 0 0 0 0 18 86 125 14 0 0 0 0 55 112 4 0 0 0 0 13 125 27 17 0 0 0 0 1 58 125 29 2 0 0 0 0 125 125 64 1 0 0 0 1 96 125 2 0 0 0 0 12 113 34 60 0 0 0 0 0 13 109 58 0 0 0 0 0 39 125 20 0 0 0 0 4 56 122 0 0 0 0 0 24 81 6;
<CIRCLE 96 196 3 0 1.56751e-07>; 32 29 33 65 17 0 0 0 145 82 5 9 42 1 0 9 55 31 0 25 155 3 0 1 155 155 19 4 11 0 0 0 103 11 14 50 5 0 0 13 155 32 5 11 56 5 0 51 33 16 2 34 155 10 0 6 76 155 5 2 16 0 0 0 72 1 0 3 4 0 0 6 113 36 6 15 22 0 0 5 10 7 4 42 144 0 0 0 33 15 0 1 7 0 0 0 0 0 0 0 0 0 0 0 0 0 0 0 0 0 0 0 0 0 0 0 0 0 0 0 0 0 0 0 0 0 0 0;
<CIRCLE 46 176 1.26134 0 1.53945e-07>; 0 32 133 0 0 0 0 0 0 55 133 0 0 0 0 0 1 86 133 0 0 0 0 0 3 70 49 10 3 0 0 0 1 40 133 0 0 0 0 0 14 112 133 0 0 0 0 18 16 133 77 0 0 0 6 43 3 83 75 7 4 0 12 29 10 8 52 0 0 0 15 60 91 22 25 0 0 0 2 133 54 16 3 0 0 0 30 133 3 8 4 4 9 2 44 87 25 14 3 0 0 0 6 23 133 23 0 0 0 0 0 32 101 27 7 0 0 0 0 29 3 9 24 21 14 0 0 7;
<CIRCLE 141 178 1.5 0 1.53299e-07>; 0 2 92 24 0 0 0 0 0 0 121 53 0 0 0 1 0 0 114 57 0 0 20 14 0 0 76 44 0 0 59 32 1 1 117 38 0 1 79 54 1 0 76 31 0 3 123 123 11 0 24 12 0 2 123 123 6 0 3 3 0 0 123 123 0 0 1 0 0 2 123 99 5 0 0 0 0 28 123 122 32 0 0 0 0 24 61 71 36 1 0 0 0 0 9 31 0 0 0 0 0 17 88 14 2 0 0 0 0 37 45 8 2 0 0 0 0 6 24 21 8 5 0 0 0 0 6 7;
<CIRCLE 151 28 1.06066 0 1.50002e-07>; 49 37 4 0 1 2 13 24 120 51 0 0 0 0 3 75 14 9 9 5 0 0 12 33 9 13 15 0 0 0 6 25 44 82 43 1 3 1 0 0 123 123 29 1 0 0 0 0 33 55 123 17 0 0 5 7 12 65 102 1 0 0 6 16 27 79 49 3 3 11 5 5 75 123 70 7 0 0 10 26 7 42 123 41 0 1 60 14 49 123 80 2 0 0 21 16 38 2 0 0 32 30 5 43 91 4 1 0 0 0 17 123 18 1 2 1 0 3 123 86 19 7 0 0 0 2 123 40;
<CIRCLE 197 191 1.26134 0 1.44988e-07>; 2 6 20 140 100 3 2 2 47 60 17 10 6 0 0 14 18 16 7 133 140 0 0 2 73 39 0 32 40 0 0 5 2 5 10 28 11 84 69 8 33 45 8 9 27 33 104 61 19 8 2 112 140 27 9 23 114 7 0 21 25 2 0 61 40 24 4 0 0 16 29 14 28 6 0 8 94 25 80 38 13 3 0 16 140 52 14 23 58 15 0 1 6 6 3 57 61 19 1 0 0 0 0 1 35 20 0 4 84 9 0 0 6 13 0 17 140 11 0 0 32 62 1 4 7 0 0 9;
<CIRCLE 102 47 5.04538 0 1.43692e-07>; 1 1 0 0 0 29 89 4 4 4 2 4 19 113 76 8 37 18 1 1 2 22 113 113 22 4 0 0 0 1 113 51 1 1 0 0 3 19 107 20 34 5 2 12 99 113 43 23 113 8 1 4 11 11 40 113 24 0 0 0 0 6 113 89 0 0 0 2 7 26 84 22 7 0 0 1 42 113 81 40 113 0 0 0 1 14 61 113 70 4 0 0 1 2 6 49 0 0 0 2 4 27 81 1 3 0 0 0 6 51 66 23 28 0 0 0 0 5 76 70 27 10 0 0 0 3 58 30;
<CIRCLE 206 39 2.12132 0 1.34814e-07>; 0 0 0 0 18 59 62 3 5 3 0 0 38 67 52 5 7 2 0 0 0 46 89 45 19 0 0 0 0 0 41 67 0 0 0 5 59 52 44 0 8 50 30 53 131 23 7 2 48 131 27 10 5 13 36 18 22 16 5 0 1 8 29 30 0 0 0 52 127 14 6 0 9 23 12 98 131 16 1 4 131 131 13 12 41 9 5 40 53 25 8 3 7 23 8 6 0 0 0 28 129 14 0 0 10 0 0 32 131 96 11 14 131 7 0 1 12 19 15 107 35 10 8 2 1 18 31 19;
<CIRCLE 25 147 1.26134 0 1.30548e-07>; 129 18 0 0 0 0 0 12 138 15 0 0 0 0 0 16 120 8 10 11 3 2 1 13 0 7 8 16 21 4 2 0 138 31 0 0 0 0 0 14 138 36 8 0 0 0 0 28 101 27 96 23 1 9 4 14 0 1 106 43 18 7 0 0 138 59 0 0 0 0 0 0 88 97 58 26 7 0 0 0 16 34 138 106 15 1 1 2 5 32 138 41 0 0 1 2 93 23 39 5 0 0 0 3 16 29 112 31 13 0 0 2 20 6 34 36 30 5 20 43 8 9 8 0 0 3 42 33;
<CIRCLE 77 172 2.12132 0 1.28538e-07>; 0 2 106 29 0 0 0 0 0 0 133 38 0 0 0 0 0 0 133 37 0 0 0 0 0 6 133 11 0 0 2 0 0 4 133 53 2 0 0 0 0 1 133 63 6 1 0 0 0 0 133 126 4 0 0 0 0 12 133 43 0 0 0 0 0 17 133 25 11 8 4 0 0 7 133 56 6 5 3 1 0 0 133 133 8 5 0 0 26 28 96 43 1 1 0 3 0 2 20 25 30 13 4 1 0 4 26 29 16 11 8 4 0 0 15 41 25 11 0 0 29 22 7 5 1 1 0 3;
<CIRCLE 208 39 1.06066 0 1.24044e-07>; 28 28 4 1 51 28 0 0 65 100 7 0 13 23 4 3 10 14 3 0 19 89 27 2 27 32 0 0 0 17 17 2 1 16 13 58 131 19 0 0 21 131 92 29 20 1 0 0 55 131 23 0 3 29 12 1 9 6 0 0 2 58 19 2 0 0 4 67 131 55 3 0 55 103 35 37 54 36 0 0 131 131 5 1 0 0 2 1 41 24 0 1 8 31 11 1 7 12 21 11 93 81 10 2 44 16 13 30 126 57 20 30 131 73 2 2 0 0 4 61 40 57 8 1 1 1 0 3;
<CIRCLE 203 18 4.24264 0 1.12033e-07>; 2 0 0 0 0 0 68 98 1 0 0 1 1 3 76 51 0 0 5 4 1 8 48 5 3 0 7 5 1 0 8 9 0 0 0 8 3 2 123 123 0 0 7 101 28 27 97 50 4 14 76 85 15 22 64 25 5 13 40 11 2 2 58 48 0 0 0 7 5 10 123 45 0 0 1 30 21 122 123 6 3 2 5 13 9 64 123 103 2 1 0 0 0 7 123 123 0 0 0 5 10 30 123 31 0 1 2 20 99 77 54 2 50 24 7 17 32 15 33 35 17 3 6 3 2 3 19 36;
<CIRCLE 101 41 1.26134 0 1.10765e-07>; 0 0 0 41 51 2 11 29 0 5 14 89 69 4 1 0 80 81 19 9 1 1 2 4 64 25 0 0 0 13 22 14 0 0 1 61 99 1 0 2 3 9 20 40 89 55 23 10 88 112 13 2 21 73 11 0 112 101 0 0 1 10 8 5 0 0 0 28 112 22 3 0 4 29 79 35 112 36 4 3 77 63 61 11 21 47 10 36 112 44 0 0 0 2 2 48 0 0 0 7 56 81 19 3 1 3 4 3 67 112 76 10 80 15 6 1 4 32 72 112 80 6 0 0 0 2 11 95;
<CIRCLE 153 11 1.26134 0 1.05798e-07>; 14 5 14 3 1 17 58 15 0 6 38 8 0 7 110 58 3 1 34 54 3 2 54 68 5 10 73 33 0 1 6 19 10 4 128 62 0 3 9 8 9 67 128 17 0 0 20 30 26 47 43 31 8 9 36 73 3 6 10 6 1 12 128 60 2 0 14 17 0 38 91 53 10 9 12 2 0 0 128 128 17 8 0 0 0 0 104 128 0 0 0 0 0 0 99 116 52 1 0 0 0 4 18 71 32 0 0 0 0 0 27 128 1 0 0 0 0 0 26 120 2 0 0 0 0 0 34 58;
<CIRCLE 59 184 0.891905 0 1.01067e-07>; 0 0 1 84 122 0 0 0 0 0 8 106 110 1 0 0 0 22 48 45 8 7 3 0 1 43 36 1 0 5 21 4 0 0 0 122 122 0 0 0 0 0 5 122 122 0 0 0 0 38 55 44 13 0 0 0 0 23 70 17 0 0 0 0 0 0 0 122 122 0 0 0 0 0 8 122 103 0 0 0 0 35 99 55 7 0 0 0 0 28 104 11 0 0 0 0 0 0 0 66 122 0 0 0 0 0 3 110 122 0 0 0 0 23 39 27 13 0 0 0 1 26 40 0 0 0 0 0;
<CIRCLE 193 36 7.13524 0 9.84911e-08>; 10 0 0 0 0 0 58 132 1 0 0 0 1 5 130 132 1 0 0 4 14 19 49 30 2 1 1 7 6 8 31 13 88 0 0 0 0 0 64 132 0 0 0 0 7 40 132 110 5 0 0 3 28 96 132 39 5 0 0 0 9 33 131 66 132 1 0 1 0 0 22 132 12 1 0 11 63 33 73 35 16 0 0 2 86 61 38 27 17 0 0 0 8 26 23 30 132 5 0 0 1 0 0 33 11 2 0 4 32 17 1 1 3 2 0 2 28 32 20 10 2 1 0 1 14 15 14 7;
<CIRCLE 33 146 1.26134 0 9.7612e-08>; 59 5 7 10 5 4 3 12 1 8 8 21 54 14 10 1 23 5 0 43 147 11 0 0 147 17 0 5 8 0 0 3 55 9 34 17 1 10 3 7 0 2 63 47 65 8 1 0 37 5 9 53 147 14 0 1 147 19 0 3 9 2 0 5 13 23 147 78 2 1 0 1 2 38 147 74 7 0 0 0 24 29 87 98 60 4 0 1 147 56 2 4 3 1 0 5 11 6 61 34 20 4 16 27 15 34 43 1 0 4 37 26 41 34 20 14 0 7 7 8 147 20 1 0 0 0 0 23;
<CIRCLE 98 13 1.06066 0 9.54387e-08>; 1 17 20 0 0 29 31 0 1 29 42 7 0 18 21 0 0 27 53 12 14 9 5 0 3 71 29 2 3 7 24 3 0 19 84 68 29 5 3 1 2 38 125 118 11 4 5 2 6 100 125 31 20 1 1 2 20 104 81 15 7 0 0 0 0 1 17 104 107 25 39 1 12 20 58 75 50 35 125 41 26 58 75 9 16 26 52 34 16 118 60 7 5 13 21 0 0 0 3 13 13 42 125 1 0 0 0 0 26 86 125 10 0 0 0 0 28 86 79 14 0 6 2 1 7 67 59 7;
<CIRCLE 153 10 2.12132 0 9.45206e-08>; 4 16 21 11 14 4 3 0 6 0 0 3 17 15 42 23 48 3 6 0 0 0 12 51 15 12 19 1 0 0 0 10 35 34 39 11 6 5 14 22 14 39 78 8 4 8 60 49 25 22 38 6 0 0 61 106 10 18 35 1 0 0 83 115 4 1 9 9 11 34 44 35 23 15 33 7 2 7 94 144 11 6 3 0 0 0 144 144 0 0 0 0 0 0 144 144 21 3 1 0 0 18 52 57 96 4 0 0 0 0 20 144 13 2 0 0 0 0 48 144 4 1 0 0 0 0 52 89;
<CIRCLE 50 18 7.13524 0 9.25262e-08>; 5 0 0 0 0 0 0 6 1 0 0 0 0 0 2 11 1 0 0 0 0 0 2 5 1 0 0 0 0 0 0 0 84 3 0 0 0 0 0 95 87 15 0 0 0 0 31 124 20 0 0 0 0 3 124 75 3 0 0 0 0 22 86 9 63 6 0 0 0 0 44 117 124 30 0 0 0 0 50 124 75 1 0 0 0 2 99 115 0 0 0 0 2 54 118 11 19 0 0 0 0 0 78 124 19 0 0 0 0 0 124 124 7 0 0 0 0 9 124 105 0 0 0 0 1 46 90 6;
<CIRCLE 204 19 5.04538 0 8.80766e-08>; 1 0 0 0 0 0 55 71 1 0 0 1 0 2 58 42 0 0 4 2 0 5 32 5 2 0 5 13 5 0 2 4 1 0 0 6 2 2 125 125 0 0 10 92 26 33 124 62 6 16 72 61 11 21 87 46 3 6 24 24 10 15 93 42 1 0 0 5 3 12 125 68 0 0 2 26 30 125 125 12 11 7 5 10 10 46 125 125 2 1 1 2 11 34 125 86 1 1 1 19 16 21 90 27 4 4 3 29 125 55 28 4 77 22 6 14 34 11 16 42 8 1 6 4 13 14 13 17;
<CIRCLE 46 154 3 0 8.54882e-08>; 29 10 17 29 46 4 0 2 126 12 0 4 7 0 0 17 70 0 0 0 0 0 0 34 14 0 0 0 0 3 8 18 47 28 83 28 5 0 3 11 126 74 6 2 0 0 0 11 79 46 13 0 0 0 0 20 24 22 19 2 0 3 8 10 35 24 22 0 0 0 11 31 75 126 21 0 0 0 0 6 10 126 126 5 0 0 0 0 2 51 126 10 0 0 0 0 4 126 126 0 0 0 0 0 6 121 126 0 0 0 0 0 2 70 126 49 2 0 0 0 0 8 126 106 4 0 0 0;
<CIRCLE 155 29 1.5 0 8.29304e-08>; 93 23 0 0 0 0 5 80 28 13 1 0 0 0 10 73 11 15 2 0 0 0 10 42 4 3 9 0 0 0 6 32 90 111 32 0 0 0 0 2 29 106 111 6 0 0 1 7 25 111 77 0 0 0 0 15 11 17 35 2 0 0 2 18 75 63 19 0 2 9 8 80 23 44 76 6 0 0 111 88 76 105 19 0 0 0 106 62 22 55 15 0 0 0 49 28 84 0 0 0 3 9 8 111 66 0 0 0 0 0 63 111 46 2 0 0 0 0 111 94 6 2 0 0 0 0 111 77;
<CIRCLE 70 194 1.06066 0 8.12649e-08>; 14 97 59 51 0 0 0 0 2 10 36 120 24 11 13 5 8 97 73 31 12 18 12 1 1 29 97 120 22 0 0 0 11 87 74 41 0 0 0 0 117 59 51 67 24 36 35 42 10 15 57 120 120 68 33 9 0 2 79 120 23 0 0 0 22 51 32 20 5 2 0 1 56 103 91 101 19 3 0 2 3 12 54 120 83 3 0 0 0 0 28 74 19 1 0 0 40 2 0 4 9 6 1 10 3 2 5 23 65 6 2 3 0 0 2 29 55 18 7 1 0 0 0 10 32 16 1 0;
<CIRCLE 146 58 1.5 0 8.09299e-08>; 0 0 1 11 6 2 27 14 0 1 4 66 111 10 10 2 100 112 16 34 39 7 1 23 123 111 0 0 0 0 0 17 0 0 4 70 8 1 12 14 1 0 0 31 123 56 14 17 123 3 0 1 47 24 8 123 123 11 0 0 0 0 6 123 0 0 4 34 6 1 34 48 11 0 0 32 98 28 20 41 123 0 0 0 20 11 8 123 123 14 0 0 0 0 9 64 1 0 18 52 1 0 7 20 28 0 2 19 19 15 13 25 123 0 0 0 3 3 1 69 55 23 0 0 0 0 3 28;
<CIRCLE 167 158 2.52269 0 8.07361e-08>; 143 143 17 0 0 0 0 3 54 77 21 0 0 0 1 4 0 14 30 0 0 1 3 1 0 3 19 0 0 0 2 2 143 71 13 1 0 0 37 117 94 143 53 0 0 0 7 6 5 31 80 0 0 3 40 3 0 13 77 0 0 0 35 2 22 29 42 46 4 0 38 44 143 143 38 20 2 0 3 8 74 57 15 0 0 2 34 7 1 14 15 0 0 1 44 4 6 1 37 40 1 1 49 21 143 37 18 10 0 0 19 61 62 53 94 0 0 0 0 5 1 37 70 0 0 0 1 3;
<CIRCLE 202 18 3.56762 0 7.60701e-08>; 3 0 0 0 0 0 91 119 1 0 0 3 1 4 113 58 0 0 11 11 2 11 83 6 2 0 14 3 0 3 28 14 0 0 6 18 2 1 103 84 0 0 29 119 18 20 70 33 2 12 101 119 15 24 55 13 8 26 69 8 0 0 40 40 0 0 4 23 5 9 109 36 0 0 7 40 13 92 119 7 1 1 5 17 7 86 119 60 3 3 1 0 0 0 119 119 0 0 0 0 3 32 119 41 0 0 1 10 47 91 61 3 18 24 10 15 27 28 51 26 13 6 3 1 0 0 24 64;
<CIRCLE 21 157 1.5 0 7.40992e-08>; 55 16 0 0 0 0 1 2 124 39 7 0 0 0 0 0 34 47 67 31 5 0 0 0 3 11 107 42 6 1 6 12 50 30 33 9 0 0 0 0 68 58 124 17 0 0 0 2 68 41 124 16 1 0 0 38 40 5 7 6 2 1 15 78 20 15 124 83 0 0 0 4 124 36 124 27 0 0 0 83 124 15 16 0 0 0 0 124 50 3 0 0 0 0 1 66 61 14 43 16 0 0 0 49 124 39 8 0 0 0 0 67 124 58 25 0 0 0 0 24 28 28 64 2 0 0 0 3;
<CIRCLE 38 23 2.12132 0 7.06157e-08>; 23 2 2 11 0 0 1 51 103 15 3 7 0 0 0 14 106 15 0 0 0 0 7 61 28 0 0 0 0 0 13 79 4 5 45 52 5 0 0 15 53 108 119 25 2 1 0 1 140 140 22 0 0 0 0 7 118 25 0 0 0 0 5 18 1 1 14 39 54 13 3 4 43 39 47 27 13 25 19 6 140 140 8 0 0 2 4 8 140 30 0 0 0 0 5 20 0 0 1 3 14 49 35 9 16 4 1 0 2 42 85 21 140 17 0 0 0 3 13 74 140 14 0 0 0 0 2 25;
<CIRCLE 146 60 1.5 0 6.87527e-08>; 0 0 1 37 9 2 18 9 0 0 1 58 127 28 6 2 116 42 4 15 46 17 4 86 127 53 0 0 0 0 0 78 0 0 5 59 5 1 22 38 4 0 0 18 127 53 23 39 127 0 0 0 40 20 9 127 127 6 0 0 0 0 13 127 0 0 12 55 5 1 29 35 25 0 2 45 57 21 17 34 127 0 0 0 7 6 6 127 126 28 0 0 0 0 4 42 5 0 18 36 0 0 4 46 35 0 1 4 32 16 13 35 127 0 0 0 5 2 0 53 39 15 0 0 0 1 8 29;
<CIRCLE 152 44 3 0 6.67691e-08>; 1 7 7 1 1 44 60 2 61 73 8 0 0 19 18 88 50 71 7 0 0 0 27 128 15 14 1 0 0 0 64 67 1 0 0 0 6 65 40 6 118 9 0 0 2 28 23 128 86 3 0 0 0 0 24 128 36 10 0 0 0 0 71 110 1 2 3 7 34 17 10 4 128 119 11 14 29 7 2 33 128 72 0 0 0 0 0 53 43 38 5 0 0 0 0 25 0 0 1 8 34 17 9 4 128 16 2 5 29 19 11 123 128 12 0 0 0 0 0 82 25 11 2 0 0 0 5 23;
<CIRCLE 252 10 2.12132 0 5.96591e-08>; 0 3 73 67 2 0 0 0 1 12 121 47 1 0 3 2 7 34 40 30 0 0 6 3 6 26 11 6 0 0 0 1 2 3 68 52 6 11 82 28 7 7 61 26 3 10 127 102 11 21 19 9 0 1 127 73 5 19 13 6 0 4 127 25 0 0 0 0 1 19 109 84 21 0 0 0 0 8 127 125 43 0 0 0 0 0 118 127 1 0 0 0 0 0 127 52 0 0 0 0 3 10 46 69 5 0 0 0 0 2 67 85 19 0 0 0 0 0 33 118 4 0 0 0 0 2 68 35;
<CIRCLE 86 186 2.12132 0 5.88252e-08>; 0 2 120 105 19 16 4 1 19 13 120 120 13 10 2 5 117 73 53 7 0 0 0 6 50 29 5 11 92 0 0 0 0 3 21 108 48 16 4 1 15 22 51 58 19 8 1 3 120 119 10 3 0 0 0 6 74 42 5 13 106 1 0 5 0 1 23 120 21 0 0 0 48 11 37 56 7 0 0 6 120 26 5 1 0 0 0 57 94 5 0 2 115 12 2 37 0 0 2 51 11 0 0 0 76 0 0 9 5 0 0 10 120 26 0 0 0 0 0 31 46 33 9 31 76 3 0 10;
<CIRCLE 97 13 1.26134 0 5.83709e-08>; 0 23 22 0 0 35 30 0 5 47 24 2 0 24 31 2 0 29 48 7 7 27 18 0 2 47 22 2 2 22 50 4 1 40 44 17 13 8 7 10 0 19 122 121 26 10 12 1 7 93 122 43 18 4 4 3 21 111 83 16 9 0 0 1 0 12 39 51 42 10 62 6 2 5 42 112 97 52 122 19 24 54 70 15 18 41 103 46 16 112 59 7 7 23 30 2 0 0 12 32 4 34 122 0 0 0 1 9 31 79 122 4 0 0 0 0 41 98 87 11 0 2 1 0 11 74 58 11;
<CIRCLE 237 8 2.52269 0 5.77296e-08>; 2 1 0 0 1 0 0 2 0 0 2 2 4 8 4 0 1 2 25 21 0 0 0 0 0 3 37 18 0 0 0 0 4 5 36 22 3 2 5 8 1 2 45 124 38 30 19 2 4 9 124 124 16 13 49 15 4 13 124 77 6 9 90 44 0 1 54 35 3 0 22 17 0 0 16 64 49 50 124 31 1 1 8 17 13 55 124 82 14 0 0 1 1 10 124 124 0 0 4 2 3 3 124 103 0 0 0 0 45 57 124 51 0 0 0 0 23 49 86 87 7 1 0 0 0 3 72 90;
<CIRCLE 205 51 5.04538 0 5.50064e-08>; 0 0 0 3 4 23 129 74 1 3 2 18 48 129 129 12 23 11 4 7 10 35 129 129 3 1 3 4 23 42 121 66 1 2 4 49 40 33 83 21 15 8 5 53 129 82 24 12 129 29 8 18 47 19 23 80 8 3 10 6 20 26 21 24 1 2 4 37 39 26 5 5 5 1 0 10 105 129 36 22 42 6 2 3 15 65 84 100 3 4 9 6 17 31 34 18 0 1 3 22 19 5 21 12 5 3 0 32 70 19 7 7 49 33 3 10 25 17 10 10 1 2 1 10 37 24 10 1;
<CIRCLE 47 45 1.78381 0 5.18495e-08>; 40 0 0 0 0 27 24 89 107 23 0 0 0 0 34 89 106 35 0 0 0 2 21 26 7 1 0 0 0 10 47 11 35 0 0 0 4 46 42 107 107 1 0 0 0 4 98 107 79 18 0 0 0 32 107 40 49 28 0 0 0 9 47 17 3 0 0 0 2 32 70 107 107 4 0 0 0 8 96 99 95 13 0 0 0 77 101 31 18 23 0 0 0 77 90 7 22 0 0 0 2 15 23 105 27 2 0 0 0 36 77 55 73 52 0 0 0 36 31 11 20 49 0 0 0 38 85 7;
<CIRCLE 206 50 5.04538 0 5.09186e-08>; 0 0 0 4 4 25 129 66 2 3 2 20 41 129 129 13 18 8 4 6 6 28 129 129 2 0 2 4 25 48 129 59 1 1 3 44 45 38 92 22 22 11 5 53 129 80 27 14 129 29 9 16 32 14 22 75 5 2 9 7 28 34 21 22 0 1 3 37 43 27 4 3 8 1 0 9 113 129 40 29 44 4 3 3 12 58 81 98 3 4 10 7 16 26 30 18 0 0 2 23 21 5 19 12 8 5 0 29 67 22 8 8 45 32 3 10 23 20 14 11 0 1 1 9 37 25 11 2;
<CIRCLE 44 154 3 0 5.07455e-08>; 33 10 21 27 40 5 0 3 124 16 2 11 18 0 0 10 87 0 0 0 0 0 0 33 23 0 0 0 0 1 4 22 24 29 107 27 4 0 3 12 124 69 13 8 2 0 0 8 101 54 11 0 0 0 0 20 34 25 17 0 0 1 4 12 38 23 27 0 0 0 10 39 82 105 14 0 0 0 2 11 17 124 101 3 0 0 0 0 3 57 124 7 0 0 0 0 8 124 124 0 0 0 0 1 6 124 124 0 0 0 0 0 3 92 124 23 0 0 0 0 0 10 124 107 5 0 0 0;
<CIRCLE 207 52 1.78381 0 5.00521e-08>; 0 0 4 68 128 7 0 0 24 10 11 55 128 51 8 18 128 66 2 1 19 10 11 89 31 23 21 2 3 16 8 8 0 0 2 28 128 72 4 0 38 0 5 24 48 128 22 29 128 27 0 0 3 18 20 116 28 25 14 0 0 41 61 17 0 0 0 14 47 69 24 2 11 0 0 0 33 128 43 35 89 28 2 0 6 32 38 124 12 55 63 2 1 34 24 5 0 0 0 0 31 41 21 12 15 0 0 0 57 57 18 25 79 0 0 0 10 23 25 84 2 0 5 0 1 86 47 6;
<CIRCLE 151 10 1.78381 0 4.54503e-08>; 11 25 38 21 12 2 3 2 2 1 1 11 29 24 62 12 38 0 3 2 1 4 61 81 35 4 31 3 0 0 6 39 41 31 35 12 5 3 14 47 17 28 132 23 2 7 58 24 17 39 83 23 1 1 59 75 5 8 54 15 1 1 79 72 2 1 9 15 19 39 27 18 12 8 55 24 4 22 111 135 23 20 20 0 0 0 116 135 1 0 0 0 0 0 135 135 6 0 0 0 0 25 49 22 87 0 0 0 0 2 32 135 16 0 0 0 0 0 44 135 1 0 0 0 0 0 56 102;
<CIRCLE 87 186 2.12132 0 4.466e-08>; 0 1 120 116 20 15 2 0 32 20 110 101 9 7 2 7 114 73 37 2 0 0 0 4 35 20 3 14 120 0 0 0 0 1 19 104 48 15 2 0 28 35 47 41 10 6 2 4 120 115 5 0 0 0 0 6 51 28 5 18 120 2 0 4 0 0 18 120 21 0 0 0 74 15 33 36 3 0 0 10 120 22 2 0 0 0 0 61 62 3 0 3 120 14 2 26 0 0 1 40 10 0 0 0 104 1 0 5 3 0 0 14 120 34 1 0 0 0 0 29 29 24 8 38 108 3 0 7;
<CIRCLE 193 19 1.26134 0 4.33867e-08>; 0 0 12 26 2 1 40 22 1 2 20 15 1 0 42 33 8 7 58 17 0 0 21 69 0 1 68 103 8 6 27 20 0 2 50 40 0 0 16 27 0 1 123 99 12 8 19 19 3 0 123 123 12 6 23 16 0 0 123 123 1 7 57 20 0 0 29 38 1 3 38 14 0 0 24 62 46 63 27 6 0 0 13 34 30 42 123 77 0 0 2 2 4 21 123 83 0 0 21 67 3 0 34 37 0 0 14 39 8 4 93 123 0 0 0 2 25 22 123 123 0 0 0 0 39 23 38 32;
<CIRCLE 24 59 8.48528 0 4.33094e-08>; 6 0 0 0 0 0 2 12 70 0 0 0 0 0 14 108 117 4 0 0 0 0 17 111 33 0 0 0 0 1 62 72 0 0 0 0 0 0 12 13 21 0 0 0 0 0 76 132 30 0 0 0 0 0 113 132 11 0 0 0 0 5 106 108 6 0 0 0 0 0 1 10 132 0 0 0 0 0 6 132 86 0 0 0 0 0 16 132 8 0 0 0 0 10 72 62 8 0 0 0 0 0 0 6 132 0 0 0 0 0 0 88 78 0 0 0 0 0 7 132 3 0 0 0 0 13 78 69;
<CIRCLE 95 15 2.12132 0 4.3303e-08>; 2 32 10 0 1 2 5 4 2 9 15 4 0 8 40 9 2 6 43 6 0 28 53 4 10 20 8 0 0 11 58 8 4 48 14 0 0 7 50 3 2 27 68 78 24 28 25 1 0 52 134 57 10 26 26 0 22 134 59 0 0 2 16 5 1 2 1 0 9 80 134 2 0 0 1 12 27 134 134 1 0 11 13 8 6 134 134 0 5 106 18 0 0 68 87 10 3 3 2 2 21 28 25 5 0 0 0 1 24 105 68 1 0 0 0 0 6 134 70 0 3 0 0 0 0 80 104 37;
<CIRCLE 213 16 5.04538 0 4.19557e-08>; 1 0 0 0 0 0 27 37 0 0 0 0 0 3 32 6 2 0 1 2 1 1 8 6 0 0 6 19 5 0 0 0 1 0 1 32 10 8 130 130 2 7 51 97 22 29 99 24 8 15 62 24 5 5 64 49 0 0 17 61 29 35 105 17 0 0 1 27 16 61 130 28 3 4 15 46 23 112 130 70 6 7 11 2 1 13 130 130 1 2 2 7 34 88 130 27 0 0 0 15 67 57 84 12 47 21 8 29 88 41 41 29 40 10 7 4 3 6 32 55 1 1 3 9 78 68 23 9;
<CIRCLE 35 42 1.5 0 4.15298e-08>; 4 0 1 1 7 36 15 20 24 0 0 0 10 56 53 42 23 0 0 0 11 86 49 46 86 5 0 0 0 0 12 90 5 0 0 0 48 27 24 71 23 0 0 0 24 47 49 113 17 0 0 0 34 113 49 69 103 0 0 0 0 3 34 113 3 0 0 0 28 31 54 96 21 0 0 0 27 48 41 113 4 0 0 0 58 113 50 95 78 3 0 0 0 2 52 113 0 0 0 0 0 11 80 91 3 0 0 0 10 51 43 105 3 0 0 0 17 83 45 91 13 0 0 0 0 12 67 113;
<CIRCLE 239 10 4.24264 0 4.14131e-08>; 0 0 0 0 0 0 1 1 0 0 1 2 2 0 0 0 0 0 5 5 0 0 0 0 0 0 1 1 0 0 0 0 6 6 30 13 2 2 18 17 1 0 21 98 42 17 22 2 0 0 64 71 7 8 81 46 2 2 13 7 0 0 128 75 7 13 31 6 0 1 128 108 0 0 4 17 15 80 128 31 8 3 2 5 4 29 128 128 10 1 0 0 0 0 128 128 4 1 1 1 0 4 117 112 0 0 1 7 60 91 101 13 71 40 16 31 69 32 30 36 114 20 1 0 0 0 19 81;
<CIRCLE 109 21 5.04538 0 4.00861e-08>; 3 7 2 1 0 3 6 1 4 6 6 1 0 1 12 12 2 1 0 0 1 11 45 10 19 6 0 0 0 6 32 21 2 9 7 7 5 75 120 3 32 69 26 10 5 71 62 27 62 47 0 0 0 6 95 59 27 5 0 0 0 3 120 60 0 0 0 1 19 90 81 5 47 11 2 8 30 107 113 88 53 10 0 0 0 0 120 120 23 4 0 0 0 21 120 49 0 0 0 2 36 70 67 12 120 8 2 9 54 69 35 83 120 1 0 0 0 0 33 120 7 0 0 0 4 26 83 43;
<CIRCLE 109 18 1.5 0 3.99298e-08>; 18 101 69 7 0 0 1 1 40 101 11 0 0 6 22 8 10 36 3 0 0 16 56 7 3 15 1 0 0 35 65 4 8 90 34 1 1 46 46 1 19 124 119 0 0 20 21 3 16 124 69 0 0 4 12 8 4 58 32 0 0 4 9 4 0 0 0 0 6 113 68 5 21 38 12 0 1 65 124 44 91 124 14 0 0 32 103 30 43 64 23 0 0 2 8 9 0 0 0 0 2 89 48 4 74 1 0 0 0 42 63 57 75 4 0 0 0 86 124 34 17 27 2 0 0 76 80 4;
<CIRCLE 261 163 3.56762 0 3.98984e-08>; 14 49 151 69 0 2 1 0 41 104 37 1 0 1 0 6 10 15 1 0 0 0 2 8 0 0 0 0 0 0 0 0 151 112 137 67 1 0 0 3 151 151 12 0 0 0 0 5 8 94 33 0 0 0 0 0 0 0 0 0 0 0 0 0 151 22 2 4 9 2 0 48 151 29 1 0 0 0 0 45 23 27 9 0 0 0 1 17 0 0 0 0 0 0 0 0 151 10 0 1 5 0 0 6 151 33 1 0 0 0 0 4 24 21 1 0 0 0 0 3 0 0 0 0 0 0 0 0;
<CIRCLE 47 195 1.26134 0 3.94418e-08>; 57 61 1 0 0 0 0 0 120 120 3 0 0 0 0 0 29 103 74 14 0 0 0 0 0 0 40 104 120 0 0 0 16 71 48 1 0 0 0 0 48 120 101 0 0 0 0 6 27 120 120 11 0 0 0 20 1 3 88 111 106 19 7 11 1 6 25 1 2 12 76 14 68 56 36 1 2 2 18 56 79 81 84 0 0 0 1 55 4 21 61 89 97 20 8 21 0 0 0 0 9 12 19 3 4 15 24 8 8 2 3 2 2 48 89 0 0 0 0 0 0 15 48 49 28 0 0 0;
<CIRCLE 110 24 1.06066 0 3.92069e-08>; 4 1 2 0 5 56 48 22 31 59 9 0 1 62 100 17 86 117 13 0 0 6 18 12 31 41 28 0 0 0 9 7 45 0 0 0 2 50 35 39 88 8 0 0 0 79 117 39 62 24 0 0 0 117 117 24 51 65 2 0 0 24 21 10 21 0 0 0 5 83 39 17 117 32 0 0 0 10 31 51 91 27 0 0 0 117 112 26 9 23 2 0 0 117 117 7 2 0 0 0 3 39 65 12 58 3 0 0 0 4 51 60 111 13 0 0 0 5 9 52 41 13 0 0 0 57 71 15;
<CIRCLE 237 9 3.56762 0 3.90605e-08>; 1 0 0 0 0 0 1 3 0 0 1 1 4 0 0 0 0 0 9 7 0 0 0 0 0 0 6 4 0 0 0 0 6 3 33 13 1 1 20 22 2 1 30 112 50 11 8 1 0 0 107 116 14 11 62 20 3 6 57 27 0 0 107 69 6 16 51 13 0 0 89 71 0 0 12 36 20 63 128 37 0 0 3 12 7 45 128 101 1 0 0 0 0 0 128 128 1 0 0 0 0 3 128 128 0 0 0 1 12 100 128 24 10 19 14 31 38 50 82 35 72 39 9 5 1 0 18 99;
<CIRCLE 46 44 1.5 0 3.68801e-08>; 48 0 0 0 3 21 13 78 78 21 0 0 0 4 55 72 110 72 0 0 0 3 25 17 21 11 0 0 0 13 35 8 46 0 0 0 11 28 28 110 110 5 0 0 0 13 94 95 62 27 0 0 0 46 110 31 69 48 0 0 0 13 35 12 11 0 0 0 7 23 51 110 110 19 0 0 0 14 84 65 110 26 0 0 0 71 105 31 18 22 0 0 0 108 68 6 9 0 0 0 2 11 25 110 27 4 0 0 0 50 91 57 106 52 0 0 0 31 31 14 28 24 0 0 0 70 62 5;
<CIRCLE 48 46 1.78381 0 3.62002e-08>; 51 0 0 0 0 17 20 109 100 25 0 0 0 0 56 76 94 29 0 0 0 4 30 23 6 1 0 0 0 9 61 11 47 0 0 0 2 25 43 109 109 1 0 0 0 10 109 109 68 18 0 0 0 52 109 32 41 36 0 0 0 10 46 14 6 0 0 0 0 16 78 109 109 10 0 0 0 16 97 69 82 19 0 0 0 93 98 23 14 21 0 0 0 72 109 7 35 0 0 0 1 6 17 95 29 3 0 0 0 50 65 34 57 77 0 0 0 38 24 8 16 65 1 0 0 30 84 7;
<CIRCLE 35 31 1.06066 0 3.5166e-08>; 22 8 3 43 54 5 8 11 18 15 19 14 6 46 101 24 23 8 2 3 12 113 72 4 113 53 0 0 2 12 8 7 14 15 6 10 44 68 9 5 34 96 100 30 16 38 15 10 33 96 25 35 57 77 14 16 113 45 6 10 29 15 4 26 0 0 0 1 18 107 37 3 14 22 5 5 14 113 113 34 23 48 20 25 16 91 85 27 112 2 4 7 7 5 10 113 14 0 0 0 29 38 16 15 60 5 1 1 26 37 54 64 3 1 0 1 49 113 52 18 77 0 0 0 0 9 20 86;
<CIRCLE 110 20 2.12132 0 3.48701e-08>; 4 71 94 6 0 3 8 1 25 120 15 0 0 2 39 11 9 22 2 0 0 12 83 12 4 2 0 0 0 13 75 8 1 49 24 2 0 91 76 0 21 124 39 0 0 17 51 17 40 124 23 0 0 0 13 15 8 63 11 0 0 2 20 3 0 0 0 0 0 124 87 1 17 9 0 0 0 41 124 115 44 36 1 0 0 26 124 77 20 41 3 0 0 17 59 10 5 5 4 10 11 45 31 3 27 2 0 0 0 14 70 114 36 0 0 0 0 24 110 123 3 0 0 0 0 48 124 22;
<CIRCLE 261 162 2.12132 0 3.37181e-08>; 153 153 75 2 0 0 0 60 70 153 3 0 0 0 0 0 18 53 7 0 0 0 1 1 0 2 1 0 0 0 0 0 153 96 0 0 0 2 9 71 34 153 17 0 0 1 6 7 7 153 95 0 0 0 0 0 0 14 24 0 0 0 0 0 153 41 0 0 0 3 11 68 48 23 1 0 0 4 19 31 40 54 34 0 0 0 3 35 0 4 12 0 0 0 2 5 153 20 5 0 0 0 4 65 22 18 8 0 0 1 13 22 43 16 1 0 0 0 2 51 1 1 0 0 0 0 1 7;
<CIRCLE 86 185 1.78381 0 3.29088e-08>; 0 0 120 104 18 41 11 0 26 10 90 98 16 25 12 15 120 59 32 4 0 1 3 24 98 39 1 2 29 0 0 0 0 3 20 120 53 34 8 0 16 28 45 54 10 15 6 3 119 120 9 9 0 0 1 5 108 81 0 7 29 0 0 5 0 2 20 120 47 0 0 0 34 14 61 60 3 0 0 4 120 52 8 6 0 0 0 48 120 19 0 1 31 4 1 60 0 0 3 66 11 0 0 0 70 1 2 13 4 0 0 9 120 7 0 0 0 0 0 60 108 21 3 7 26 3 2 45;
<CIRCLE 235 18 2.12132 0 3.28979e-08>; 0 1 54 31 0 0 1 1 0 0 29 99 44 20 14 1 1 1 30 78 29 41 113 15 1 1 20 15 3 10 115 55 0 1 19 12 0 0 83 59 0 0 4 4 17 25 115 83 0 0 0 0 27 88 115 45 0 0 0 0 0 16 101 115 0 0 0 0 4 6 115 115 0 0 0 2 60 56 115 43 0 0 0 0 52 86 89 48 2 2 2 4 1 5 78 87 1 0 0 0 4 17 59 24 0 0 0 6 31 44 97 9 0 0 0 17 37 56 65 16 4 24 40 97 41 3 19 14;
<CIRCLE 6 46 3 0 3.20519e-08>; 0 0 0 0 0 0 1 0 70 4 0 0 1 16 53 53 121 22 0 0 0 0 26 108 11 9 2 0 0 0 39 50 0 0 0 0 0 1 0 0 31 7 0 0 34 108 54 42 115 23 0 0 3 12 61 130 12 1 0 0 0 0 123 130 0 0 0 0 0 0 0 0 12 0 1 4 20 76 62 64 80 3 0 0 1 11 85 130 39 0 0 0 0 0 74 130 0 0 0 0 0 0 0 0 9 0 0 0 0 1 59 34 112 2 0 0 0 0 16 130 104 0 0 0 0 0 1 130;
<CIRCLE 156 63 5.04538 0 2.96601e-08>; 4 1 0 0 4 28 67 22 145 28 0 0 3 15 26 145 110 12 0 0 0 0 49 145 5 3 2 15 7 9 78 36 13 3 1 1 19 16 10 24 145 33 1 1 16 12 7 133 145 24 2 1 0 0 0 60 7 6 5 23 14 11 1 5 20 5 1 2 4 4 41 37 145 9 0 0 1 2 7 104 141 37 5 1 0 0 1 37 3 6 7 18 8 4 11 10 17 4 1 11 9 6 13 8 145 22 0 3 3 1 1 12 123 14 0 0 0 0 0 26 8 0 0 0 6 7 8 10;
<CIRCLE 234 19 2.12132 0 2.83572e-08>; 0 0 51 31 0 0 0 0 0 1 33 65 34 14 13 3 0 0 12 63 34 49 115 11 1 1 11 7 2 12 115 59 0 1 17 10 0 0 109 78 0 0 4 2 11 18 115 104 0 0 0 0 40 89 115 40 0 0 0 0 3 23 82 115 0 0 0 0 3 7 115 114 0 0 0 2 51 45 115 38 0 0 0 0 56 97 89 30 1 2 5 9 4 8 78 79 2 0 0 0 2 13 58 31 0 0 0 11 27 33 103 14 0 0 0 13 45 56 57 9 1 12 30 106 68 6 18 10;
<CIRCLE 206 29 1.06066 0 2.81398e-08>; 0 0 0 0 8 30 44 62 0 0 0 0 12 123 32 6 16 0 0 0 0 106 71 52 48 13 0 0 0 0 67 69 1 0 0 14 68 22 45 93 20 0 2 16 57 93 24 24 8 0 0 0 5 123 83 14 36 38 0 0 0 22 71 16 8 0 0 60 123 7 10 45 123 2 0 25 55 22 16 35 47 2 0 0 49 123 30 16 66 14 0 0 8 50 54 32 5 1 0 15 123 35 1 8 123 73 4 2 30 21 3 7 63 51 1 0 37 116 16 6 44 16 0 0 13 83 33 8;
<CIRCLE 140 116 7.13524 0 2.79408e-08>; 5 0 0 0 0 3 12 25 15 0 0 0 0 1 13 18 127 3 0 0 0 0 1 24 32 1 0 0 1 2 4 13 0 0 0 0 0 6 48 23 9 0 0 0 0 4 56 40 78 0 0 0 0 0 13 137 10 0 0 0 0 3 58 62 0 1 62 12 0 5 25 12 18 22 125 9 0 0 32 37 95 119 50 0 0 0 11 119 15 16 0 0 0 1 60 54 0 1 137 107 18 0 12 12 4 29 137 30 0 0 53 37 137 137 121 2 0 0 23 47 82 107 8 2 0 0 5 7;
<CIRCLE 241 141 1.06066 0 2.59862e-08>; 0 0 0 0 0 57 78 7 0 0 0 3 1 22 114 34 28 1 0 8 23 18 52 114 4 2 21 60 57 25 19 16 0 0 20 36 1 12 82 17 6 11 30 114 17 10 60 25 114 57 20 56 39 29 8 19 13 2 4 16 114 106 24 5 14 6 60 114 5 3 18 44 24 5 26 97 39 81 63 44 114 15 6 17 29 39 12 65 25 0 0 6 84 40 19 9 23 0 2 10 3 31 74 68 27 0 0 0 58 81 25 48 98 9 29 1 21 45 18 74 10 5 78 3 17 45 81 7;
<CIRCLE 193 20 3 0 2.56482e-08>; 2 0 0 0 0 0 119 119 2 0 0 0 0 0 119 119 1 0 5 22 5 7 119 48 0 1 35 40 4 9 63 4 0 0 4 13 0 0 83 61 0 0 27 49 6 3 51 32 1 1 61 119 17 25 55 12 1 5 70 114 12 32 62 10 0 0 10 22 2 1 49 31 0 0 5 24 9 17 119 64 0 0 4 16 7 80 119 13 0 0 0 2 3 87 119 29 0 0 0 0 4 5 119 75 0 0 0 0 10 42 107 45 0 0 1 6 39 81 41 2 7 21 9 10 24 24 33 10;
<CIRCLE 199 18 1.78381 0 2.49601e-08>; 4 0 0 0 0 0 41 65 8 0 4 9 7 7 55 41 0 0 24 86 36 12 35 3 0 0 88 67 1 1 7 1 4 2 46 47 4 1 9 12 8 4 124 124 7 3 12 10 0 0 93 124 23 25 30 1 0 0 109 94 3 12 39 3 0 0 22 52 42 16 31 13 0 0 37 58 13 20 124 51 0 0 7 20 4 115 124 11 0 0 1 1 1 76 124 29 0 0 0 5 9 9 109 91 0 0 0 0 17 50 112 38 0 0 0 0 10 68 84 12 2 0 0 0 2 82 59 19;
<CIRCLE 167 7 1.06066 0 2.4196e-08>; 5 6 53 11 0 4 41 26 15 17 63 49 4 1 3 18 0 1 36 120 19 21 3 0 0 0 4 48 34 17 16 1 1 25 101 24 0 0 9 10 6 76 77 10 3 1 27 40 15 17 5 11 8 50 79 77 0 0 0 2 3 37 126 60 3 4 3 0 0 0 123 126 2 7 1 0 0 0 126 126 4 2 0 0 0 0 126 126 0 0 0 0 0 0 126 88 0 0 0 0 0 0 91 112 0 0 0 0 0 0 82 86 0 0 0 0 0 0 67 57 1 0 0 0 0 0 39 49;
<CIRCLE 143 7 1.06066 0 2.37742e-08>; 8 8 79 25 0 4 29 20 25 40 108 28 1 0 4 16 2 10 23 107 30 19 7 0 0 0 0 28 26 33 35 0 2 22 119 62 0 0 3 7 12 119 119 8 0 0 6 41 60 100 26 6 6 17 21 53 27 5 14 1 0 37 119 27 2 2 14 2 0 17 116 84 11 13 6 12 3 0 77 119 45 17 82 71 2 0 15 117 22 8 119 84 0 0 8 12 5 10 0 0 0 9 75 37 0 2 5 22 26 31 25 37 0 0 40 84 15 92 32 2 0 0 57 50 0 34 69 20;
<CIRCLE 95 14 2.12132 0 2.00245e-08>; 3 24 8 0 2 3 6 4 2 5 7 1 1 12 52 9 2 3 21 2 0 32 65 5 10 16 4 0 0 11 54 7 4 58 17 0 0 3 22 3 3 30 73 70 17 13 10 2 1 48 131 54 7 14 14 1 23 131 56 0 0 2 25 6 2 4 1 0 5 70 131 3 1 2 6 25 29 131 131 1 0 20 33 16 9 131 131 0 7 131 27 0 0 52 66 6 3 3 2 1 22 37 41 3 0 0 0 0 24 122 70 1 0 0 0 0 3 131 77 0 2 0 0 0 0 83 108 34;
<CIRCLE 262 162 1.78381 0 1.98255e-08>; 150 163 6 0 0 2 5 37 56 163 14 0 0 0 0 0 9 82 16 0 0 1 4 2 0 5 2 0 0 0 1 0 55 145 2 0 0 36 28 18 31 163 63 0 0 0 3 18 5 163 163 0 0 0 0 2 0 20 41 0 0 0 0 0 108 13 0 0 0 26 28 27 77 43 3 0 0 4 11 52 37 70 69 0 0 0 18 37 0 5 22 0 0 0 7 5 40 13 5 0 0 8 30 35 43 10 2 0 0 6 27 47 49 5 0 0 0 0 8 98 1 0 0 0 0 0 4 13;
<CIRCLE 244 17 0.891905 0 1.86633e-08>; 0 0 0 6 109 48 55 19 102 0 0 0 31 24 11 125 75 0 0 0 1 84 10 104 4 1 0 0 2 125 48 6 1 0 0 33 125 26 18 25 78 0 0 0 11 10 23 125 52 0 0 0 3 30 32 91 6 0 0 0 1 120 37 8 10 0 0 9 32 16 65 68 93 0 0 4 8 7 30 125 24 1 0 18 59 34 27 41 32 2 0 2 2 59 45 22 9 0 0 0 2 4 62 84 42 0 0 8 25 11 19 125 21 1 0 24 76 25 24 22 91 2 0 1 0 12 29 68;
<CIRCLE 6 45 2.52269 0 1.77764e-08>; 0 0 0 0 0 2 4 0 52 21 0 0 3 32 76 51 78 60 5 0 0 0 51 118 4 15 23 1 0 1 64 52 0 0 0 0 3 6 2 0 31 29 4 9 66 107 49 39 96 94 2 0 2 6 65 123 11 21 3 0 1 4 87 115 0 0 0 1 2 5 1 0 11 3 4 13 50 123 78 73 50 18 0 0 1 12 123 123 29 4 0 0 0 0 83 123 0 0 0 0 0 0 2 0 13 3 1 1 0 5 50 36 89 22 0 0 0 0 15 102 90 2 0 0 0 0 1 123;
<CIRCLE 106 13 1.26134 0 1.7721e-08>; 1 30 33 5 6 22 23 1 3 53 18 0 0 34 94 6 3 18 5 0 0 50 106 3 4 10 9 1 1 28 79 2 3 73 125 26 18 1 0 0 65 130 51 4 1 1 6 11 22 74 15 0 0 25 54 13 5 61 9 0 0 24 72 4 11 45 64 9 14 28 42 14 43 130 68 4 2 23 22 4 15 130 130 0 0 21 24 6 3 111 44 0 0 15 35 5 0 0 0 0 17 63 70 13 2 16 11 1 12 97 54 14 24 126 56 0 3 56 73 14 51 130 32 0 0 3 11 7;
<CIRCLE 101 36 2.52269 0 1.75552e-08>; 0 0 0 4 18 47 45 4 0 0 0 2 11 122 55 0 7 1 0 0 0 68 104 54 24 7 0 0 0 17 112 77 0 0 16 42 13 7 37 19 5 11 8 57 76 32 18 5 79 40 9 16 7 12 40 74 45 0 0 0 0 5 38 122 0 0 4 10 40 35 63 20 11 12 5 79 122 25 6 5 122 81 6 17 22 2 2 44 111 7 0 0 0 0 11 72 0 0 1 10 43 50 33 7 5 1 1 12 99 122 63 17 122 6 1 4 5 21 55 122 90 19 0 0 0 0 18 37;
<CIRCLE 201 10 4.24264 0 1.73503e-08>; 0 0 0 0 0 0 2 8 0 0 0 0 0 0 4 7 0 0 0 0 0 0 5 1 0 0 0 0 0 0 1 1 2 0 0 0 0 0 120 120 2 0 1 16 4 6 120 120 0 2 28 38 6 16 94 8 5 6 29 9 1 2 21 16 0 0 0 8 4 3 120 89 0 0 5 94 31 46 102 30 4 9 50 98 27 51 116 38 7 14 33 5 0 1 110 101 0 0 0 2 1 9 120 57 0 0 0 4 18 99 120 11 6 4 2 4 12 68 120 54 5 1 1 0 0 2 105 112;
<CIRCLE 243 61 1.78381 0 1.65956e-08>; 4 0 31 85 1 0 5 87 11 5 6 62 66 10 25 77 101 25 7 30 41 6 5 7 45 41 2 5 23 4 0 0 2 0 8 51 14 0 22 118 34 3 1 118 118 4 6 47 118 12 3 48 77 1 0 47 54 61 7 28 51 0 0 0 0 0 28 118 12 1 8 16 35 0 1 100 61 15 36 35 118 1 0 6 111 5 5 43 46 73 0 13 118 3 0 0 0 0 2 37 11 4 40 35 25 2 0 18 53 15 35 14 103 4 0 4 96 7 0 6 22 22 0 7 118 5 0 3;
<CIRCLE 244 91 20.1815 0 1.61174e-08>; 11 0 0 0 0 1 30 124 0 0 0 0 0 6 97 31 0 0 0 0 0 0 41 1 0 0 0 0 0 0 0 0 93 0 0 0 0 8 37 124 7 0 0 0 1 59 121 27 0 0 0 0 1 10 53 1 0 0 0 0 0 0 0 0 124 109 40 19 0 5 37 103 14 20 124 93 5 63 124 20 0 12 92 7 0 16 64 0 0 0 0 0 0 0 0 0 124 74 43 62 27 0 0 34 27 57 124 124 56 1 1 0 21 53 118 7 0 0 0 0 0 0 0 0 0 0 0 0;
<CIRCLE 235 27 1.5 0 1.56825e-08>; 0 0 0 4 3 9 110 64 0 0 0 38 64 22 67 22 0 0 0 25 95 32 60 15 12 0 0 0 9 12 33 103 0 0 0 22 32 12 25 8 0 0 0 49 48 19 110 58 2 0 0 6 72 68 101 54 11 0 2 23 14 23 29 110 0 0 0 8 15 9 108 73 0 0 0 64 75 18 103 66 11 0 0 35 103 22 27 69 7 0 6 110 110 6 7 62 0 0 28 91 5 2 38 21 0 0 5 110 45 5 13 14 21 0 0 38 48 8 28 44 3 2 8 99 110 37 5 6;
<CIRCLE 206 30 0.891905 0 1.54492e-08>; 0 0 0 2 33 26 35 54 0 0 0 5 26 125 7 4 3 0 0 0 2 125 61 10 54 18 0 0 0 7 45 21 7 0 0 49 125 17 17 31 70 0 2 13 34 40 34 48 8 0 0 0 17 125 64 15 18 5 0 0 3 38 73 23 19 0 0 72 125 6 2 8 125 4 0 7 15 12 8 28 53 0 0 0 55 125 20 11 65 14 0 0 19 89 13 19 8 4 1 7 125 52 0 0 125 98 5 0 9 12 2 5 70 63 1 0 33 84 13 7 17 4 0 0 24 125 36 4;
<CIRCLE 96 57 2.12132 0 1.48844e-08>; 0 0 9 21 14 15 35 10 0 0 0 8 88 111 45 7 9 0 0 6 61 111 111 39 111 2 0 0 0 7 48 111 0 0 15 31 3 2 106 89 0 0 3 94 111 49 83 37 19 0 0 21 65 53 85 72 56 3 0 0 0 17 88 50 0 0 71 111 1 1 48 34 0 0 18 111 40 26 71 35 18 0 0 5 12 24 56 90 33 1 0 0 0 37 53 42 0 0 10 15 5 9 110 32 1 0 0 6 39 22 54 34 10 0 0 0 9 27 27 50 50 0 0 0 0 18 16 45;
<CIRCLE 24 56 8.48528 0 1.46715e-08>; 7 0 0 0 0 0 1 12 78 0 0 0 0 0 8 101 118 4 0 0 0 0 12 103 30 0 0 0 0 1 65 68 0 0 0 0 0 0 13 14 19 0 0 0 0 0 80 132 40 0 0 0 0 0 113 132 16 0 0 0 0 4 102 115 5 0 0 0 0 0 2 11 131 0 0 0 0 0 12 132 77 0 0 0 0 0 26 132 7 0 0 0 0 10 80 64 8 0 0 0 0 0 0 6 132 0 0 0 0 0 0 88 78 0 0 0 0 0 6 132 4 0 0 0 0 11 75 67;
<CIRCLE 212 25 1.06066 0 1.20236e-08>; 0 0 0 0 0 22 84 56 0 0 0 0 0 17 125 69 1 4 3 0 0 3 125 84 1 3 8 0 0 0 125 73 9 0 0 0 0 79 73 60 40 5 0 0 0 0 125 125 10 3 0 0 0 0 125 111 12 7 0 0 0 0 96 55 7 0 0 0 1 110 56 12 63 46 0 0 0 14 63 28 36 110 0 0 0 2 69 23 5 35 4 0 0 0 83 23 16 0 0 0 18 106 25 10 34 10 0 0 4 37 64 25 23 44 0 0 0 30 114 14 4 52 13 0 0 13 38 5;
<CIRCLE 54 161 1.5 0 9.82062e-09>; 10 66 42 1 0 0 0 3 29 34 30 0 0 0 0 10 19 33 38 0 0 0 0 2 19 32 30 2 0 0 0 0 1 125 113 0 0 1 9 7 4 109 150 12 3 3 2 4 4 47 150 8 2 0 0 3 5 35 150 1 0 0 2 7 6 30 20 0 0 2 14 18 2 12 46 25 32 17 7 10 7 12 96 17 18 10 6 29 6 18 143 8 0 0 15 46 0 60 120 0 0 0 0 0 0 38 97 37 5 1 0 0 1 8 98 150 14 5 1 2 1 10 150 73 2 30 14 2;
<CIRCLE 192 6 0.891905 0 9.31808e-09>; 13 0 0 0 0 0 113 113 14 0 0 0 0 0 74 110 0 0 0 0 0 0 109 32 4 0 0 0 0 0 96 35 0 0 0 0 0 0 113 79 10 1 0 0 0 0 112 113 3 0 0 0 6 9 113 79 2 3 0 0 3 8 97 55 2 9 3 1 3 3 32 53 41 11 3 0 2 2 35 92 18 4 0 1 11 20 83 70 0 3 0 0 3 7 113 78 1 2 0 0 1 1 113 87 6 0 4 1 0 0 93 113 4 7 17 0 0 0 81 110 0 5 17 5 0 0 66 65;
<CIRCLE 50 7 1.26134 0 8.14732e-09>; 8 0 0 0 2 40 51 32 26 52 2 0 0 66 57 13 4 97 14 0 0 7 7 1 1 19 2 0 0 5 17 4 44 2 0 0 0 18 56 47 34 11 0 0 0 126 126 44 7 95 14 0 0 126 126 8 2 126 26 0 0 56 47 4 44 3 0 0 0 28 60 28 85 6 0 0 0 13 46 84 42 42 0 0 0 126 126 17 10 36 2 0 0 126 126 8 70 14 0 0 2 24 34 14 67 17 0 0 0 37 57 17 38 47 0 0 0 46 47 2 20 76 0 0 0 43 44 4;
<CIRCLE 149 129 1.78381 0 7.81341e-09>; 18 0 0 0 0 22 20 18 147 0 0 0 0 1 4 91 56 0 0 0 0 0 16 88 4 0 0 0 0 1 48 40 32 0 0 0 0 16 9 27 147 0 0 0 0 0 3 120 70 0 0 0 0 0 18 118 7 0 0 0 0 2 39 56 56 4 3 2 0 3 3 11 147 2 0 0 0 0 0 59 113 0 0 0 0 0 4 63 20 0 0 0 0 0 26 42 33 28 74 17 0 0 0 0 147 147 124 1 0 0 0 9 78 109 125 0 0 2 2 17 34 31 5 0 0 0 6 24;
<CIRCLE 144 189 1.26134 0 6.46646e-09>; 12 3 0 0 2 37 29 10 10 2 0 0 0 17 32 38 15 8 1 0 0 0 15 25 22 28 0 0 0 0 2 3 1 0 0 0 1 138 138 5 3 0 0 0 0 102 138 27 1 1 0 0 0 23 97 25 5 11 0 0 0 10 44 16 6 27 6 0 0 58 136 7 0 5 9 0 0 138 138 1 0 3 0 0 0 138 138 6 0 0 0 0 0 113 138 7 2 56 44 1 0 0 0 0 0 42 75 0 0 5 12 1 2 66 25 0 0 24 56 2 7 29 3 0 0 55 120 8;
<CIRCLE 52 156 2.52269 0 4.201e-09>; 130 12 1 3 4 0 0 11 67 1 0 0 0 0 0 36 38 2 0 0 0 0 5 32 2 0 0 0 1 11 21 5 130 90 5 0 0 0 0 7 61 88 33 0 0 0 0 10 45 57 48 0 0 0 0 3 5 19 50 14 4 4 4 1 36 87 13 0 0 0 0 13 11 130 108 5 1 0 0 1 1 67 130 14 2 0 0 0 0 41 130 27 0 0 0 0 3 83 130 0 0 0 0 0 3 82 130 14 1 0 0 0 0 15 130 130 6 0 0 0 0 16 130 80 0 0 0 0;
<CIRCLE 126 69 2.12132 0 3.75112e-09>; 42 88 0 0 0 9 41 19 27 64 2 0 0 3 81 49 5 45 25 1 0 14 79 12 0 5 26 29 3 2 46 17 27 101 6 0 0 104 78 7 21 132 87 0 0 22 56 16 5 78 132 14 1 13 74 11 2 1 92 65 1 1 42 34 0 1 0 0 0 91 118 16 3 32 17 0 0 61 132 30 6 26 55 3 0 0 132 80 1 0 23 7 2 4 132 91 6 5 0 0 0 1 22 26 18 0 0 0 0 1 54 52 21 0 0 1 4 2 71 48 0 0 0 16 24 7 35 7;
<CIRCLE 165 48 1.5 0 2.6148e-09>; 98 15 0 0 0 2 56 76 51 109 29 0 0 7 28 51 9 106 75 0 0 0 29 42 1 17 90 9 0 5 25 12 55 105 1 0 1 6 50 37 19 104 17 0 0 35 118 22 8 71 53 0 0 3 118 54 1 12 64 2 0 0 118 45 36 79 2 0 1 2 20 24 23 118 40 0 0 0 21 15 4 118 118 0 0 0 48 17 0 49 118 7 0 0 42 11 49 41 0 0 0 0 30 29 7 21 4 0 0 0 70 36 1 21 27 0 0 2 89 26 0 16 42 2 0 1 62 25;
<CIRCLE 250 59 1.5 0 2.22856e-09>; 72 14 10 43 55 9 10 14 89 15 3 3 81 17 0 3 74 70 3 0 14 4 0 0 2 30 15 0 1 33 6 0 120 13 2 103 92 0 0 28 120 15 13 38 120 2 0 11 98 70 13 8 22 0 0 0 11 26 13 0 0 0 2 2 120 1 0 28 46 5 9 88 94 14 4 26 120 1 0 16 120 112 4 12 45 0 0 0 23 57 1 0 0 0 3 4 90 5 0 3 17 4 11 18 57 7 0 3 120 15 0 1 62 106 0 3 61 7 0 1 11 102 8 0 0 0 0 0;
