KOEN1
128
232
<CIRCLE 178 45 5.04538 0 6.96843e-05>; 0 0 0 0 0 10 12 2 16 0 0 0 0 1 9 39 4 0 0 0 7 27 9 15 0 0 0 0 4 22 3 0 2 0 0 0 0 8 115 32 17 0 0 0 8 24 157 157 1 0 0 0 101 124 90 28 0 0 0 0 24 23 0 0 57 0 0 0 0 0 52 51 157 0 0 0 77 19 54 135 8 0 0 0 157 65 21 9 0 0 0 0 44 19 0 0 82 2 0 0 0 0 0 3 157 3 0 0 79 0 0 2 9 0 0 1 157 6 0 0 0 0 0 0 39 9 0 0;
<CIRCLE 180 44 3.56762 0 6.33833e-05>; 5 0 0 0 0 4 6 9 20 0 0 0 0 1 10 37 2 0 0 0 13 21 9 9 0 0 0 0 10 13 1 0 5 0 0 0 0 2 99 98 7 0 0 0 10 34 147 147 0 0 0 0 101 124 76 10 0 0 0 0 26 15 0 0 111 0 0 0 0 0 43 109 94 0 0 0 98 28 72 107 0 0 0 0 147 62 15 1 0 0 0 0 40 16 1 0 147 0 0 0 0 0 0 8 122 0 0 0 105 1 0 3 0 0 0 0 147 5 0 0 0 0 0 0 38 5 0 0;
<CIRCLE 177 47 6 0 5.60679e-05>; 0 0 0 0 1 18 12 1 10 0 0 0 0 3 17 41 4 0 0 0 5 32 13 19 0 0 0 0 3 26 3 0 3 0 0 0 0 10 118 30 20 0 0 0 8 25 158 158 2 0 0 0 111 137 90 35 0 0 0 0 25 30 0 0 66 0 0 0 0 0 36 39 158 0 0 0 70 15 37 115 17 0 0 0 158 59 15 12 0 0 0 0 49 22 0 0 80 6 0 0 0 0 0 1 158 11 0 2 67 0 0 0 18 1 0 8 158 4 0 0 0 0 0 1 45 7 0 0;
<CIRCLE 181 43 2.52269 0 5.33397e-05>; 19 0 0 0 0 0 1 14 16 0 0 0 0 0 11 27 2 0 0 0 21 12 7 6 0 0 0 0 14 6 0 0 8 0 0 0 0 0 121 150 3 0 0 0 13 33 150 118 0 0 0 0 114 115 78 8 0 0 0 0 29 11 0 0 118 0 0 0 0 0 63 146 10 0 0 0 104 24 105 51 0 0 0 0 150 50 13 0 0 0 0 0 42 11 0 0 150 0 0 0 0 0 0 8 15 0 0 0 103 0 0 1 0 0 0 0 150 6 0 0 0 0 0 1 34 6 0 0;
<CIRCLE 182 42 1.5 0 4.4816e-05>; 9 0 0 0 0 0 8 18 9 0 0 0 0 1 27 23 0 0 0 0 20 16 14 5 0 0 0 0 17 9 0 0 0 0 0 0 0 0 162 117 0 0 0 0 16 47 162 93 0 0 0 0 128 131 83 4 0 0 0 0 39 14 0 0 1 0 0 0 0 0 156 70 0 0 0 2 128 33 109 29 0 0 0 1 162 48 10 0 0 0 0 0 64 5 0 0 2 0 0 0 0 0 1 2 0 0 0 1 127 4 0 0 0 0 0 0 162 11 0 0 0 0 0 0 49 7 0 0;
<CIRCLE 177 49 7.13524 0 3.53179e-05>; 0 0 0 0 2 27 11 0 6 0 0 0 0 6 24 44 2 0 0 0 3 37 17 19 0 0 0 0 2 27 4 1 11 0 0 0 0 11 100 43 20 0 0 0 11 31 151 151 1 0 0 0 116 146 82 32 0 0 0 0 21 33 1 1 112 2 0 0 0 0 20 37 151 2 0 0 77 16 30 99 18 0 0 0 151 58 11 10 0 0 0 0 44 21 1 1 106 21 0 0 0 0 0 0 151 48 11 16 58 0 0 0 14 5 6 47 151 3 0 0 1 0 0 5 39 3 0 0;
<CIRCLE 177 93 6 0 3.07077e-05>; 91 2 0 0 0 0 0 6 165 4 0 0 78 0 0 8 21 0 0 1 165 9 0 0 0 0 0 0 50 12 0 0 90 37 0 0 0 0 0 0 165 93 27 31 70 0 0 0 17 10 16 96 165 1 0 0 0 0 0 13 60 2 0 0 44 45 9 0 0 0 0 0 27 88 117 73 14 0 0 0 0 7 56 165 102 0 0 0 0 0 3 37 26 0 0 0 21 25 18 3 0 0 0 0 0 3 25 68 13 0 0 0 0 0 21 77 27 0 0 0 7 3 13 72 14 0 1 8;
<CIRCLE 182 41 1.06066 0 2.64293e-05>; 6 0 0 0 0 0 8 17 6 0 0 0 0 0 25 17 1 0 0 0 10 10 16 6 0 0 0 0 26 10 0 0 0 0 0 0 0 0 157 93 0 0 0 0 4 31 157 79 0 0 0 0 72 128 114 5 0 0 0 0 52 23 0 0 0 0 0 0 0 0 157 82 0 0 0 2 76 46 157 41 0 0 0 2 157 91 26 0 0 0 0 1 104 10 0 0 0 0 0 0 0 0 9 3 0 0 0 3 107 4 2 0 0 0 0 2 157 7 0 0 0 0 0 1 90 2 0 0;
<CIRCLE 177 92 6 0 2.38564e-05>; 89 2 0 0 0 0 1 8 166 3 0 0 77 1 0 12 21 0 0 1 166 10 0 1 0 0 0 0 49 12 0 0 92 34 0 0 0 0 0 0 166 83 21 27 73 0 0 0 18 9 13 84 166 2 0 0 0 0 0 12 61 2 0 0 45 46 8 0 0 0 0 0 33 95 118 71 15 0 0 0 1 7 57 166 113 0 0 0 0 0 2 35 27 0 0 0 21 25 16 3 0 0 0 0 0 3 24 64 14 0 0 0 0 0 17 75 29 0 0 0 6 3 12 69 14 0 0 6;
<CIRCLE 178 94 5.04538 0 2.30284e-05>; 95 5 0 0 0 0 0 1 164 6 0 1 92 0 0 0 11 0 0 4 164 5 0 0 0 0 0 0 47 9 0 0 79 42 1 0 0 0 0 0 164 103 40 40 81 0 0 0 8 7 18 107 164 1 0 0 0 0 0 16 52 1 0 0 15 41 14 3 0 0 0 0 24 81 150 78 20 0 0 0 0 3 61 164 98 0 0 0 0 0 0 27 26 0 0 0 0 17 13 5 1 0 0 0 0 1 10 49 24 0 0 0 0 0 4 49 35 0 0 0 0 0 6 48 14 0 0 0;
<CIRCLE 213 142 5.04538 0 2.10777e-05>; 0 0 11 46 14 0 0 0 10 4 20 91 30 0 0 12 127 21 16 22 7 4 15 111 14 0 0 2 4 54 75 28 5 17 78 82 1 0 1 4 37 47 35 51 13 1 52 127 127 23 12 11 5 0 15 127 13 2 3 23 10 5 4 12 3 26 33 24 13 0 0 1 20 127 112 3 3 1 11 33 11 127 127 1 0 0 3 23 2 95 96 3 1 0 0 0 0 0 3 15 11 0 0 0 0 13 22 12 9 4 0 0 0 90 89 9 1 0 0 0 0 127 127 3 0 0 0 0;
<CIRCLE 216 142 6 0 1.91728e-05>; 0 0 8 56 21 0 0 0 24 9 17 78 16 0 0 13 82 12 9 8 2 23 48 79 0 0 3 2 4 54 117 7 4 12 94 80 2 0 0 2 66 48 26 52 10 0 17 124 118 25 14 11 4 4 9 124 8 2 2 12 28 18 27 7 3 23 42 29 10 0 0 0 27 124 113 4 3 0 2 29 13 124 124 2 0 0 0 13 3 91 101 24 21 0 0 0 0 0 12 27 8 0 0 0 0 14 38 25 6 0 0 0 0 86 122 13 0 0 3 0 9 124 124 10 2 0 3 6;
<CIRCLE 98 92 12 0 1.88079e-05>; 102 2 0 0 0 0 1 12 12 0 0 0 113 12 2 1 5 0 0 1 134 23 5 6 19 0 0 0 9 10 52 59 90 60 19 3 0 0 0 0 12 12 44 54 113 0 0 0 30 4 3 54 134 0 0 3 118 30 5 5 14 1 4 25 9 85 134 25 0 0 0 0 1 21 134 134 13 0 0 0 18 22 54 134 57 0 0 0 44 61 37 22 2 0 0 0 0 7 112 64 23 3 2 1 6 17 134 32 0 0 10 6 23 39 58 21 1 2 2 3 3 25 65 24 3 7 2 0;
<CIRCLE 210 142 4.24264 0 1.65518e-05>; 0 0 18 51 8 0 0 0 1 0 23 93 31 0 1 6 129 16 14 39 19 0 1 121 68 2 0 3 3 16 26 76 5 16 73 81 0 0 0 3 27 45 34 40 6 1 57 100 104 26 8 5 4 0 34 129 35 5 7 22 6 0 0 32 3 26 33 22 11 0 0 1 22 129 97 3 2 0 8 25 15 129 129 0 0 0 5 32 1 112 105 3 1 0 0 1 0 0 0 11 14 0 0 0 0 15 18 5 10 5 0 0 0 96 78 3 2 1 0 0 0 129 129 1 0 0 0 0;
<CIRCLE 221 141 8.48528 0 1.40802e-05>; 1 9 34 128 52 0 0 0 13 5 12 58 27 0 2 10 10 5 26 9 2 25 61 21 0 1 30 7 0 23 43 0 1 7 102 128 5 0 0 0 115 59 37 53 2 0 2 82 69 32 17 4 9 37 82 90 0 0 2 15 50 66 50 0 1 16 74 71 4 0 0 0 44 128 128 15 0 0 0 11 18 128 128 16 6 1 0 6 0 34 105 84 34 1 0 0 0 0 8 43 22 3 11 2 0 15 45 25 1 4 49 7 11 90 104 2 0 1 60 39 14 50 64 8 1 1 8 16;
<CIRCLE 170 46 2.52269 0 1.39379e-05>; 0 0 0 0 1 3 15 0 11 0 0 0 3 4 15 22 17 0 0 0 0 0 51 54 4 0 0 0 6 18 55 22 0 0 0 0 0 5 135 10 30 0 0 0 0 4 138 138 17 0 0 0 2 3 138 138 0 0 0 0 123 85 138 32 10 0 0 0 0 0 25 25 138 0 0 0 0 0 16 76 112 0 0 0 10 1 20 46 0 0 0 0 138 12 6 1 19 0 0 0 0 0 0 9 138 0 0 0 0 0 0 10 101 0 0 0 9 0 0 3 0 0 0 0 138 1 0 0;
<CIRCLE 176 90 20.1815 0 1.38189e-05>; 16 0 0 0 128 37 1 7 0 0 0 0 78 40 49 18 0 0 0 0 3 35 38 12 0 0 0 0 0 0 11 7 34 22 36 78 128 21 1 4 62 31 13 42 128 48 62 69 8 6 8 39 117 80 42 23 1 2 5 0 1 2 14 11 7 40 128 128 33 0 0 1 26 92 128 113 30 0 0 1 23 80 112 103 36 1 14 14 7 23 41 1 0 2 38 9 25 15 56 11 8 3 7 13 22 13 43 28 50 6 0 2 10 82 87 24 25 0 0 0 7 42 73 0 0 0 1 0;
<CIRCLE 102 94 7.13524 0 1.30882e-05>; 8 2 0 2 7 0 0 0 2 1 0 6 142 0 0 0 6 0 0 7 142 0 0 0 84 3 0 1 23 0 1 5 9 11 39 13 7 0 0 0 2 4 33 79 142 0 0 0 6 1 3 51 142 2 0 0 103 17 0 0 30 1 0 0 0 14 142 37 0 0 0 0 0 1 142 142 14 0 0 0 2 1 39 126 99 3 0 0 78 26 2 10 21 2 0 0 0 7 141 26 0 0 0 0 0 5 101 88 0 0 0 0 2 8 39 78 8 0 0 0 51 43 12 15 2 0 0 0;
<CIRCLE 196 139 1.06066 0 1.27766e-05>; 0 0 7 61 53 0 0 0 0 0 113 65 22 1 3 3 0 0 131 10 0 7 12 2 0 0 131 6 1 4 8 0 0 0 14 61 96 6 2 2 16 9 7 20 49 14 65 102 6 8 10 2 0 36 131 48 0 0 11 1 1 36 131 1 2 5 39 44 8 2 0 1 41 103 42 5 3 3 12 48 23 131 92 0 0 5 96 29 2 110 54 0 0 12 131 6 0 0 3 9 4 0 0 0 0 16 21 4 4 3 1 0 0 91 67 1 1 1 2 0 0 131 100 1 0 0 0 0;
<CIRCLE 251 158 7.13524 0 1.24973e-05>; 96 12 5 11 1 3 13 112 13 2 2 3 22 53 88 23 0 0 0 7 91 50 34 0 0 0 0 0 2 0 0 0 45 126 126 1 0 0 0 37 4 125 126 38 35 2 0 2 0 5 26 105 126 2 0 0 0 0 1 3 1 0 0 0 0 94 126 15 0 0 12 1 16 126 126 19 3 0 16 19 13 60 101 69 14 0 1 6 0 0 3 1 0 0 0 0 0 0 7 5 0 1 126 28 13 15 8 1 7 5 126 72 12 12 15 11 16 4 13 18 0 0 2 0 0 0 0 0;
<CIRCLE 170 45 1.78381 0 1.24751e-05>; 0 0 0 0 6 5 15 1 14 0 0 0 3 2 19 37 12 0 0 0 0 0 70 68 4 0 0 0 0 2 109 55 0 0 0 0 0 11 146 16 27 0 0 0 0 4 146 146 12 0 0 0 0 0 146 146 0 0 0 0 16 19 146 94 15 0 0 0 0 0 38 36 146 0 0 0 0 0 20 111 112 0 0 0 0 0 32 66 1 0 0 0 49 4 17 8 25 0 0 0 0 0 0 12 146 0 0 0 0 0 0 12 110 0 0 0 0 0 0 6 1 0 0 0 41 0 0 0;
<CIRCLE 252 162 5.04538 0 1.22513e-05>; 15 20 23 15 5 0 0 15 15 9 8 16 35 3 1 11 1 1 2 41 134 7 0 1 0 0 0 3 14 1 0 0 0 134 134 0 0 0 0 0 1 134 134 37 36 0 0 0 0 8 25 120 134 0 0 0 0 0 3 7 6 0 0 0 0 81 131 15 0 0 1 0 30 134 134 19 6 0 1 11 23 70 70 75 42 0 0 5 0 0 4 3 1 0 0 0 0 0 14 8 0 1 130 29 38 17 10 5 8 2 112 113 28 10 20 23 18 1 6 35 0 0 7 1 0 0 0 0;
<CIRCLE 180 94 5.04538 0 1.21488e-05>; 120 5 0 0 0 0 0 1 151 5 0 2 143 0 0 0 2 0 0 3 151 7 0 0 0 0 0 0 29 8 0 0 103 48 2 0 0 0 0 0 151 89 44 55 129 0 0 0 1 2 10 91 151 1 0 0 0 0 0 13 33 1 0 0 16 46 18 5 1 0 0 0 18 68 151 97 27 0 0 0 0 0 37 139 94 0 0 0 0 0 0 24 19 0 0 0 0 14 13 9 3 0 0 0 0 0 9 49 26 0 0 0 0 0 4 46 32 0 0 0 0 0 7 50 14 0 0 0;
<CIRCLE 253 165 3.56762 0 1.21487e-05>; 1 34 42 0 0 1 0 0 1 17 25 23 29 0 0 0 0 3 5 84 137 0 0 0 0 4 2 8 16 0 0 0 0 137 137 0 0 0 0 0 0 137 137 36 36 0 0 0 0 16 26 113 137 0 0 0 0 10 6 7 9 0 0 0 0 78 134 12 0 0 0 0 49 137 137 16 5 0 0 4 31 80 47 78 55 0 0 3 3 5 5 3 2 0 0 0 0 0 18 11 0 0 53 17 103 21 8 4 4 0 34 118 49 16 8 20 27 1 1 33 0 5 8 3 0 0 0 0;
<CIRCLE 254 168 2.52269 0 1.21278e-05>; 0 55 54 0 0 0 0 0 0 16 29 13 30 1 0 0 11 3 3 55 136 0 0 0 26 10 4 5 16 0 0 0 0 136 136 0 0 0 0 0 1 136 136 24 32 0 0 0 18 26 13 83 136 0 0 0 27 10 6 10 14 2 0 1 0 42 82 12 0 0 0 0 113 136 86 14 10 0 0 9 79 68 11 58 129 0 0 5 37 6 2 10 8 4 1 2 5 1 12 10 0 0 7 6 136 7 2 4 14 1 4 82 82 7 0 18 101 3 1 25 24 5 1 13 9 0 0 0;
<CIRCLE 213 135 2.12132 0 1.17193e-05>; 0 0 8 27 12 0 0 0 1 0 0 56 105 1 1 7 73 3 1 8 20 2 4 129 105 1 0 0 0 0 0 129 0 0 107 39 5 0 17 2 31 1 22 77 41 1 33 51 129 1 0 2 3 0 7 129 82 7 3 0 0 0 0 59 4 21 30 4 0 2 129 45 7 4 7 7 0 0 129 129 43 3 1 0 0 0 55 129 16 7 12 1 0 0 0 14 4 129 71 0 0 0 23 11 1 123 76 0 0 0 25 17 1 50 30 0 0 0 4 7 0 7 13 0 0 0 0 0;
<CIRCLE 219 120 3.56762 0 1.16224e-05>; 0 0 0 16 13 0 0 0 3 4 7 16 5 0 0 0 7 5 7 10 14 18 14 8 0 5 31 10 10 33 28 5 0 0 2 61 20 0 0 0 45 40 76 92 20 0 0 9 131 34 15 0 0 22 52 122 1 0 0 0 1 128 131 19 0 0 40 99 48 0 1 1 131 16 20 89 75 2 3 131 131 11 3 4 4 5 11 131 2 0 0 15 16 40 42 11 11 21 42 35 5 0 84 58 90 10 4 13 7 0 78 131 80 8 10 17 3 0 0 85 2 0 1 34 9 1 0 2;
<CIRCLE 219 121 3 0 1.10549e-05>; 0 0 1 17 10 0 0 0 3 5 14 12 3 0 0 0 15 7 2 1 7 13 14 22 0 0 3 3 10 64 41 14 0 0 4 66 30 0 0 0 45 48 101 92 24 0 0 12 131 43 18 0 0 5 23 131 5 0 0 0 0 100 96 36 1 0 22 92 78 0 0 1 131 14 15 64 79 3 4 131 131 10 2 1 3 3 5 131 4 0 0 9 14 18 20 12 4 2 48 46 11 0 102 48 125 0 1 13 9 0 56 131 88 8 9 10 3 0 0 79 0 0 4 33 10 1 0 0;
<CIRCLE 250 153 10.0908 0 1.074e-05>; 26 5 18 87 30 0 4 26 26 5 30 11 4 52 112 47 0 1 27 5 7 45 66 0 0 0 0 0 0 0 0 0 104 133 97 46 1 0 1 56 71 133 133 29 32 37 54 65 0 5 36 68 76 44 26 0 0 0 0 0 0 0 0 0 5 109 119 41 2 2 27 3 16 133 133 25 3 0 43 31 11 69 133 61 9 0 4 10 0 0 0 0 0 0 0 0 0 0 3 6 1 3 73 20 9 12 7 0 3 3 95 65 7 10 9 2 8 3 12 14 0 0 0 0 0 0 0 0;
<CIRCLE 203 141 2.12132 0 1.00807e-05>; 0 0 52 51 7 0 1 0 0 0 132 22 0 1 11 0 0 0 79 65 19 0 19 5 53 1 2 28 20 0 15 73 12 20 24 52 21 1 23 20 15 45 49 7 0 6 132 44 3 13 30 9 0 1 132 86 16 2 1 3 0 0 132 132 6 39 27 9 2 4 0 3 12 132 94 0 0 1 22 14 5 132 127 0 0 0 51 24 1 97 59 0 0 0 20 18 0 0 0 3 4 10 0 0 0 17 14 3 6 8 0 0 0 101 68 0 2 1 0 0 0 132 106 0 0 0 0 0;
<CIRCLE 217 128 1.26134 0 9.61197e-06>; 1 1 0 58 95 1 2 1 6 13 10 14 18 13 45 7 90 40 7 0 0 5 18 98 124 6 0 0 0 1 0 124 6 7 0 48 112 0 4 13 29 39 6 2 4 10 56 41 124 9 1 0 0 5 21 124 76 0 0 0 0 1 0 105 60 1 0 27 91 0 2 21 105 3 0 0 0 3 55 105 124 1 0 0 0 0 10 124 32 1 0 0 0 0 0 21 57 14 5 32 22 0 18 19 124 17 0 0 0 0 4 103 124 7 0 0 0 0 0 64 8 16 4 0 0 0 0 1;
<CIRCLE 169 45 2.12132 0 9.37506e-06>; 0 0 0 0 2 3 14 0 8 0 0 0 4 5 13 19 18 0 0 0 0 0 42 57 6 0 0 0 0 5 74 40 0 0 0 0 0 6 137 7 15 0 0 0 0 5 137 137 13 0 0 0 0 0 137 137 0 0 0 0 30 44 137 81 6 0 0 0 0 0 44 28 137 0 0 0 0 0 30 110 137 0 0 0 0 0 35 101 2 0 0 0 108 11 25 10 16 0 0 0 0 0 0 12 137 0 0 0 0 0 0 13 137 0 0 0 0 0 0 6 1 0 0 0 92 0 0 0;
<CIRCLE 104 95 4.24264 0 8.61619e-06>; 8 2 0 2 24 2 0 1 0 0 0 12 147 1 0 0 0 0 0 8 147 0 0 0 15 1 0 2 72 0 0 0 10 11 30 27 23 1 0 0 0 0 25 102 147 0 0 0 0 0 3 50 147 6 0 0 15 2 0 1 87 14 0 0 0 12 147 136 3 0 0 0 0 1 147 147 15 0 0 0 0 0 47 120 101 10 0 0 10 3 0 8 78 29 0 0 0 1 51 98 24 0 0 0 0 11 52 52 12 0 0 0 0 0 37 45 4 0 0 0 7 3 8 48 41 0 0 0;
<CIRCLE 249 175 4.24264 0 8.53401e-06>; 0 124 124 0 0 0 0 0 0 124 124 10 4 0 0 0 0 18 35 93 124 0 0 0 0 0 5 23 31 0 0 0 0 63 112 12 0 0 0 0 14 124 124 6 0 0 0 2 29 124 107 71 32 0 0 3 0 1 10 18 9 0 0 0 0 0 23 13 0 1 85 17 41 24 22 5 0 0 98 107 74 30 15 15 13 1 11 78 0 1 19 7 1 0 0 0 0 0 0 0 0 1 124 45 0 0 0 1 16 8 124 58 1 0 8 35 66 4 15 22 0 0 16 9 2 0 0 0;
<CIRCLE 250 185 1.26134 0 8.49292e-06>; 0 3 2 5 0 0 0 0 21 4 3 1 0 0 0 5 135 0 0 0 3 1 0 107 52 0 0 7 135 7 0 32 0 1 0 1 0 0 13 5 49 2 1 0 0 0 35 46 135 0 1 8 11 0 4 128 44 0 1 61 135 1 0 13 0 0 0 0 0 0 135 87 10 0 0 0 0 0 135 135 101 2 3 30 25 0 34 135 12 1 1 92 135 0 0 1 1 3 2 0 0 0 54 28 7 8 8 1 0 0 25 21 10 9 22 36 27 0 2 10 3 1 0 44 114 0 0 0;
<CIRCLE 59 196 1.06066 0 8.3994e-06>; 0 0 0 0 0 0 41 41 3 0 0 0 0 0 79 39 1 0 0 0 0 3 51 35 17 1 0 0 0 0 10 25 0 0 0 0 0 0 156 121 0 0 0 0 8 63 156 69 0 0 0 0 60 148 138 8 0 0 0 0 18 16 20 8 20 0 0 0 0 0 133 90 5 0 0 9 108 58 135 36 0 0 0 27 156 91 17 0 3 3 0 5 39 16 1 0 23 0 0 0 0 0 0 5 5 0 0 9 65 0 0 2 0 0 0 22 156 0 0 0 3 3 0 3 12 0 0 0;
<CIRCLE 197 140 1.26134 0 8.3174e-06>; 0 0 12 58 53 0 0 0 0 0 120 42 16 3 13 8 0 0 140 8 0 11 26 1 0 0 133 6 0 2 21 0 3 3 25 57 68 7 4 7 28 42 13 10 24 13 102 110 6 31 16 1 0 42 140 21 0 2 8 1 0 17 140 18 2 6 25 26 3 0 0 1 21 113 69 4 2 1 5 15 6 140 138 0 0 2 52 8 0 140 79 0 0 6 87 4 0 0 0 2 3 4 0 0 0 3 4 1 2 7 4 0 0 40 32 3 6 1 2 0 0 135 67 1 1 0 0 0;
<CIRCLE 36 153 2.52269 0 8.15429e-06>; 31 5 4 29 19 1 1 17 14 4 3 42 159 5 2 7 14 27 9 51 53 0 0 0 24 38 26 51 42 0 0 0 81 4 2 44 35 0 0 17 22 5 32 114 159 0 0 2 8 10 121 159 34 0 0 0 5 28 90 123 9 0 0 0 76 8 0 9 39 0 0 20 12 2 18 64 159 19 1 1 0 0 85 71 75 16 15 1 1 0 16 25 0 5 15 7 51 7 0 0 25 1 0 6 12 1 0 0 159 56 2 0 0 0 0 0 64 40 45 0 0 0 0 0 0 6 50 5;
<CIRCLE 92 122 0.891905 0 8.02707e-06>; 0 2 18 42 100 1 0 0 15 6 2 18 147 48 10 36 82 23 12 4 11 6 10 80 8 7 39 9 0 0 0 0 0 2 10 26 113 0 0 0 10 32 35 62 147 3 1 1 70 147 57 15 19 1 1 12 22 24 5 4 0 0 0 1 0 3 14 26 104 0 0 0 11 3 4 32 147 25 18 26 97 31 5 7 25 9 26 147 32 7 0 0 0 4 10 20 0 0 51 69 37 0 0 0 33 19 0 97 147 2 2 9 126 44 0 4 12 5 5 48 5 2 0 1 7 15 5 5;
<CIRCLE 35 153 1.78381 0 7.87299e-06>; 77 6 2 16 21 0 0 12 6 2 0 60 165 0 0 2 29 13 3 26 40 0 0 7 4 4 10 73 35 0 0 0 67 9 1 7 32 0 0 19 4 6 23 97 165 0 0 1 11 27 160 75 38 0 0 5 0 0 61 165 16 0 0 0 51 13 0 2 50 1 0 11 2 1 11 62 165 6 0 0 0 8 105 48 92 5 2 1 2 0 34 50 3 3 2 2 49 7 0 0 39 1 0 4 4 0 0 0 165 37 0 0 0 0 0 0 83 29 23 5 0 0 0 0 0 15 23 3;
<CIRCLE 13 158 1.5 0 7.79761e-06>; 61 9 0 0 46 11 0 0 134 52 0 0 11 4 0 0 28 6 0 43 49 19 4 12 15 0 0 134 56 0 0 17 51 4 0 0 85 16 0 3 134 82 12 10 5 1 0 3 44 25 18 134 93 4 0 5 45 0 0 105 36 0 0 59 40 4 0 4 120 10 0 7 134 57 41 19 2 3 19 22 10 18 55 132 20 10 43 57 25 1 0 13 4 0 2 84 33 22 4 12 130 6 0 0 134 42 1 1 4 8 23 27 22 14 4 13 53 36 43 24 8 13 3 3 4 0 1 10;
<CIRCLE 139 178 0.891905 0 7.65525e-06>; 0 79 98 15 20 12 2 0 6 122 122 0 0 0 4 2 1 85 122 0 0 2 16 2 3 39 122 0 0 0 19 1 13 6 10 30 122 15 0 7 93 30 26 1 0 3 31 122 12 22 41 0 2 31 122 59 11 19 39 2 2 12 102 21 23 0 0 18 97 18 15 62 122 3 2 3 0 1 9 122 32 2 3 59 22 19 70 51 0 0 8 71 17 10 38 3 18 16 6 14 11 7 20 29 118 62 16 6 1 0 0 33 12 9 13 77 20 0 0 0 1 0 2 42 30 3 0 1;
<CIRCLE 218 120 4.24264 0 7.4262e-06>; 0 0 0 23 21 0 0 0 1 3 5 24 9 0 0 0 4 7 17 16 9 13 11 4 0 6 62 14 5 20 16 0 0 0 1 60 18 0 0 0 38 29 52 106 23 0 0 7 128 31 16 3 2 30 70 111 1 0 1 0 2 127 130 15 0 0 55 110 19 0 5 3 121 11 18 110 57 1 15 130 130 10 4 8 4 7 16 130 5 0 0 17 16 50 59 17 26 58 44 35 1 0 24 42 63 77 27 8 3 0 65 130 68 30 25 15 3 0 1 93 7 3 4 21 8 0 0 5;
<CIRCLE 220 121 2.12132 0 7.38385e-06>; 0 0 11 20 2 0 0 0 3 15 33 6 0 0 0 0 28 14 2 0 0 1 5 46 3 0 0 0 1 53 44 43 0 0 36 106 46 0 0 0 59 93 129 41 7 0 0 11 133 43 6 0 0 0 5 133 11 0 0 0 0 39 49 58 0 0 3 82 133 2 2 10 133 24 14 18 23 3 6 133 133 8 0 0 0 2 2 133 6 0 0 0 3 13 10 15 29 1 6 51 54 1 5 36 133 0 0 0 3 0 1 133 92 5 1 1 2 1 0 88 0 0 1 11 14 3 0 1;
<CIRCLE 55 96 10.0908 0 7.28567e-06>; 115 2 0 0 12 4 0 4 130 10 0 1 10 4 0 5 31 3 0 1 17 1 0 1 0 0 0 3 130 4 0 0 108 30 3 13 13 0 0 0 120 90 17 16 13 0 0 0 31 30 72 25 12 0 0 0 0 0 24 78 130 0 0 0 42 63 17 33 3 0 0 0 13 112 119 57 5 0 0 0 2 46 130 63 0 0 0 0 0 0 99 130 26 0 0 0 3 22 14 31 20 9 0 0 0 16 109 101 31 1 0 0 0 14 130 32 0 0 4 2 13 27 97 34 0 0 1 3;
<CIRCLE 40 193 3 0 7.14176e-06>; 52 25 0 0 63 15 0 0 3 4 0 2 151 129 0 0 21 5 0 1 26 23 5 17 14 0 0 0 0 0 9 44 47 38 1 2 21 6 0 2 7 11 2 4 151 136 19 2 5 0 0 0 62 52 131 77 11 0 0 0 0 4 138 107 30 16 18 5 3 1 0 1 15 10 25 8 74 66 76 29 4 0 0 0 10 26 151 145 1 0 0 0 14 31 151 119 1 0 1 1 0 0 0 0 3 1 3 0 0 0 1 4 1 0 0 0 0 0 8 12 0 0 0 0 3 2 4 6;
<CIRCLE 39 194 2.12132 0 7.08653e-06>; 28 38 2 2 47 22 0 0 0 2 1 3 154 154 0 0 5 1 0 0 53 49 17 17 14 1 0 0 0 0 6 33 33 37 2 3 21 6 1 4 7 5 1 7 154 93 14 1 0 0 0 0 92 49 127 50 0 0 0 0 0 0 146 93 19 18 37 10 5 2 0 3 20 14 40 15 82 77 64 25 8 0 0 0 10 36 154 135 1 0 0 0 0 0 154 120 0 0 8 4 0 0 0 0 10 5 10 1 0 0 2 7 5 0 0 0 0 0 15 24 1 0 0 0 0 0 13 12;
<CIRCLE 104 147 2.52269 0 6.94098e-06>; 58 91 15 45 21 0 0 0 19 46 56 34 2 0 0 0 6 4 17 50 18 5 2 3 0 0 5 30 44 21 2 1 31 91 147 47 18 0 0 0 26 85 147 29 0 0 0 0 147 93 78 15 15 10 2 7 15 3 1 9 43 68 22 7 0 10 110 14 0 2 18 8 101 40 139 2 0 0 28 27 147 90 18 5 4 4 1 15 31 22 7 31 23 17 2 5 0 0 0 0 0 1 68 36 53 0 0 0 0 1 76 53 147 27 7 8 0 0 3 30 46 12 11 22 2 0 0 6;
<CIRCLE 247 176 6 0 6.91527e-06>; 13 129 129 1 0 0 0 16 4 122 127 13 6 0 0 0 1 14 28 94 129 0 0 0 0 0 1 16 24 0 0 0 0 80 113 17 0 0 1 0 10 129 129 10 0 0 3 6 24 119 129 86 36 0 0 7 0 0 7 16 6 0 0 0 0 0 20 12 0 1 129 27 16 20 24 4 3 4 129 98 40 31 23 21 25 5 34 68 0 0 12 6 0 0 0 0 0 0 0 0 0 0 93 20 0 0 0 0 7 5 82 21 0 0 2 13 38 5 11 3 0 0 2 3 1 0 0 0;
<CIRCLE 42 191 4.24264 0 6.89147e-06>; 50 46 0 1 74 8 0 0 2 1 0 0 139 75 5 0 4 0 0 0 23 16 51 28 0 0 0 0 0 0 69 59 133 54 1 1 40 8 0 0 4 4 0 1 139 139 23 4 11 0 0 0 31 45 121 108 3 0 0 0 0 7 81 126 124 27 2 2 8 1 0 0 3 3 2 4 62 78 78 22 2 0 0 0 6 34 139 139 0 0 0 0 28 77 131 35 5 0 0 0 0 0 0 0 0 0 0 0 0 0 1 2 0 0 0 0 0 0 3 6 0 0 0 0 4 3 1 0;
<CIRCLE 103 148 3 0 6.5791e-06>; 16 53 32 105 19 0 0 0 24 95 51 27 2 0 0 0 3 5 23 60 22 4 0 0 0 0 1 35 52 15 1 0 8 46 139 101 16 0 0 0 25 124 139 13 0 0 0 0 138 116 96 10 11 11 1 1 13 4 1 7 31 79 17 1 0 4 95 17 0 0 31 19 68 31 104 1 0 0 51 44 139 82 19 6 2 1 3 29 43 19 10 20 10 16 2 3 0 0 0 0 0 0 71 47 28 0 0 0 0 2 83 48 139 36 6 1 0 0 6 28 60 22 9 2 0 0 0 2;
<CIRCLE 39 195 1.78381 0 6.32509e-06>; 16 45 5 8 41 15 0 0 0 0 1 16 155 101 0 0 3 0 0 2 68 29 20 12 4 0 0 0 0 0 17 32 51 25 2 4 29 13 1 16 4 1 1 12 155 119 26 5 5 0 0 1 66 45 155 49 2 0 0 0 0 0 155 89 22 27 63 17 8 2 0 5 27 16 50 21 74 67 70 35 13 0 0 0 5 25 155 140 1 0 0 0 0 0 155 96 0 1 13 6 0 0 0 0 15 6 11 1 0 0 1 7 9 0 0 0 0 0 7 20 1 0 0 0 0 0 7 7;
<CIRCLE 169 44 1.06066 0 6.31962e-06>; 0 0 0 0 10 7 12 1 14 0 0 0 1 0 14 37 7 0 0 0 0 0 60 64 1 0 0 0 0 0 98 56 0 0 0 0 0 19 135 10 12 0 0 0 0 2 130 135 9 0 0 0 0 0 135 135 0 0 0 0 0 0 135 125 9 0 0 0 0 1 55 32 135 0 0 0 0 0 34 131 129 7 0 0 0 0 36 118 3 3 0 0 0 0 39 19 17 0 0 0 0 0 0 15 135 0 0 0 0 0 0 12 135 3 0 0 0 0 0 12 5 0 0 0 0 0 0 5;
<CIRCLE 221 120 1.5 0 6.07337e-06>; 0 1 28 12 0 0 0 0 5 21 21 4 0 0 0 0 27 15 1 0 0 0 0 51 13 0 0 0 3 7 16 96 0 32 133 71 16 0 0 0 45 133 100 1 0 0 0 5 133 32 3 0 0 0 1 133 12 0 0 0 0 16 30 79 6 18 26 47 55 9 30 8 133 84 23 0 0 2 21 133 133 14 0 0 0 2 1 133 6 0 1 0 1 8 7 15 26 8 0 8 19 1 28 56 133 1 0 0 0 1 16 133 83 0 0 0 0 3 1 111 0 0 0 0 5 11 4 1;
<CIRCLE 228 119 5.04538 0 5.96922e-06>; 0 0 0 20 15 0 0 0 5 9 13 14 6 4 2 0 4 13 86 17 4 10 6 0 2 5 79 30 1 1 2 1 3 6 18 75 22 0 0 0 98 35 29 27 7 17 38 66 12 1 13 6 5 126 126 32 3 1 9 6 7 51 126 21 25 3 32 114 41 1 19 68 126 17 11 27 14 4 17 126 29 0 0 22 17 62 81 47 4 0 0 4 88 47 93 23 36 115 50 12 1 0 39 105 64 100 66 7 1 0 12 126 11 20 24 21 8 1 0 6 10 7 6 27 100 5 1 8;
<CIRCLE 37 155 3.56762 0 5.84678e-06>; 3 6 17 41 7 2 2 1 0 2 11 65 109 1 0 0 0 21 68 93 22 0 0 0 0 79 110 13 0 0 0 0 26 11 8 52 31 3 3 2 10 4 20 152 152 0 0 0 0 7 114 152 35 0 1 0 0 46 152 28 0 0 3 0 50 10 7 21 25 1 0 10 16 0 4 47 152 50 1 1 0 0 23 53 92 41 49 1 0 1 19 4 0 2 65 4 45 38 3 0 12 0 0 1 12 4 0 1 152 46 0 0 2 0 0 1 87 33 34 2 0 0 0 0 0 1 50 16;
<CIRCLE 43 187 6 0 5.38507e-06>; 21 44 9 14 102 13 0 0 3 3 9 79 137 44 6 0 0 3 70 29 26 17 64 12 0 1 68 5 0 0 83 24 85 73 6 16 137 11 0 0 23 13 0 1 137 111 15 5 2 0 0 0 36 36 98 108 0 0 0 0 0 1 125 79 114 27 0 2 137 13 0 0 35 9 0 0 79 84 51 15 1 0 0 0 13 50 137 99 0 0 0 0 8 29 63 23 5 0 0 0 9 0 0 0 1 0 0 0 0 0 1 1 0 0 0 0 1 2 3 3 0 0 0 0 1 1 0 0;
<CIRCLE 229 120 6 0 5.23777e-06>; 0 0 0 26 39 0 0 0 6 9 14 12 6 2 1 0 5 11 79 16 2 5 3 0 2 8 61 25 2 0 1 0 2 4 12 81 23 0 0 0 85 25 24 30 5 16 40 63 9 0 22 9 3 101 126 26 5 5 14 5 12 47 119 8 25 12 34 100 15 0 9 64 126 17 8 23 7 4 17 126 27 1 1 14 15 49 87 37 2 0 0 9 126 52 55 4 28 126 61 9 2 0 5 38 41 126 126 3 0 0 2 62 8 84 87 15 8 0 0 2 2 7 13 64 126 1 0 0;
<CIRCLE 39 155 6 0 5.20728e-06>; 36 43 18 24 2 0 0 0 1 9 27 107 40 0 0 0 0 67 115 22 4 0 0 0 0 18 131 8 0 0 0 0 23 49 18 17 20 17 0 0 0 3 19 131 120 0 0 0 0 30 131 110 25 1 2 0 0 13 131 14 0 0 4 0 19 42 8 12 131 19 0 0 10 13 3 41 131 39 1 0 0 0 30 31 75 32 52 11 0 0 39 1 0 0 82 28 43 34 3 12 131 10 0 0 33 19 0 1 131 50 4 0 1 0 0 0 52 41 57 51 0 0 0 0 0 3 62 57;
<CIRCLE 105 96 3.56762 0 5.20506e-06>; 1 0 0 2 45 5 0 0 0 0 0 15 145 1 0 0 0 0 0 8 145 0 0 0 1 0 0 3 77 1 0 0 1 2 37 47 44 0 0 0 0 0 34 103 145 0 0 0 0 0 5 49 145 9 0 0 1 0 0 1 88 23 0 0 0 2 145 145 5 0 0 0 0 2 145 145 12 0 0 0 0 0 48 115 86 11 0 0 0 0 0 7 69 46 0 0 1 7 29 106 49 0 0 0 4 19 44 29 3 0 0 0 0 0 28 34 1 0 0 0 0 0 7 35 52 1 0 0;
<CIRCLE 249 185 1.78381 0 5.18053e-06>; 0 1 14 10 0 0 0 0 18 2 11 9 0 0 0 3 137 6 1 1 9 1 0 79 65 2 0 15 121 3 1 21 0 0 5 9 0 0 21 9 40 1 5 1 0 0 52 63 137 1 0 11 30 1 10 137 53 2 0 45 137 3 0 17 0 0 0 0 0 0 137 87 6 1 1 0 0 0 137 137 65 3 4 45 55 0 41 137 30 5 0 79 135 0 0 2 0 0 0 0 5 5 67 20 2 3 7 1 1 3 30 20 2 4 14 41 67 2 2 6 21 7 0 35 97 0 0 0;
<CIRCLE 102 149 4.24264 0 5.11968e-06>; 0 4 103 96 3 0 0 0 0 65 75 57 3 0 0 0 0 8 29 91 23 1 0 0 13 5 13 67 30 2 0 0 0 4 131 112 0 0 0 0 12 131 131 38 0 0 0 1 75 129 79 14 17 17 0 0 10 9 1 4 37 75 0 0 0 0 104 26 0 0 57 23 55 35 75 5 0 0 61 70 131 93 9 0 0 2 4 33 30 23 0 0 30 57 1 0 0 0 0 0 0 2 104 29 13 0 0 0 0 5 80 49 124 37 0 0 0 1 8 18 56 34 0 0 4 13 0 0;
<CIRCLE 53 97 8.48528 0 4.97553e-06>; 99 5 0 2 16 3 0 1 125 19 0 1 9 1 0 1 40 6 0 2 4 0 0 0 0 0 0 4 125 0 0 0 89 36 5 21 16 0 0 0 116 109 16 16 11 0 0 0 36 45 82 14 1 0 0 0 0 1 49 85 100 0 0 0 37 65 23 46 5 0 0 0 10 124 108 52 4 0 0 0 2 64 125 31 0 0 0 0 0 0 125 125 6 0 0 0 4 29 21 44 8 2 0 0 0 20 112 97 12 0 0 0 0 21 125 24 0 0 0 0 2 12 125 50 0 0 0 0;
<CIRCLE 99 149 6 0 4.84942e-06>; 0 4 134 33 0 0 0 0 0 7 95 124 12 0 0 0 0 4 58 96 9 0 0 0 50 24 18 68 12 0 0 0 0 3 134 52 0 0 0 0 5 60 134 91 0 0 0 1 44 106 95 38 21 13 0 1 34 39 14 16 31 31 0 0 0 0 129 16 0 0 73 20 23 21 90 16 0 0 83 60 134 79 14 0 1 6 11 37 28 17 5 1 38 70 5 0 0 0 0 0 0 0 109 39 2 0 0 0 4 14 109 25 70 41 4 3 6 7 14 12 33 58 4 0 1 18 8 1;
<CIRCLE 13 159 1.06066 0 4.8187e-06>; 105 17 0 0 2 2 0 2 132 46 0 0 6 2 0 1 27 6 0 44 59 20 0 1 5 0 0 132 66 1 0 7 101 6 0 1 3 2 0 12 132 117 36 12 2 0 0 4 21 39 57 132 75 5 0 1 25 0 0 132 47 0 1 60 75 6 0 1 2 0 0 22 70 46 63 17 11 5 30 20 1 10 82 122 11 12 56 44 14 0 1 24 4 1 12 131 68 36 3 3 0 0 0 4 123 15 0 0 2 13 47 44 12 5 0 7 36 69 79 27 9 16 0 5 6 3 5 24;
<CIRCLE 98 149 7.13524 0 4.38553e-06>; 0 21 136 19 0 0 0 0 0 0 136 136 1 0 0 0 0 1 66 125 13 0 0 0 58 38 12 41 11 0 0 0 0 18 136 28 0 0 0 0 4 35 136 89 0 0 0 1 30 77 100 52 15 7 0 0 36 63 32 17 18 12 0 0 0 3 122 9 0 0 66 23 20 19 91 15 0 0 87 49 136 65 14 0 3 8 11 31 21 14 12 2 25 57 17 1 0 0 0 0 0 2 92 53 1 0 0 0 10 18 99 17 43 52 7 6 15 7 11 8 24 69 2 0 0 11 14 2;
<CIRCLE 227 117 5.04538 0 3.87988e-06>; 0 0 0 21 18 0 0 0 6 9 10 13 6 1 0 0 7 16 81 15 4 5 2 0 1 4 85 31 1 0 0 0 0 3 13 65 20 0 0 0 69 34 31 30 7 13 29 44 13 2 24 9 7 121 127 29 3 2 20 10 4 46 127 18 14 3 34 127 43 0 10 39 127 26 18 39 18 3 18 127 44 0 0 17 15 82 109 66 3 0 0 3 64 58 127 26 33 88 44 23 3 0 45 111 91 76 46 8 2 0 18 127 15 14 17 27 11 1 0 10 13 6 5 19 90 6 1 12;
<CIRCLE 37 104 8.48528 0 3.53974e-06>; 112 6 0 0 1 0 0 1 108 19 1 10 31 2 0 0 128 33 0 2 2 0 0 0 7 4 2 5 17 0 0 0 89 42 1 1 0 0 0 0 75 75 20 58 28 0 0 0 94 128 78 10 2 0 0 0 3 17 128 47 6 0 0 0 32 57 7 1 0 0 0 0 18 66 61 115 7 0 0 0 1 127 128 31 1 0 0 0 0 15 128 70 0 0 0 0 1 19 9 2 11 14 0 0 1 16 34 118 39 3 0 0 0 22 128 78 18 0 0 0 0 8 128 31 0 0 2 1;
<CIRCLE 255 122 4.24264 0 3.50824e-06>; 0 5 65 15 7 42 37 1 2 4 78 37 3 14 37 7 61 33 29 6 0 2 18 9 11 5 0 0 0 0 0 0 4 0 0 0 2 161 161 23 0 0 0 0 15 102 161 50 20 4 0 4 73 124 104 14 4 2 0 1 3 1 0 0 9 0 0 31 23 45 49 18 11 0 0 4 119 54 98 41 0 0 1 40 161 57 12 1 0 0 1 9 14 1 0 0 11 8 11 21 8 1 0 6 22 13 10 34 122 7 2 17 0 0 1 56 161 12 0 0 0 0 0 3 12 2 0 0;
<CIRCLE 254 169 2.52269 0 3.48699e-06>; 0 75 68 0 0 0 0 0 0 22 35 15 29 1 0 0 11 4 3 57 134 0 0 0 24 10 4 5 15 0 0 0 0 134 134 1 0 0 0 0 4 134 134 22 30 0 0 0 21 35 15 79 134 0 0 0 28 8 4 10 13 3 0 2 1 25 65 14 0 0 0 0 134 134 63 13 9 0 0 15 90 61 8 52 117 0 0 8 36 7 2 11 7 3 1 2 5 1 10 9 0 0 14 11 134 3 1 5 16 1 8 98 77 5 0 20 104 4 1 25 23 5 1 13 10 0 0 0;
<CIRCLE 255 120 3.56762 0 3.47186e-06>; 1 8 53 11 9 29 26 7 2 2 47 28 9 10 20 11 89 24 19 3 0 3 15 9 37 8 0 0 0 0 0 0 0 0 0 0 5 157 157 7 0 0 0 0 12 78 157 98 37 8 0 0 49 144 104 17 19 9 0 0 3 2 1 1 3 0 0 19 19 64 87 7 10 0 0 2 82 50 123 65 0 0 6 39 157 80 19 3 0 0 8 10 17 1 0 0 15 2 0 27 8 1 0 17 21 5 2 6 105 14 5 39 0 0 3 26 157 20 4 0 0 0 3 4 17 3 4 0;
<CIRCLE 90 132 0.891905 0 3.24924e-06>; 0 0 28 12 0 7 13 0 0 0 12 65 85 22 2 0 51 58 0 60 98 5 0 0 91 78 1 0 2 0 0 0 0 0 34 13 3 16 21 0 0 0 26 49 119 46 4 0 48 38 3 33 119 25 0 0 119 109 1 0 0 0 0 0 0 0 119 63 3 0 0 0 0 0 119 119 36 1 0 0 36 42 35 119 62 1 0 0 119 98 6 0 0 0 0 0 0 0 19 18 31 3 0 0 0 0 12 52 119 5 0 0 53 38 5 42 84 2 0 0 119 69 0 0 0 0 0 0;
<CIRCLE 106 97 2.52269 0 3.21982e-06>; 0 0 0 10 101 0 0 0 0 0 0 24 124 0 0 0 0 0 0 10 153 3 0 0 0 0 0 4 101 8 0 0 0 0 44 74 98 0 0 0 0 0 48 83 106 0 0 0 0 0 6 54 153 7 0 0 0 0 0 1 114 28 5 0 0 1 153 153 11 0 0 0 0 0 153 102 12 0 0 0 0 0 70 129 87 7 0 0 0 0 1 8 37 44 19 0 22 22 34 61 19 0 0 0 2 2 33 18 3 0 0 0 0 0 13 23 5 0 0 0 1 1 5 8 18 1 0 0;
<CIRCLE 13 157 1.78381 0 3.13689e-06>; 47 8 0 1 66 40 1 0 146 42 0 0 9 9 0 2 27 4 0 32 36 30 14 22 15 0 0 97 41 0 1 17 38 3 0 0 146 47 0 1 146 64 5 8 6 1 0 1 48 18 8 146 75 4 0 3 47 1 0 78 27 0 0 35 26 2 0 1 146 38 0 2 146 59 27 16 4 2 9 14 17 20 37 120 19 6 23 41 30 2 0 11 3 0 0 53 18 11 2 8 146 22 0 0 141 42 2 4 7 5 12 21 19 13 4 17 29 21 28 21 11 11 2 1 0 0 0 8;
<CIRCLE 254 125 5.04538 0 3.0553e-06>; 3 7 49 16 9 42 41 6 1 4 89 34 3 24 47 6 49 28 34 10 0 5 22 8 7 3 0 0 0 0 0 0 60 4 0 2 6 117 147 81 1 0 0 2 25 123 147 39 15 3 0 10 112 109 97 15 2 1 0 2 3 1 0 0 52 3 4 39 18 15 13 53 22 3 1 16 112 33 41 35 0 0 1 38 147 34 7 3 0 0 0 5 10 1 0 0 5 104 104 8 3 0 0 3 12 39 44 50 85 1 0 5 0 0 5 99 147 4 0 0 0 0 1 3 4 0 0 0;
<CIRCLE 20 108 7.13524 0 3.03563e-06>; 28 2 0 0 0 0 0 0 124 30 0 7 30 0 0 0 97 41 2 22 73 0 0 0 124 45 2 2 2 0 0 0 19 10 0 0 0 0 0 0 124 111 8 22 25 0 0 0 52 101 25 80 83 0 0 0 67 124 106 6 0 0 0 0 7 7 0 0 0 0 0 0 85 115 21 29 5 0 0 0 5 55 62 124 39 0 0 0 0 114 124 10 0 0 0 0 0 3 2 0 2 5 0 0 13 63 25 19 10 13 0 0 0 11 42 124 55 0 0 0 0 34 124 47 6 0 0 0;
<CIRCLE 105 146 2.12132 0 2.99974e-06>; 60 91 17 6 1 0 0 0 2 14 56 39 1 0 0 0 7 4 13 37 14 6 2 4 0 0 3 26 41 21 2 1 31 106 145 10 2 0 0 0 17 64 145 35 0 0 0 0 135 79 47 9 12 8 2 8 11 0 0 8 47 54 18 7 0 16 145 7 0 1 6 2 137 74 145 3 0 0 5 12 145 96 11 2 5 5 0 4 18 16 4 21 26 22 3 3 0 0 1 0 0 1 59 21 106 1 0 0 0 0 47 59 145 33 5 5 0 0 0 19 22 12 10 33 7 0 0 4;
<CIRCLE 181 95 1.5 0 2.87243e-06>; 6 17 8 0 0 0 0 0 0 3 5 13 76 0 0 0 0 0 0 27 147 0 0 0 0 0 0 9 75 0 0 0 5 36 96 0 0 0 0 0 0 5 113 76 59 0 0 0 0 0 7 131 147 0 0 0 0 0 0 9 76 3 0 0 0 8 147 10 0 0 0 0 0 0 147 107 13 0 0 0 0 0 23 147 137 0 0 0 0 0 0 18 39 0 0 0 0 0 147 18 0 0 4 0 0 2 147 37 1 0 6 1 2 5 42 47 24 0 1 2 0 0 0 16 15 0 0 0;
<CIRCLE 53 98 8.48528 0 2.68588e-06>; 98 6 0 2 16 3 0 1 124 20 0 2 9 1 0 1 40 7 0 2 4 0 0 0 0 0 0 5 124 0 0 0 87 37 5 22 16 0 0 0 111 113 18 17 11 0 0 0 35 47 91 15 1 0 0 0 0 1 54 90 95 0 0 0 35 65 23 46 4 0 0 0 8 119 111 53 4 0 0 0 2 62 124 31 0 0 0 0 0 0 124 124 5 0 0 0 3 27 21 44 9 3 0 0 0 19 111 99 14 0 0 0 0 20 124 24 0 0 0 0 2 13 124 47 0 0 0 0;
<CIRCLE 13 164 1.26134 0 2.62017e-06>; 50 1 0 2 16 3 0 11 129 86 52 17 4 0 1 9 13 30 72 129 49 2 5 23 35 0 0 61 16 0 2 98 64 26 3 9 24 0 0 11 126 25 23 8 8 17 68 53 8 5 28 42 20 58 120 79 11 7 0 4 2 1 8 80 75 45 8 12 41 0 0 0 129 97 1 3 5 9 12 19 51 42 5 41 129 56 19 9 31 45 2 12 20 0 0 1 39 29 3 7 55 1 0 0 129 91 7 8 0 0 0 0 40 34 17 70 117 0 0 0 70 26 0 5 21 0 0 0;
<CIRCLE 171 95 1.5 0 2.59443e-06>; 49 13 3 0 0 0 0 2 148 64 0 0 0 0 0 0 46 44 12 0 0 0 0 0 0 6 7 5 20 0 0 0 48 32 11 0 0 0 0 0 148 117 12 0 0 0 0 0 40 91 120 1 0 0 0 0 0 13 140 32 13 0 0 0 36 22 1 0 0 0 0 3 90 148 63 1 0 0 0 0 4 46 148 11 0 0 0 0 0 0 148 55 1 0 0 0 3 7 5 4 3 0 0 0 3 27 88 45 26 2 0 0 0 5 148 30 3 2 5 0 0 0 148 30 0 0 6 0;
<CIRCLE 19 108 7.13524 0 2.56887e-06>; 21 1 0 0 0 0 0 0 125 30 0 6 25 0 0 0 93 39 2 23 79 0 0 0 125 48 2 1 2 0 0 0 14 8 0 0 0 0 0 0 125 112 7 18 20 0 0 0 53 95 24 84 89 0 0 0 71 125 99 6 0 0 0 0 5 5 0 0 0 0 0 0 87 114 20 24 4 0 0 0 8 55 59 125 41 0 0 0 0 117 125 14 1 0 0 0 0 2 2 0 1 4 0 0 13 63 24 16 9 14 0 0 1 13 39 125 55 0 0 0 0 33 125 53 8 0 0 0;
<CIRCLE 47 137 1.26134 0 2.56723e-06>; 7 26 13 21 9 0 0 0 32 9 17 55 25 0 0 42 35 18 19 2 0 0 46 95 0 2 19 3 0 0 72 24 9 36 17 23 17 0 0 0 38 66 105 83 56 0 0 17 35 141 141 16 1 0 13 31 1 13 141 20 0 0 14 3 11 34 11 21 26 0 0 0 8 15 38 94 141 0 0 0 141 141 82 21 45 0 0 0 32 41 60 3 0 0 0 0 16 18 8 21 19 0 0 0 6 3 2 40 141 1 0 0 141 43 0 3 57 0 0 6 47 21 4 1 0 0 4 14;
<CIRCLE 47 138 1.5 0 2.45548e-06>; 21 50 11 17 3 0 0 0 26 21 24 57 14 0 0 27 31 31 39 3 0 0 37 76 0 7 40 3 0 0 51 26 30 61 12 20 10 0 0 0 19 58 107 107 72 0 0 8 36 137 137 20 6 0 6 18 2 18 137 17 0 0 7 2 32 54 7 17 18 0 0 0 11 16 19 86 137 0 0 0 137 127 35 17 55 0 0 1 31 33 38 5 0 0 2 3 29 18 11 33 12 0 0 3 8 5 22 85 137 0 0 0 137 75 23 11 51 0 0 6 35 25 73 2 0 0 7 10;
<CIRCLE 255 118 3 0 2.38243e-06>; 1 6 37 9 17 16 15 12 7 6 25 14 14 10 9 9 80 18 11 1 1 8 12 10 73 12 0 0 0 0 0 1 0 0 0 0 25 109 144 17 5 0 0 0 13 51 144 125 47 10 0 0 22 144 92 14 52 19 0 0 2 5 1 2 2 0 0 7 11 80 144 16 8 0 0 0 43 52 144 101 5 5 2 23 144 134 32 5 8 12 4 5 25 5 0 1 12 0 1 21 10 0 0 17 18 0 0 0 68 12 6 36 0 4 5 28 144 15 1 2 0 8 12 7 28 1 2 3;
<CIRCLE 138 176 1.78381 0 2.31792e-06>; 7 75 8 0 18 108 4 1 0 25 6 0 6 134 122 0 0 7 2 0 0 42 134 6 0 1 2 0 0 1 134 5 3 54 14 2 19 44 15 0 8 119 104 9 26 48 60 9 16 86 87 0 0 20 134 20 1 16 103 6 2 4 134 10 26 18 13 12 39 12 6 1 64 21 19 17 92 17 9 93 53 31 26 24 19 14 52 93 7 7 43 23 21 13 17 11 15 13 55 31 5 0 0 3 48 74 23 19 14 2 2 15 36 80 8 24 16 8 3 7 8 11 4 10 13 18 6 5;
<CIRCLE 148 131 10.0908 0 2.26798e-06>; 1 0 27 108 117 0 0 0 117 30 0 12 77 0 0 0 117 75 34 37 41 0 0 1 6 6 14 76 117 1 0 0 0 5 106 117 23 0 0 0 84 88 31 44 16 0 0 0 23 50 95 99 4 0 0 0 9 5 44 117 23 0 0 5 44 58 101 31 3 3 5 9 26 68 80 19 13 23 9 0 2 16 117 100 5 10 5 0 16 50 90 64 1 0 0 5 46 27 3 1 7 6 24 17 32 39 4 4 12 34 29 2 0 1 7 33 78 37 16 0 0 6 18 37 9 2 14 2;
<CIRCLE 114 140 0.891905 0 2.26033e-06>; 3 2 0 14 6 1 6 16 4 3 7 52 19 8 7 9 0 0 60 81 11 14 6 0 0 1 105 27 1 1 12 2 51 1 0 2 6 23 23 75 1 0 8 75 121 121 19 19 7 0 60 89 37 46 25 34 2 1 49 37 55 27 10 14 121 21 16 0 1 17 4 74 13 17 48 23 100 121 8 9 1 0 2 19 70 121 49 31 0 0 0 2 55 88 110 19 45 7 22 8 41 33 2 45 1 8 110 107 69 19 3 0 71 19 32 48 28 19 19 28 47 32 0 0 3 77 94 47;
<CIRCLE 107 98 2.12132 0 2.23261e-06>; 0 0 0 22 90 0 0 0 0 0 0 28 149 0 0 0 0 0 0 7 154 6 0 0 0 0 0 1 109 13 0 0 0 0 71 97 66 0 0 0 0 0 75 103 113 0 0 0 0 0 5 74 154 6 0 0 0 0 0 2 116 34 8 0 0 1 154 92 1 0 0 0 0 0 154 115 9 0 0 0 0 0 57 132 67 6 0 0 0 0 1 9 26 39 19 0 10 13 34 14 0 0 0 0 0 0 28 19 4 0 0 0 0 0 9 23 5 0 0 0 1 0 3 7 7 0 0 0;
<CIRCLE 38 196 1.26134 0 2.14426e-06>; 17 19 5 8 15 6 4 9 0 0 0 30 151 40 3 1 8 2 0 8 113 11 4 3 11 2 0 0 0 0 5 11 65 9 4 2 19 7 6 30 2 0 2 7 151 119 23 5 1 0 0 0 81 83 151 33 3 0 0 0 0 0 151 66 21 36 111 19 6 0 0 1 30 16 79 39 71 38 35 27 32 0 0 0 7 22 151 144 7 0 0 0 0 0 151 86 0 2 32 10 1 0 0 0 27 13 24 2 0 0 0 4 29 0 0 0 0 0 1 17 7 0 0 0 0 0 1 5;
<CIRCLE 86 107 3 0 1.96351e-06>; 16 29 27 27 17 0 0 0 18 33 74 6 0 0 0 0 0 0 88 82 37 0 0 0 0 0 65 86 57 0 0 0 0 23 137 30 0 0 0 0 0 31 137 51 2 0 0 0 0 3 137 137 15 0 0 0 1 4 137 100 2 0 0 0 0 9 137 5 0 0 0 0 0 10 137 55 30 0 0 0 18 20 31 137 137 1 0 0 19 24 29 19 2 0 0 0 0 11 71 5 0 0 0 0 0 8 75 27 18 0 0 0 11 11 10 54 106 1 0 0 11 15 19 10 4 0 0 0;
<CIRCLE 95 143 1.78381 0 1.9307e-06>; 0 1 43 103 47 0 0 0 88 94 14 59 30 0 0 0 44 71 34 5 0 0 0 0 0 0 25 32 4 0 0 0 0 0 20 64 101 0 0 0 113 89 17 30 68 0 0 0 62 86 107 8 0 0 0 0 2 9 120 42 0 0 0 0 0 1 140 111 15 0 0 0 15 72 140 60 11 0 0 0 7 50 140 14 0 0 0 0 46 63 140 20 0 0 0 0 3 3 58 11 0 0 1 3 3 5 45 10 5 3 4 3 0 5 59 3 1 0 13 6 113 20 26 0 0 0 7 15;
<CIRCLE 6 143 3 0 1.9023e-06>; 0 0 0 0 0 0 0 0 21 2 0 8 29 0 0 0 141 19 4 12 5 0 0 1 32 10 10 122 11 0 0 0 0 0 0 0 0 0 0 0 18 32 58 61 15 1 0 0 137 121 49 53 5 3 3 3 16 10 28 115 7 3 6 15 0 0 0 0 0 2 0 0 43 25 26 31 110 120 7 0 141 85 14 18 34 27 14 12 31 6 4 79 44 15 21 16 0 0 0 0 1 3 0 0 23 3 0 0 141 141 1 0 141 77 17 33 101 23 1 3 45 12 12 88 24 1 2 14;
<CIRCLE 112 184 1.06066 0 1.87066e-06>; 5 0 0 0 2 56 33 11 74 11 0 0 0 9 19 112 25 6 5 11 47 34 11 27 90 13 7 3 12 5 0 15 12 18 40 14 8 23 10 13 88 88 45 10 6 9 23 113 15 18 65 85 97 45 18 25 96 16 9 9 18 6 0 32 2 20 60 16 9 3 0 0 14 100 122 60 18 3 0 0 24 98 122 122 21 2 0 0 122 122 22 6 1 0 0 4 0 0 1 1 21 19 0 0 0 0 10 20 82 13 0 0 29 47 16 23 83 11 0 0 122 122 1 0 2 0 0 0;
<CIRCLE 92 102 1.5 0 1.85703e-06>; 0 0 42 3 0 0 0 0 0 0 64 16 3 0 0 0 0 0 44 58 77 0 0 0 0 0 17 38 34 0 0 0 0 0 139 17 0 0 0 0 0 0 139 139 24 0 0 0 0 0 139 139 11 0 0 0 0 0 139 48 3 0 0 0 0 5 97 24 3 0 0 0 0 2 40 139 114 0 0 0 3 8 89 96 34 0 0 0 2 5 76 9 0 0 0 0 0 9 43 31 26 0 0 0 21 20 29 139 139 10 0 0 68 41 18 26 9 1 0 1 1 2 4 1 0 0 0 1;
<CIRCLE 142 135 6 0 1.85331e-06>; 2 2 29 88 68 6 0 0 128 46 4 21 28 3 0 0 52 52 19 3 0 0 0 0 2 26 58 58 15 0 0 0 8 9 40 128 26 2 0 0 128 107 27 33 5 0 0 0 44 58 103 16 0 0 0 0 0 3 84 128 7 0 0 0 47 50 17 19 38 44 0 1 49 105 102 6 30 30 0 0 5 36 128 38 0 0 0 0 0 0 128 128 0 0 0 0 105 41 0 0 11 23 1 6 6 6 15 3 39 99 42 1 0 1 38 8 5 44 77 1 0 0 14 27 11 17 3 0;
<CIRCLE 167 140 1.26134 0 1.82233e-06>; 2 2 2 5 2 0 9 8 0 0 2 26 28 0 0 1 0 0 36 133 95 0 0 0 0 0 143 50 3 0 0 0 0 0 142 29 0 0 4 2 0 3 143 58 37 0 0 0 0 0 46 143 143 10 3 0 0 0 143 73 22 8 30 1 0 0 143 15 0 0 0 0 0 1 143 55 3 0 0 0 0 0 87 122 93 30 14 0 0 0 11 10 13 22 85 2 0 0 35 11 0 0 0 0 0 0 47 14 1 0 0 0 0 0 30 17 1 0 0 0 0 0 9 10 1 0 0 0;
<CIRCLE 91 133 3 0 1.72139e-06>; 0 10 82 5 0 0 0 0 2 5 36 73 96 0 0 0 25 27 13 20 47 0 0 2 0 2 29 23 1 0 0 0 0 9 117 14 0 0 0 0 3 13 67 129 38 0 0 0 33 86 22 49 19 0 0 2 1 5 10 61 14 0 0 0 0 5 129 21 0 0 0 0 5 21 92 129 35 0 0 0 49 129 79 44 8 0 0 0 7 30 79 43 6 1 0 0 0 1 129 49 0 0 0 0 0 7 129 101 8 0 0 0 7 66 129 21 1 0 2 1 94 87 123 3 0 0 0 3;
<CIRCLE 16 108 7.13524 0 1.70836e-06>; 7 0 0 0 0 0 0 0 124 29 0 3 12 0 0 0 93 34 2 25 93 0 0 0 124 55 1 2 2 0 0 0 3 2 0 0 0 0 0 0 124 108 5 9 8 0 0 0 65 85 23 89 100 0 0 0 80 124 79 10 4 0 0 0 1 1 0 0 0 0 0 0 85 107 15 11 0 0 0 0 19 61 52 124 41 0 0 0 0 120 124 27 4 0 0 0 0 0 1 0 0 2 0 0 12 58 22 8 9 17 1 0 3 22 32 124 50 0 0 0 0 30 124 76 15 0 0 0;
<CIRCLE 214 119 1.26134 0 1.65325e-06>; 0 0 2 11 6 0 0 0 0 0 15 13 0 0 0 0 0 2 28 17 0 0 0 0 7 20 10 3 0 0 0 0 0 0 1 28 20 0 0 0 0 4 98 131 39 0 0 0 0 81 131 35 1 0 0 0 24 102 63 1 0 0 0 3 0 0 0 43 72 0 0 0 0 1 21 131 131 4 7 1 11 90 110 38 18 11 36 5 131 131 43 0 0 1 4 72 0 0 0 60 86 0 0 0 10 16 0 82 131 2 14 12 31 33 5 0 3 26 81 37 131 7 0 0 0 5 21 131;
<CIRCLE 7 143 2.52269 0 1.62296e-06>; 0 0 0 0 3 0 0 0 26 2 1 6 36 0 0 0 141 12 3 11 3 0 0 6 30 6 8 119 15 0 0 1 0 0 5 7 1 0 0 0 26 43 71 79 16 0 0 0 136 108 43 51 10 7 0 7 22 7 21 129 16 6 2 39 0 0 2 4 7 16 2 0 67 35 31 44 104 90 5 0 141 77 9 8 18 34 10 14 17 1 1 69 45 29 21 46 0 0 0 0 28 25 0 0 45 5 0 0 141 135 1 0 141 67 10 29 35 8 1 1 31 8 7 123 48 3 2 12;
<CIRCLE 139 137 4.24264 0 1.60395e-06>; 4 5 34 129 30 0 0 0 147 61 9 27 13 0 0 0 80 47 14 0 0 0 0 0 0 23 22 9 1 0 0 0 22 9 21 102 46 5 0 1 147 95 17 9 1 0 0 2 78 71 106 1 0 0 0 0 0 14 115 43 0 0 0 0 14 12 2 4 47 95 0 0 54 138 98 3 18 19 0 0 8 62 147 9 0 0 0 0 0 1 147 66 0 0 0 0 30 21 0 0 33 60 1 0 0 8 24 5 73 86 4 0 0 8 73 5 1 6 14 0 0 0 45 20 0 3 4 0;
<CIRCLE 125 167 0.891905 0 1.55825e-06>; 26 7 0 6 50 2 0 0 34 49 7 9 96 25 2 0 124 124 1 0 5 12 3 0 25 35 0 0 95 124 0 0 16 13 6 47 26 0 0 0 28 3 2 49 46 14 39 41 105 124 0 0 5 24 83 24 77 124 1 0 27 83 0 0 19 3 1 66 31 0 0 10 123 5 6 25 12 6 10 124 36 21 11 23 84 73 33 41 34 124 11 0 34 21 0 0 37 5 6 64 5 0 0 12 110 24 15 6 1 0 0 40 14 6 25 23 34 33 2 8 2 62 6 0 45 77 0 0;
<CIRCLE 114 185 1.06066 0 1.50032e-06>; 31 3 0 0 0 15 21 83 29 3 1 5 36 37 25 78 61 4 2 6 43 24 1 16 79 17 6 0 0 0 0 13 49 91 53 4 0 2 4 29 26 58 119 108 46 16 12 21 83 56 54 53 37 8 0 19 63 13 4 1 4 5 0 17 0 30 63 20 21 5 0 0 4 45 119 111 47 8 0 0 119 119 56 21 5 0 0 0 106 66 0 2 16 4 0 1 0 0 0 4 46 11 0 0 2 5 1 16 118 9 0 0 119 119 2 4 23 1 0 0 119 119 1 2 13 0 0 0;
<CIRCLE 231 110 1.26134 0 1.46902e-06>; 3 1 0 1 30 3 0 2 0 0 0 4 97 28 11 3 11 0 2 2 90 47 13 23 20 3 8 2 7 7 55 84 5 0 0 0 27 6 5 7 0 0 0 0 72 49 104 43 41 6 0 0 114 105 42 31 76 14 0 4 5 6 11 40 36 4 2 0 1 1 7 102 23 0 0 9 21 59 103 132 15 9 0 9 92 132 34 7 49 46 1 1 6 90 17 3 43 1 0 0 0 1 14 132 6 0 0 6 19 64 40 68 0 0 0 7 37 132 71 0 2 4 0 1 3 132 109 1;
<CIRCLE 47 139 2.12132 0 1.45378e-06>; 6 51 16 28 40 1 0 0 12 40 55 27 0 0 0 1 22 49 41 1 0 0 3 20 6 27 42 0 0 0 1 9 10 53 18 36 61 0 0 0 11 60 84 93 29 0 0 0 23 131 131 16 4 0 1 7 2 21 131 3 0 0 0 2 19 33 10 40 77 0 0 0 12 27 17 126 118 0 0 0 107 121 49 26 27 0 0 0 17 24 89 0 0 0 0 0 11 11 66 80 44 0 0 0 2 7 63 131 21 0 0 0 17 95 131 38 4 0 0 0 2 21 131 2 0 0 0 0;
<CIRCLE 183 139 1.06066 0 1.43479e-06>; 0 15 135 21 0 0 0 0 47 116 107 5 2 0 0 0 20 17 2 20 39 0 0 0 0 0 3 31 12 0 0 0 15 39 135 31 0 0 12 3 135 135 65 3 0 0 2 5 56 54 86 71 21 0 0 0 0 0 98 81 8 0 0 0 13 6 24 7 0 4 130 22 113 106 65 10 0 1 27 41 14 46 135 96 0 0 0 0 0 0 135 90 0 0 0 0 0 0 15 15 0 4 18 0 0 2 22 30 1 2 4 2 0 0 27 52 4 0 0 0 0 0 19 31 3 1 0 0;
<CIRCLE 91 134 2.12132 0 1.41461e-06>; 0 6 60 11 0 0 0 0 2 4 22 95 90 0 0 0 45 27 3 22 37 2 0 17 4 2 3 9 11 3 0 2 0 0 112 35 1 0 0 0 3 14 53 122 63 0 0 0 67 122 25 49 16 0 0 0 6 24 20 35 11 1 0 0 0 3 116 31 4 0 0 0 7 16 39 122 91 0 0 0 117 122 19 33 17 0 0 0 12 41 64 25 0 0 0 0 0 1 122 40 2 0 0 0 2 7 122 122 45 0 0 0 36 111 122 26 10 0 0 0 5 38 122 19 0 0 0 0;
<CIRCLE 155 177 7.13524 0 1.41211e-06>; 37 50 23 14 37 41 1 0 14 74 131 22 10 13 5 0 0 1 131 131 1 1 1 0 3 24 122 83 5 0 0 0 86 60 2 1 20 70 24 4 3 8 28 8 29 131 131 5 0 0 23 63 93 85 28 0 0 2 29 88 17 0 0 0 67 131 9 4 3 1 5 1 23 73 21 59 72 28 36 5 0 0 5 104 131 41 17 4 0 0 20 45 16 10 104 29 28 20 1 1 2 0 0 0 9 9 4 12 14 0 0 0 0 0 0 9 42 6 5 3 1 0 0 0 1 1 32 19;
<CIRCLE 6 144 3 0 1.38461e-06>; 0 0 0 0 0 0 0 0 20 2 1 9 27 0 0 0 141 21 6 15 5 0 0 1 28 9 12 122 11 0 0 0 0 0 0 0 0 0 0 0 18 35 63 63 15 4 0 0 131 124 49 49 5 5 4 4 15 8 24 96 8 5 8 17 0 0 0 0 0 2 0 0 43 19 17 22 131 138 7 0 141 75 10 17 40 28 12 11 34 6 4 85 46 13 18 13 0 0 0 0 2 2 0 0 20 3 0 0 141 134 0 0 141 74 18 31 106 21 2 4 42 12 12 75 18 0 2 16;
<CIRCLE 106 146 1.78381 0 1.36672e-06>; 27 43 38 4 0 0 0 0 1 3 59 44 1 0 0 0 22 6 12 25 9 8 6 13 2 0 5 26 43 42 7 4 14 44 149 17 0 0 0 0 40 69 149 44 0 0 0 0 149 58 26 12 14 8 2 24 15 2 2 31 47 49 17 10 0 11 149 5 0 0 1 1 149 84 123 3 0 0 1 8 149 82 5 1 9 8 1 6 9 14 3 22 31 35 13 2 0 1 2 0 0 0 49 18 149 5 1 0 0 0 27 48 149 48 4 4 0 0 0 9 10 12 7 46 17 0 0 3;
<CIRCLE 231 111 1.06066 0 1.35344e-06>; 1 0 0 0 44 5 1 3 0 0 0 1 70 18 20 8 11 0 0 0 102 27 15 17 58 1 0 2 13 3 16 77 9 0 0 0 20 9 19 27 1 0 0 0 28 65 133 89 17 4 0 0 93 133 51 13 89 33 0 1 8 27 5 12 47 1 0 0 0 0 9 133 19 0 0 14 23 41 62 133 2 1 0 14 93 133 17 3 34 35 0 0 14 133 23 3 21 0 0 0 0 5 22 133 2 0 0 5 20 71 34 30 0 0 0 7 31 102 57 0 0 1 0 0 4 133 93 1;
<CIRCLE 35 106 7.13524 0 1.32653e-06>; 124 15 0 1 4 0 0 0 80 23 1 17 75 0 0 0 124 50 1 2 5 0 0 0 22 8 3 5 8 0 0 0 123 60 2 3 2 0 0 0 63 61 14 64 83 0 0 0 99 124 58 12 8 0 0 0 10 39 124 23 2 0 0 0 55 65 7 3 0 0 0 0 22 54 39 118 33 0 0 0 1 124 124 32 7 0 0 0 0 30 124 17 0 0 0 0 9 35 13 2 3 8 0 0 4 21 24 104 32 0 0 0 0 31 124 79 15 0 0 0 0 16 124 15 0 0 0 0;
<CIRCLE 41 151 1.26134 0 1.29789e-06>; 27 6 0 46 83 0 0 12 48 13 3 9 8 0 1 16 2 5 44 80 52 1 0 0 25 15 19 30 114 7 0 0 46 35 44 27 93 0 0 32 14 14 109 50 44 1 2 34 0 4 88 136 130 0 0 0 1 12 116 112 25 1 0 0 4 43 136 68 136 0 0 0 1 23 136 68 4 0 0 0 1 0 88 136 28 0 0 0 9 2 26 32 2 1 2 5 3 2 10 12 136 3 1 3 4 5 21 7 4 1 2 3 3 0 4 12 17 4 3 1 22 1 1 0 4 2 3 8;
<CIRCLE 138 138 3.56762 0 1.28504e-06>; 7 8 46 124 22 0 0 0 153 55 10 17 6 0 0 0 96 39 15 0 0 0 0 0 0 20 24 0 0 0 0 0 28 11 13 49 50 8 1 10 153 79 13 1 0 0 0 12 94 65 100 1 0 0 0 0 0 16 124 5 0 0 0 0 7 16 6 5 35 113 4 2 48 147 102 1 11 13 0 2 10 67 153 7 0 0 0 0 0 1 153 25 0 0 0 0 16 5 3 1 54 84 2 2 0 14 25 4 69 58 0 0 0 11 69 1 0 0 0 0 0 0 48 13 0 0 0 0;
<CIRCLE 172 137 2.52269 0 1.28115e-06>; 0 14 20 6 1 0 0 0 0 1 11 66 45 0 0 0 0 0 42 45 7 0 0 0 0 0 11 54 25 0 0 0 2 10 50 28 7 0 0 3 0 0 81 151 80 0 0 0 2 33 151 107 7 0 0 0 5 89 119 50 11 0 0 0 0 0 151 62 2 0 0 0 0 0 151 151 102 9 3 0 9 36 126 64 27 19 34 5 18 110 124 42 4 1 4 3 0 0 72 25 0 0 0 0 0 0 41 35 4 1 0 0 0 0 4 11 12 6 5 0 0 0 8 13 19 12 0 0;
<CIRCLE 114 186 1.26134 0 1.27368e-06>; 26 6 3 1 2 31 22 52 43 10 3 9 36 31 26 89 78 8 4 9 40 21 1 20 55 21 11 0 0 0 0 11 24 69 69 12 4 3 2 13 27 87 124 119 32 9 8 18 123 105 65 51 23 6 0 16 49 18 6 3 12 8 0 8 0 5 22 10 33 15 0 0 6 28 81 63 104 16 0 0 124 124 25 10 16 2 0 0 88 73 3 7 38 3 0 0 0 0 0 2 46 24 0 0 0 1 0 12 124 10 0 0 108 124 2 3 34 5 0 0 96 124 3 3 23 2 0 0;
<CIRCLE 166 140 1.78381 0 1.25784e-06>; 1 9 9 0 0 0 1 5 1 8 6 20 10 0 0 1 0 0 28 122 50 0 0 0 0 0 141 48 2 0 0 0 1 2 147 16 0 0 3 8 0 0 147 76 21 0 1 1 0 0 67 147 147 3 1 0 0 0 147 97 19 6 16 0 0 0 147 26 0 0 0 0 0 0 147 58 1 0 0 0 0 0 101 143 68 12 4 0 0 0 11 18 17 19 47 0 0 0 29 11 0 0 0 0 0 0 30 24 1 0 0 0 0 0 22 18 0 0 0 0 0 0 4 7 1 1 1 0;
<CIRCLE 13 141 1.26134 0 1.21223e-06>; 49 6 0 1 5 0 0 2 123 8 4 0 0 0 0 36 27 5 9 75 26 0 3 33 23 5 5 123 36 0 0 2 65 42 26 8 1 0 0 7 86 37 76 27 3 3 2 24 6 9 107 123 28 4 1 3 28 2 2 85 28 0 1 49 66 123 47 9 0 0 0 1 123 61 19 10 41 33 18 64 10 0 10 33 123 47 8 32 50 0 0 7 6 0 1 123 118 30 2 2 1 2 0 7 123 31 0 0 69 12 0 23 19 1 0 0 123 43 8 64 30 0 0 27 20 0 0 86;
<CIRCLE 95 97 2.52269 0 1.194e-06>; 5 0 0 0 0 0 0 0 0 0 0 3 73 1 0 0 0 0 0 21 102 0 0 0 0 0 0 14 140 0 0 0 5 6 49 5 0 0 0 0 0 0 65 60 69 0 0 0 0 0 50 88 92 0 0 0 0 0 21 59 140 0 0 0 0 9 140 46 2 0 0 0 0 0 140 140 18 0 0 0 0 1 140 112 6 0 0 0 0 0 140 104 33 0 0 0 0 8 80 59 27 0 0 0 17 19 37 140 76 0 0 0 15 15 40 17 1 0 0 0 0 0 18 17 3 0 0 0;
<CIRCLE 175 137 3.56762 0 1.18475e-06>; 0 19 23 12 2 0 0 0 0 1 14 88 27 0 0 0 0 0 15 83 34 0 0 0 0 0 9 60 24 0 0 0 0 15 89 53 4 0 0 0 0 3 126 144 23 0 0 0 0 57 144 105 6 0 0 0 2 8 84 144 9 0 1 3 0 1 144 84 1 0 0 0 0 4 126 144 31 2 0 0 0 78 144 54 17 4 0 0 8 45 104 103 9 2 1 5 0 0 48 27 0 0 0 0 0 0 28 31 3 0 0 0 0 0 7 31 20 2 0 0 0 4 6 22 25 5 0 0;
<CIRCLE 14 155 2.52269 0 1.17756e-06>; 19 21 29 36 22 18 1 0 138 62 15 12 10 17 3 7 14 1 4 44 24 20 13 45 38 5 3 34 22 0 1 12 32 5 0 1 153 102 2 0 153 51 3 12 29 14 3 2 38 7 4 129 62 12 9 11 73 3 1 34 33 0 0 18 17 1 0 1 153 77 0 0 153 62 21 29 54 7 6 9 32 14 17 96 22 2 10 38 64 8 0 3 33 1 0 17 8 4 0 4 153 37 0 0 118 49 4 12 70 5 7 11 21 20 7 18 8 5 10 13 46 9 0 0 19 1 0 3;
<CIRCLE 14 109 3.56762 0 1.17338e-06>; 29 9 1 5 0 0 0 0 139 68 1 3 0 0 0 0 52 15 1 16 112 0 0 0 31 21 1 17 139 0 0 0 25 9 1 5 2 0 0 0 139 139 9 3 1 0 0 0 58 58 52 66 87 0 0 0 18 24 5 52 139 2 0 0 10 3 0 1 8 1 0 0 139 124 10 1 5 0 0 0 40 66 80 55 25 0 0 0 2 10 13 95 116 2 0 0 4 1 0 3 8 0 0 0 139 28 1 3 6 0 0 0 52 18 9 82 11 0 0 0 0 3 7 77 69 6 0 0;
<CIRCLE 14 169 1.26134 0 1.17278e-06>; 97 40 4 5 4 0 0 9 125 20 4 3 17 38 81 49 10 17 2 16 45 50 54 47 8 12 0 3 3 0 1 15 125 72 3 5 14 0 0 0 125 118 8 23 43 10 2 5 40 55 9 69 125 17 1 0 45 36 1 5 5 0 0 0 113 50 6 9 25 0 0 0 125 99 16 29 19 0 0 0 61 30 12 67 125 0 0 0 92 23 0 2 3 0 0 0 75 35 5 10 27 0 0 0 125 65 0 9 18 0 0 0 64 12 0 34 95 0 0 0 94 8 0 1 3 0 0 0;
<CIRCLE 156 176 6 0 1.15957e-06>; 12 38 41 5 50 64 1 0 2 30 129 18 4 8 8 0 0 0 129 113 1 1 1 0 0 5 64 66 11 0 0 0 31 31 3 0 28 115 56 4 2 3 12 5 21 122 129 7 0 0 12 43 79 100 29 0 0 0 25 71 18 0 0 0 48 129 16 0 0 4 11 3 14 54 27 86 76 37 46 6 0 0 7 129 129 52 19 3 0 0 40 63 17 8 95 25 45 46 2 0 0 0 0 0 4 14 16 40 21 0 0 0 0 0 0 25 71 18 20 7 1 0 0 0 2 4 94 45;
<CIRCLE 180 137 2.12132 0 1.10136e-06>; 0 0 16 55 27 0 0 0 0 0 59 34 1 0 0 0 0 0 17 66 24 0 0 0 0 0 12 57 11 0 0 0 0 0 128 134 41 0 0 0 2 51 134 52 0 0 0 0 6 125 126 46 9 0 0 0 0 1 32 134 50 0 0 0 0 0 58 134 87 13 7 0 15 55 125 26 6 12 33 7 25 134 134 42 1 0 2 3 2 9 125 134 20 0 1 1 0 0 17 25 8 5 2 0 0 0 1 7 13 7 10 1 0 3 21 20 20 11 0 0 0 1 18 20 11 17 0 0;
<CIRCLE 246 117 1.5 0 1.0471e-06>; 11 4 3 10 5 7 4 2 0 0 0 26 61 15 1 0 52 6 1 13 53 17 5 20 25 6 0 16 8 1 15 20 3 2 5 13 1 89 128 0 0 0 1 40 36 75 119 16 17 2 0 16 14 10 137 137 9 1 0 0 0 22 137 114 0 0 0 1 6 98 137 0 0 0 0 0 4 137 137 20 14 0 0 0 1 20 137 137 8 0 0 4 5 29 106 82 0 0 1 14 22 7 6 0 0 0 0 9 15 16 15 2 21 0 0 1 3 7 13 37 12 0 0 1 5 15 9 10;
<CIRCLE 137 139 2.52269 0 1.01986e-06>; 49 27 30 28 19 3 0 3 161 31 1 1 0 0 0 2 112 35 14 0 0 0 0 0 0 6 30 0 0 0 0 0 51 21 9 3 19 11 7 48 161 59 11 0 0 0 1 30 116 58 75 1 0 0 0 0 0 5 101 4 0 0 0 2 8 68 33 2 13 74 4 5 46 155 129 0 0 0 0 2 15 83 161 7 0 0 0 0 0 2 161 19 0 0 0 0 8 8 2 0 90 122 1 0 0 24 26 1 13 6 0 0 0 10 53 0 0 0 0 0 0 2 43 3 0 0 0 0;
<CIRCLE 127 125 7.13524 0 9.90587e-07>; 0 1 79 122 93 0 0 0 18 3 9 72 122 6 0 0 122 38 0 1 13 2 0 0 65 73 24 6 0 0 0 0 0 0 117 122 3 0 0 0 14 12 46 122 42 1 0 0 122 76 11 16 7 0 0 0 13 32 40 29 2 0 0 0 6 47 122 61 1 0 0 0 23 44 41 76 26 11 0 0 71 119 89 8 5 3 0 0 3 17 122 73 0 0 0 0 51 42 57 6 0 0 23 29 86 40 5 1 16 27 2 6 2 16 52 5 20 47 26 0 0 1 66 26 4 17 14 0;
<CIRCLE 142 94 0.891905 0 9.86046e-07>; 86 10 9 2 0 10 8 24 45 18 92 12 0 0 3 8 1 33 55 2 0 0 6 3 2 15 15 0 0 0 1 8 26 30 22 85 45 13 11 9 29 77 125 125 46 8 1 4 125 125 97 11 0 0 0 5 13 36 46 1 0 0 0 0 28 22 24 103 63 13 3 9 45 20 12 74 92 99 109 65 125 79 9 4 0 8 41 101 19 37 44 0 0 0 3 8 23 4 10 17 1 9 17 72 6 0 0 0 1 13 125 87 11 1 0 0 0 0 79 65 4 4 0 0 0 0 18 35;
<CIRCLE 230 112 1.5 0 9.64165e-07>; 4 1 0 0 4 2 2 5 0 0 0 1 78 29 8 0 7 0 1 0 63 63 14 17 20 2 3 0 7 9 38 69 12 14 1 0 1 1 1 11 12 0 0 0 21 39 98 98 17 2 0 0 54 131 80 24 59 14 0 0 6 42 8 15 60 21 1 0 0 0 1 130 29 0 0 0 11 31 48 131 1 0 0 1 69 131 55 14 13 6 1 2 7 131 88 0 131 26 2 0 0 0 2 131 14 0 0 0 0 31 52 89 0 0 0 0 2 82 109 0 0 0 0 0 0 82 131 0;
<CIRCLE 107 99 1.5 0 9.27594e-07>; 0 1 3 33 14 0 0 0 0 5 3 21 126 0 0 0 0 0 0 16 152 2 0 0 0 0 0 4 151 12 0 0 0 2 115 50 8 0 0 0 0 9 121 93 96 0 0 0 0 0 15 113 152 1 0 0 0 0 0 13 146 31 6 0 0 1 152 40 0 0 0 0 0 0 152 94 5 0 0 0 0 0 103 127 36 0 0 0 0 0 8 26 26 23 8 0 0 1 20 10 2 0 0 0 0 0 19 11 5 0 0 0 0 1 12 12 6 0 0 0 0 0 5 11 6 0 0 0;
<CIRCLE 157 179 1.78381 0 9.03777e-07>; 0 0 39 7 0 23 132 2 0 1 29 11 3 132 132 0 0 0 4 2 8 132 40 0 1 0 3 5 6 18 3 3 1 1 117 24 7 22 40 11 6 24 109 28 12 82 28 2 14 36 16 2 94 132 9 1 0 0 8 14 113 57 0 0 18 24 7 3 13 19 15 19 3 10 5 43 59 59 16 2 15 49 13 39 129 14 3 1 0 1 4 28 132 9 0 0 4 28 12 10 20 20 0 0 7 13 11 106 70 1 0 0 57 19 6 42 93 0 0 5 1 0 1 43 132 0 0 0;
<CIRCLE 255 117 3 0 8.88782e-07>; 2 8 51 12 13 13 13 11 6 7 37 21 13 10 6 6 83 21 20 2 1 7 10 10 76 11 0 0 0 0 0 1 0 0 0 0 31 98 129 17 7 1 0 0 15 45 144 113 56 11 0 0 12 128 86 14 59 20 0 0 1 4 1 2 1 0 0 5 9 98 144 18 5 0 0 0 36 60 144 118 7 4 1 18 144 144 45 7 11 12 3 4 23 6 0 1 11 0 1 22 12 2 1 14 19 0 0 1 68 13 6 36 0 4 6 31 144 14 1 1 0 9 12 8 28 0 1 1;
<CIRCLE 24 108 2.52269 0 8.53942e-07>; 137 37 0 3 10 0 0 0 14 15 1 9 91 0 0 0 4 10 2 12 137 2 0 0 89 60 2 3 12 0 0 0 137 88 16 9 4 0 0 0 5 17 58 49 64 0 0 0 2 7 11 52 137 8 3 1 75 71 5 5 24 4 5 3 116 127 45 10 0 0 0 0 2 20 132 59 15 0 0 0 0 2 21 81 137 19 7 1 20 47 16 57 25 9 9 2 112 33 2 2 0 0 0 0 14 9 6 23 12 0 0 4 3 1 1 113 100 8 2 2 29 21 6 53 31 10 2 1;
<CIRCLE 204 141 2.52269 0 8.47853e-07>; 0 0 38 43 5 0 0 0 0 0 106 28 1 0 3 0 7 0 40 72 50 0 9 11 93 0 0 10 17 1 4 127 9 16 36 69 23 1 19 14 13 45 79 12 0 6 129 42 7 13 35 21 1 1 129 112 51 3 1 2 0 0 77 129 5 30 26 13 3 6 1 3 11 129 95 0 1 3 33 15 3 129 129 0 0 0 55 27 1 94 60 0 0 0 12 14 0 0 0 7 5 8 0 0 0 12 10 6 7 6 0 0 0 89 62 0 3 1 0 0 0 129 107 0 0 0 0 0;
<CIRCLE 137 140 1.5 0 8.36675e-07>; 41 0 0 0 4 7 8 13 177 15 0 0 0 0 1 14 74 20 10 0 0 0 0 0 0 10 13 2 0 0 1 0 26 13 15 2 0 6 17 14 177 81 13 0 0 0 2 14 78 56 69 0 0 0 1 5 2 8 85 4 0 0 12 9 5 55 89 2 0 0 0 0 56 177 172 0 0 0 0 0 9 87 177 2 0 0 0 0 0 7 177 28 0 0 0 0 5 15 14 0 0 0 0 2 0 13 50 2 1 3 1 0 1 15 80 0 0 0 2 0 0 6 59 3 0 0 0 0;
<CIRCLE 185 138 2.12132 0 7.8165e-07>; 0 0 72 31 1 0 0 0 0 3 43 63 17 0 0 0 0 0 10 84 23 0 0 0 0 0 82 64 1 0 0 0 1 28 134 70 2 0 0 0 14 134 134 29 3 0 0 0 0 17 66 134 57 0 0 0 8 2 117 134 49 3 41 24 6 17 65 28 13 16 34 5 29 134 121 28 4 1 7 6 0 17 134 134 14 1 0 0 38 117 61 49 16 2 31 35 0 0 1 7 9 4 4 0 0 0 8 14 24 12 0 0 0 0 11 19 18 27 0 0 0 23 22 4 6 21 0 0;
<CIRCLE 170 103 1.26134 0 7.30973e-07>; 29 19 0 0 0 0 0 5 108 147 28 0 0 0 0 0 13 84 169 6 0 0 0 0 0 0 169 20 0 0 0 0 4 14 5 5 2 1 2 1 13 57 122 75 47 2 0 0 1 22 169 68 11 3 4 0 0 0 169 52 0 0 7 0 2 12 28 6 6 0 0 0 0 3 9 38 169 36 1 0 0 0 55 26 48 45 73 5 0 0 40 7 0 10 83 2 17 16 8 2 1 0 1 3 3 4 0 10 100 14 0 0 0 0 0 0 31 22 27 2 0 0 0 0 0 13 27 0;
<CIRCLE 36 186 1.06066 0 7.25439e-07>; 19 4 0 0 85 24 0 0 0 0 0 0 151 151 0 0 0 0 0 2 82 77 0 0 2 2 3 3 12 7 6 4 21 16 3 13 37 11 0 0 0 0 0 7 151 151 0 0 0 0 0 0 151 151 3 0 0 0 0 0 14 31 28 4 20 33 12 20 4 0 0 0 0 0 7 39 137 40 0 0 0 0 0 41 151 59 0 0 3 0 0 4 37 10 12 4 23 36 5 3 1 0 1 6 1 0 2 20 121 26 6 5 0 0 0 23 151 26 0 0 9 2 0 2 26 2 2 3;
<CIRCLE 20 136 1.5 0 7.11803e-07>; 114 12 0 0 0 0 0 2 23 7 0 64 17 0 0 2 5 1 0 131 57 1 5 2 70 27 4 40 9 0 2 33 116 6 2 21 7 0 0 40 25 9 12 131 53 0 0 10 40 18 8 119 53 12 15 15 33 27 21 23 23 7 5 10 50 25 92 120 18 2 0 15 40 10 23 131 65 0 0 43 107 24 3 32 28 12 4 58 11 0 3 61 36 12 4 45 32 8 23 39 79 48 9 22 53 0 5 36 29 6 3 131 31 2 3 117 66 4 5 86 92 5 6 56 18 0 0 45;
<CIRCLE 186 137 3 0 6.97541e-07>; 0 0 17 53 16 0 0 0 0 0 16 65 30 0 0 0 0 0 15 65 21 0 0 0 0 0 36 47 5 0 0 0 0 9 124 124 18 0 0 0 0 84 124 67 9 0 0 0 2 7 81 124 32 0 3 3 4 1 124 82 4 1 69 23 1 11 72 124 37 9 5 0 6 110 124 39 8 4 3 1 10 46 119 124 17 4 3 7 41 124 74 13 3 1 105 64 0 0 11 13 5 2 0 0 0 0 7 19 22 8 0 0 0 5 9 20 20 20 0 0 0 76 50 6 12 6 0 0;
<CIRCLE 140 47 5.04538 0 6.66583e-07>; 0 0 0 0 141 22 0 0 0 0 0 0 11 26 3 0 0 0 0 0 2 30 17 0 5 0 0 0 0 7 22 16 2 0 0 5 141 5 0 0 40 1 0 2 9 6 45 47 6 0 0 0 0 20 141 25 19 0 0 0 0 4 141 141 7 2 0 11 141 0 0 0 141 10 0 3 6 0 6 20 72 0 0 0 0 0 54 38 141 0 0 0 0 0 39 97 7 0 0 4 141 0 0 0 141 7 0 1 7 0 0 0 92 3 0 0 0 0 0 3 141 5 0 0 0 0 0 3;
<CIRCLE 120 153 1.26134 0 6.63981e-07>; 10 8 2 14 32 35 63 9 44 118 3 7 24 25 6 4 22 36 0 0 53 121 10 6 2 1 0 0 50 108 4 8 3 8 6 84 65 4 3 2 44 89 6 32 31 10 8 17 108 111 0 0 72 70 6 13 2 3 1 2 121 121 0 0 8 4 9 74 58 0 0 12 73 14 1 14 23 4 13 110 98 72 0 8 27 19 12 25 22 12 0 0 121 121 1 0 46 3 6 60 8 0 0 15 73 18 2 4 4 2 1 35 47 47 3 7 16 14 9 6 40 60 2 1 70 105 0 0;
<CIRCLE 158 176 3.56762 0 6.63533e-07>; 0 7 27 1 3 20 54 2 0 0 32 10 0 14 47 0 0 0 16 20 1 8 4 0 0 0 9 17 6 0 0 0 14 2 2 3 2 43 144 23 0 0 1 5 31 144 144 2 0 0 4 13 80 144 24 0 0 0 22 41 12 1 0 0 43 48 5 14 6 1 14 11 0 1 1 91 110 40 12 0 0 0 4 112 144 55 0 0 0 0 50 81 38 0 0 0 17 83 28 21 5 0 0 1 1 10 25 144 57 0 0 0 0 1 2 97 144 21 22 5 0 0 5 31 29 13 121 22;
<CIRCLE 170 102 0.891905 0 6.63079e-07>; 28 31 0 0 0 0 0 0 68 132 19 0 0 0 0 0 5 74 150 2 0 0 0 0 0 0 150 7 0 0 0 0 4 26 8 6 2 0 0 0 9 61 141 62 12 0 0 0 0 24 150 45 1 0 0 0 0 0 150 33 0 0 0 0 0 2 7 13 24 0 0 0 0 0 30 92 150 16 0 0 0 0 140 67 36 24 19 1 0 0 135 16 0 1 36 2 2 10 4 3 20 0 0 0 0 0 0 2 137 37 1 0 0 0 0 0 30 46 43 3 0 0 0 0 0 7 61 3;
<CIRCLE 13 109 3.56762 0 6.60073e-07>; 16 6 0 4 0 0 0 0 139 68 1 3 0 0 0 0 78 21 1 14 86 0 0 0 23 16 1 18 139 0 0 0 13 5 1 5 2 0 0 0 139 131 6 4 1 0 0 0 87 74 54 57 63 0 0 0 13 16 7 60 139 2 0 0 5 1 0 1 7 0 0 0 139 113 5 2 7 0 0 0 58 83 80 45 16 0 0 0 1 6 16 99 118 2 0 0 1 0 0 3 7 0 0 0 138 26 1 4 8 0 0 0 70 23 9 70 7 0 0 0 0 2 7 85 66 5 0 0;
<CIRCLE 127 123 8.48528 0 6.57601e-07>; 0 1 53 96 96 0 0 0 18 3 4 71 126 0 0 0 126 36 0 1 17 0 0 0 94 61 24 23 23 0 0 0 0 0 126 126 6 0 0 0 12 12 48 126 59 0 0 0 105 79 13 12 7 0 0 0 12 40 58 62 2 0 0 0 4 25 126 69 0 0 0 0 19 50 69 70 7 2 0 0 36 108 96 14 4 2 0 0 1 11 126 94 0 0 0 0 25 21 54 6 0 0 38 25 81 39 8 1 6 13 4 10 4 11 37 6 12 44 29 1 0 0 38 33 17 19 7 0;
<CIRCLE 114 187 1.78381 0 6.50928e-07>; 15 5 6 4 2 44 45 18 70 27 11 6 8 11 17 73 93 29 15 6 8 8 2 11 55 33 6 0 0 0 0 8 6 22 66 35 12 10 4 6 24 82 132 70 17 5 5 27 132 132 74 27 8 3 0 4 32 61 14 6 0 0 0 0 0 0 8 13 51 44 0 0 10 34 50 48 132 11 0 0 132 132 22 14 24 1 0 0 43 91 32 27 7 0 0 0 0 0 10 40 37 11 0 0 0 2 1 19 132 23 0 0 82 132 0 1 47 20 0 0 47 132 23 10 3 0 0 0;
<CIRCLE 179 137 2.52269 0 6.40763e-07>; 0 1 8 50 33 0 0 0 0 0 40 44 8 0 0 0 0 0 15 66 30 0 0 0 0 0 14 53 12 0 0 0 0 0 56 132 60 0 0 0 1 28 132 110 9 0 0 0 6 112 132 58 12 0 0 0 1 2 52 132 48 0 2 2 0 0 120 132 75 6 2 0 8 30 121 70 30 18 33 4 23 132 132 47 5 1 6 4 7 23 111 132 24 2 3 6 0 0 33 27 3 1 0 0 0 0 4 11 11 5 4 0 0 1 10 15 23 14 0 0 0 3 10 13 12 23 0 0;
<CIRCLE 246 116 2.12132 0 6.11225e-07>; 7 2 3 1 2 24 30 43 1 2 4 5 36 33 19 6 20 10 10 4 24 9 1 11 6 1 0 0 4 10 13 8 5 0 0 1 3 131 82 6 1 0 0 14 53 69 89 7 16 0 0 2 24 13 130 121 3 0 0 0 4 63 131 31 0 0 0 1 3 125 131 0 0 0 0 0 5 131 131 18 1 0 0 0 0 19 131 131 0 0 0 0 51 131 121 33 0 0 0 17 19 9 8 0 3 0 0 14 16 17 18 4 20 0 0 0 1 5 15 38 2 0 0 7 125 22 3 5;
<CIRCLE 165 139 2.52269 0 5.99863e-07>; 0 12 25 0 0 0 0 0 0 17 21 11 4 0 0 0 0 1 20 84 43 0 0 0 0 1 67 38 4 0 0 0 2 7 113 7 0 0 0 7 3 7 153 60 13 0 0 4 0 0 111 164 103 1 0 0 4 42 164 83 7 2 4 1 0 0 164 26 0 0 0 0 0 0 164 75 2 0 0 0 0 0 131 164 70 10 4 0 5 17 37 26 18 16 27 3 0 0 35 12 0 0 0 0 0 0 33 29 1 0 0 0 0 1 21 20 1 0 0 0 0 0 5 9 8 2 0 0;
<CIRCLE 32 125 1.5 0 5.98675e-07>; 13 2 0 34 52 14 1 5 0 0 0 131 113 14 3 0 42 6 3 87 41 9 6 13 89 29 2 0 0 0 0 5 13 1 1 131 66 1 0 13 4 0 0 131 62 37 46 80 14 16 8 13 69 72 33 17 54 72 10 3 2 0 0 3 43 5 0 131 36 0 1 51 51 7 3 55 67 21 19 131 8 14 6 81 131 35 8 5 42 82 10 10 10 0 0 0 47 29 4 25 17 3 5 9 40 39 44 74 45 0 0 7 6 12 3 77 131 0 0 0 33 62 4 12 10 0 0 0;
<CIRCLE 16 131 4.24264 0 5.90711e-07>; 18 9 0 1 1 0 0 0 121 121 18 3 0 0 0 0 20 51 49 114 80 0 0 0 3 58 26 61 66 0 0 0 11 4 1 4 3 0 0 0 121 70 11 13 2 0 0 0 35 27 25 121 52 0 0 0 0 26 35 99 77 0 0 0 5 13 22 10 3 2 0 0 89 121 54 27 3 2 0 0 9 15 45 121 29 0 0 0 0 2 31 121 94 0 0 0 4 4 5 3 43 58 3 0 112 69 16 13 51 50 2 2 17 13 19 60 54 1 0 1 0 0 19 121 121 1 0 0;
<CIRCLE 15 148 1.06066 0 5.74517e-07>; 111 47 4 0 4 5 6 34 16 0 0 5 123 54 10 28 28 0 0 6 40 5 1 62 33 0 0 6 8 0 0 90 137 30 0 0 13 2 0 15 56 5 0 0 137 48 4 22 36 0 0 0 40 18 5 137 20 0 0 57 42 0 0 48 137 56 0 0 8 0 0 0 70 22 0 1 118 35 13 8 25 0 0 17 27 12 13 63 6 0 0 137 72 0 0 8 137 38 0 0 0 0 0 0 74 13 0 3 43 13 0 1 11 0 0 86 51 5 0 4 14 0 0 137 61 0 0 20;
<CIRCLE 155 174 1.78381 0 5.58498e-07>; 0 2 5 1 0 1 88 2 0 1 7 3 0 15 86 0 0 3 5 3 1 16 24 0 0 1 7 3 0 1 1 2 0 4 53 5 0 9 149 8 0 0 56 18 3 114 149 0 0 2 16 5 7 149 113 0 0 0 3 3 12 83 11 3 2 6 111 19 10 11 32 11 1 6 131 36 12 67 38 6 19 50 48 9 34 138 15 2 2 4 2 7 149 125 1 0 17 14 5 8 9 8 9 14 4 13 4 17 41 48 14 6 11 29 11 46 43 18 7 1 3 12 3 18 149 10 0 0;
<CIRCLE 138 45 3 0 5.54674e-07>; 0 0 0 10 24 7 0 0 0 0 1 6 7 18 15 5 0 0 0 0 10 39 32 1 0 0 0 0 1 20 35 0 7 1 2 14 26 9 0 5 100 2 1 4 1 6 96 140 14 0 0 0 2 53 182 44 0 0 0 0 0 33 182 7 24 7 8 30 21 1 0 0 182 20 2 2 0 0 11 48 104 0 0 0 0 6 111 52 12 0 0 0 0 3 140 55 23 5 1 20 24 1 0 0 182 19 0 2 0 0 0 3 129 1 0 0 0 0 0 14 44 0 0 0 0 0 0 23;
<CIRCLE 150 179 1.26134 0 5.43376e-07>; 2 30 119 1 0 1 119 1 1 17 119 18 4 7 119 2 0 1 119 31 15 28 119 0 0 21 95 11 6 114 61 0 4 13 75 27 3 36 69 8 11 6 119 28 1 56 85 28 1 3 119 23 12 77 112 22 10 62 87 5 7 56 46 5 6 1 17 69 17 8 10 14 70 19 23 14 11 10 27 60 12 11 11 23 60 60 30 14 5 8 8 33 28 42 45 4 7 3 0 4 15 24 19 8 23 50 28 15 25 12 7 6 25 43 16 24 27 22 13 6 1 2 6 83 68 11 3 0;
<CIRCLE 137 43 1.78381 0 5.06915e-07>; 0 0 10 13 1 1 0 0 0 0 15 10 1 2 14 8 0 0 3 13 5 13 29 1 0 0 5 8 2 10 19 0 9 0 1 4 3 12 6 11 84 0 1 1 0 4 110 175 8 0 0 1 1 61 179 44 0 0 1 1 0 52 179 0 38 9 10 13 1 3 1 4 179 17 1 0 0 1 17 77 77 0 0 0 0 23 127 34 0 0 0 0 0 13 165 11 40 9 6 11 2 0 0 0 179 15 0 0 0 0 0 12 87 0 0 0 0 2 11 17 3 0 0 0 0 0 11 17;
<CIRCLE 176 137 3.56762 0 4.737e-07>; 0 17 22 16 4 0 0 0 0 0 14 90 26 0 0 0 0 0 13 83 38 0 0 0 0 0 12 59 20 0 0 0 0 13 84 72 6 0 0 0 0 6 140 140 21 0 0 0 0 58 140 106 7 0 0 0 2 5 88 140 8 0 2 4 0 1 140 104 2 0 0 0 0 8 113 140 32 3 0 0 0 79 140 54 15 4 0 0 12 53 97 98 8 2 3 8 0 0 45 28 0 0 0 0 0 0 25 29 4 0 0 0 0 0 7 33 22 3 0 0 0 7 8 20 25 5 0 0;
<CIRCLE 29 132 0.891905 0 4.63612e-07>; 33 2 2 106 19 0 2 33 112 11 0 3 0 0 1 125 29 3 0 63 33 2 1 73 0 0 0 105 125 5 0 0 36 21 8 16 11 0 11 25 125 116 14 13 0 0 0 7 21 33 23 125 25 0 0 1 0 0 0 76 125 7 0 0 19 5 5 27 53 4 7 22 96 44 43 50 0 0 0 30 33 25 78 107 2 0 0 2 9 3 2 32 125 5 0 4 6 0 0 15 49 6 15 37 13 3 13 125 18 1 1 40 83 15 19 37 3 0 0 37 16 2 4 41 125 0 0 1;
<CIRCLE 34 112 7.13524 0 4.49045e-07>; 126 21 0 1 2 0 0 0 78 29 2 25 75 0 0 0 126 75 4 5 8 0 0 0 25 15 17 9 7 0 0 0 99 68 3 2 0 0 0 0 54 69 24 83 68 0 0 0 53 126 85 20 11 0 0 0 5 48 126 22 0 0 0 0 39 54 9 1 0 0 0 0 19 47 38 122 26 0 0 0 0 92 126 50 9 0 0 0 0 31 126 14 0 0 0 0 4 28 10 2 13 20 1 0 2 22 20 95 49 1 0 0 0 18 126 109 34 0 0 0 0 14 126 14 0 0 1 0;
<CIRCLE 20 135 1.26134 0 4.43011e-07>; 66 14 0 0 0 0 0 2 11 7 1 47 16 0 2 8 2 0 0 140 55 1 7 9 49 17 3 52 13 0 5 31 67 7 0 15 5 0 1 41 25 4 8 140 53 0 2 16 48 4 6 140 63 9 20 51 34 15 8 24 41 4 9 29 31 15 53 136 36 0 3 31 48 11 10 140 98 0 1 12 140 44 5 29 40 9 4 27 8 0 1 62 53 11 16 36 2 4 74 112 35 14 3 4 37 0 5 71 18 0 1 104 51 5 0 37 24 7 11 116 29 0 4 103 32 5 3 40;
<CIRCLE 136 187 1.78381 0 4.32555e-07>; 46 40 28 7 6 4 2 2 49 14 17 40 129 24 10 46 129 44 19 21 28 12 38 129 7 9 24 46 40 21 31 15 31 37 99 62 0 0 0 6 49 72 93 64 31 5 2 21 113 129 24 26 17 6 1 14 12 35 6 27 32 44 15 4 64 16 41 41 0 0 0 36 56 35 11 10 46 65 14 51 92 129 9 5 23 59 40 16 36 129 9 1 12 21 5 1 107 24 5 1 0 0 0 9 39 52 3 0 1 12 7 7 12 36 11 21 27 29 27 5 22 129 34 9 9 3 0 0;
<CIRCLE 92 120 2.52269 0 4.17393e-07>; 0 15 132 22 4 0 0 0 12 17 61 132 132 0 0 0 58 47 42 72 33 0 0 0 1 2 23 21 3 0 0 0 0 22 109 22 6 0 0 0 24 16 32 88 132 12 0 2 98 60 29 19 66 8 0 4 0 3 62 36 0 0 0 0 0 14 99 19 2 0 0 0 12 14 35 132 132 1 0 4 58 42 10 25 47 4 0 21 0 1 18 30 12 2 0 0 0 2 120 33 2 0 0 0 13 31 54 132 62 0 0 0 59 124 25 35 13 1 0 2 0 5 13 57 16 1 0 0;
<CIRCLE 29 132 2.52269 0 3.93432e-07>; 39 14 2 16 3 0 0 3 8 1 2 131 82 5 4 8 21 13 3 98 96 43 13 6 45 56 22 8 4 1 0 1 56 12 4 129 21 0 0 1 37 24 15 131 44 4 5 19 19 28 17 101 131 33 14 17 11 85 44 32 26 1 0 0 36 12 26 131 19 0 0 13 23 25 27 61 36 7 2 14 6 22 28 99 131 5 3 6 13 68 34 56 46 0 0 0 19 3 8 69 28 18 12 64 71 10 7 60 46 3 3 30 22 7 4 71 131 6 3 9 16 29 13 71 57 0 0 0;
<CIRCLE 25 109 2.12132 0 3.91079e-07>; 57 25 1 9 18 0 0 0 8 17 3 18 135 0 0 0 1 8 3 23 145 2 0 0 73 71 4 6 15 0 0 0 61 68 58 28 6 0 0 0 0 8 96 79 92 0 0 0 1 3 7 70 145 16 6 2 64 55 2 5 27 8 12 7 35 86 100 28 0 0 0 0 1 15 137 70 27 0 0 0 0 0 11 85 145 26 8 0 12 35 17 87 31 12 12 2 54 27 4 7 2 0 0 0 14 7 5 23 21 1 0 5 1 0 0 128 133 7 0 0 27 16 8 85 40 8 1 1;
<CIRCLE 128 124 7.13524 0 3.48401e-07>; 0 1 68 120 111 0 0 0 23 4 6 60 120 7 0 0 120 40 0 0 10 1 0 0 70 74 25 7 1 0 0 0 0 0 115 120 5 0 0 0 19 14 40 120 48 1 0 0 120 74 10 12 6 0 0 0 10 32 41 31 2 0 0 0 5 44 120 63 1 0 0 0 24 42 37 80 25 10 0 0 75 119 91 7 4 2 0 0 2 15 120 78 0 0 0 0 55 47 60 6 0 0 18 26 76 38 6 1 18 30 1 4 1 19 61 6 19 41 24 0 0 1 71 30 3 14 11 0;
<CIRCLE 253 117 1.5 0 3.33563e-07>; 16 1 0 14 58 14 2 5 53 11 0 13 10 4 11 27 1 0 0 13 7 4 23 19 6 5 1 2 13 12 8 3 5 0 0 24 21 23 91 72 19 3 0 0 1 6 135 135 0 0 0 0 2 105 135 30 7 0 0 4 43 115 26 4 4 0 0 0 1 47 135 101 17 0 0 2 3 7 124 135 0 0 0 4 24 135 91 10 6 0 0 1 135 135 8 1 7 0 0 3 4 9 13 16 24 0 0 1 1 7 8 26 0 0 0 3 45 32 7 0 4 1 0 28 135 18 0 0;
<CIRCLE 36 113 1.26134 0 3.15966e-07>; 19 4 0 6 101 27 18 39 32 20 2 3 14 29 27 30 113 114 5 2 3 2 0 0 18 39 28 55 7 0 0 0 25 0 0 13 49 26 21 62 23 14 6 129 120 28 17 42 108 129 10 35 19 1 0 0 24 51 21 48 8 0 0 0 7 0 0 129 50 4 13 44 48 12 9 129 63 0 0 9 129 103 6 18 2 0 0 0 27 54 13 31 1 0 0 0 0 0 0 129 95 10 4 2 54 4 2 75 40 11 4 18 124 35 0 0 0 0 0 12 32 22 6 12 3 0 0 1;
<CIRCLE 148 195 2.52269 0 3.06454e-07>; 64 127 26 13 15 7 3 28 26 73 8 16 37 31 6 11 7 28 24 85 67 36 7 6 11 17 24 86 127 10 0 0 48 104 9 6 11 37 23 10 40 127 37 20 31 20 4 2 16 22 35 127 127 13 0 0 87 12 6 111 127 2 0 9 16 18 5 8 20 8 2 1 2 94 113 39 28 5 0 0 35 24 80 127 41 0 0 0 107 17 4 36 127 29 9 6 0 0 0 0 0 0 0 0 0 0 2 1 2 0 0 0 1 0 1 3 1 0 0 0 4 0 0 0 3 1 0 0;
<CIRCLE 113 189 3 0 3.05231e-07>; 3 1 0 5 7 60 48 3 116 51 4 1 2 16 16 23 118 101 4 0 0 0 0 3 57 56 8 2 6 5 0 0 0 0 9 40 59 48 10 0 24 57 119 51 38 13 8 16 113 133 78 8 4 0 0 2 27 94 87 4 2 0 0 1 0 0 0 51 128 30 1 0 3 20 19 62 133 13 0 0 99 133 28 12 60 2 0 0 102 133 38 0 0 0 0 2 0 0 0 18 46 0 0 0 0 0 0 18 58 0 0 0 23 62 0 2 28 0 0 0 64 51 0 0 0 0 0 0;
<CIRCLE 30 109 2.12132 0 2.92562e-07>; 7 14 2 13 60 0 0 0 0 4 2 21 145 2 0 0 61 72 6 12 55 0 0 0 105 83 13 3 0 0 0 0 0 7 81 53 32 0 0 0 0 1 17 83 145 11 3 0 56 47 3 10 83 14 17 9 79 113 33 6 0 0 0 0 1 12 119 48 7 0 0 0 0 3 24 85 145 19 4 0 8 23 15 109 62 21 18 3 30 111 34 18 1 0 0 0 10 6 5 13 8 0 0 3 4 1 1 103 116 5 0 1 20 11 7 130 74 12 2 1 58 50 12 6 0 0 0 0;
<CIRCLE 137 167 2.12132 0 2.90791e-07>; 3 9 1 1 120 140 0 0 0 23 17 2 39 38 0 0 0 14 34 0 0 0 0 0 0 3 27 1 0 0 0 0 37 33 2 1 63 162 1 5 0 14 7 1 76 165 26 0 0 24 16 0 0 31 69 5 0 5 14 1 0 0 52 2 29 43 12 1 11 35 1 8 1 67 35 2 10 165 107 0 3 32 16 0 0 87 165 14 0 4 18 2 0 8 165 12 20 35 3 1 7 16 2 0 19 42 39 14 53 22 7 22 40 66 33 5 8 5 45 62 1 10 63 19 8 5 53 8;
<CIRCLE 153 186 1.26134 0 2.906e-07>; 53 11 20 17 2 12 24 48 25 11 12 26 66 56 42 28 5 9 10 33 31 75 66 6 51 77 4 35 56 16 19 4 27 54 35 23 32 17 15 16 55 98 36 27 38 34 20 10 1 5 13 121 121 37 13 3 95 45 9 89 37 0 0 2 10 17 4 2 75 85 15 1 47 74 46 68 35 29 6 4 2 4 21 121 121 1 0 0 121 13 14 43 45 0 1 34 8 20 8 6 30 30 0 1 0 0 4 36 85 41 0 0 13 0 1 95 121 0 0 3 121 2 1 33 51 0 0 58;
<CIRCLE 113 193 10.0908 0 2.9017e-07>; 0 16 139 51 3 2 41 17 94 109 139 49 2 2 27 33 62 85 76 25 25 44 16 3 3 27 139 81 10 28 16 0 0 1 17 3 8 22 139 96 87 55 9 6 38 30 120 53 117 139 7 8 17 47 44 9 5 9 8 50 139 79 41 2 0 0 0 0 4 9 38 15 6 12 2 5 45 13 7 0 51 53 3 5 9 0 0 0 4 5 1 18 76 2 1 0 0 0 0 0 0 0 0 0 0 0 0 0 0 0 0 0 0 0 0 0 0 0 0 0 0 0 0 0 0 0 0 0;
<CIRCLE 17 109 1.06066 0 2.65223e-07>; 126 49 0 0 0 0 0 0 54 37 0 5 40 0 0 0 20 10 0 15 106 0 0 0 20 28 9 5 2 0 0 0 126 126 25 0 0 0 0 0 44 91 69 30 27 0 0 0 10 26 60 98 80 0 0 0 8 35 89 32 1 0 0 0 72 126 88 0 0 0 0 0 2 110 126 38 1 0 0 0 0 22 126 126 13 0 0 0 2 68 126 19 0 0 0 0 124 62 5 0 0 0 0 0 16 47 23 9 4 0 0 0 1 8 18 43 48 0 0 0 24 46 10 5 6 0 0 0;
<CIRCLE 12 109 1.26134 0 2.61203e-07>; 142 32 0 1 14 0 0 0 143 60 0 0 0 0 0 0 72 36 0 0 4 0 0 0 14 9 0 6 59 0 0 0 143 23 0 0 19 3 0 2 143 119 3 0 0 0 0 0 75 90 36 3 3 0 0 0 12 21 31 43 47 0 0 0 88 18 0 0 12 11 4 7 143 143 10 0 0 0 0 0 28 133 115 3 0 0 0 0 0 24 97 69 8 0 0 0 47 9 1 3 11 0 0 0 143 40 0 0 0 0 0 0 61 40 3 0 0 0 0 0 1 9 6 14 19 0 0 0;
<CIRCLE 14 172 7.13524 0 2.60039e-07>; 0 0 0 0 0 1 0 0 8 48 18 4 14 27 1 0 4 27 28 127 54 1 0 0 0 22 145 102 27 0 0 0 0 0 0 0 4 2 0 0 3 18 7 15 160 70 1 0 7 32 12 62 160 20 0 0 0 1 43 62 139 37 24 8 0 0 0 0 8 0 0 0 14 14 3 18 160 27 0 0 62 44 4 12 160 45 1 0 0 0 0 0 93 80 70 39 0 0 0 0 2 0 0 0 7 1 0 0 160 9 0 0 38 6 0 0 47 12 1 0 0 0 0 0 9 21 34 14;
<CIRCLE 15 171 7.13524 0 2.36221e-07>; 0 0 0 0 0 1 0 0 10 53 20 6 11 23 1 0 3 24 29 135 53 0 0 0 0 25 155 90 20 0 0 0 0 0 0 0 9 5 0 0 3 21 8 15 160 71 1 0 5 29 13 72 160 19 0 0 0 2 55 64 122 32 24 7 0 0 0 0 17 1 0 0 16 17 3 20 160 26 0 0 55 42 4 11 160 50 2 0 0 0 0 0 88 75 72 43 0 0 0 0 6 0 0 0 10 2 0 0 160 10 0 0 40 7 0 0 44 15 2 0 0 0 0 0 10 22 39 16;
<CIRCLE 232 102 3.56762 0 2.30945e-07>; 5 3 0 6 11 0 0 0 47 19 2 0 0 0 0 5 19 19 21 1 0 0 0 3 0 2 38 11 0 0 1 1 5 7 5 18 5 0 0 0 16 23 64 38 17 5 0 0 3 31 132 28 5 3 2 2 0 2 132 67 1 0 0 0 17 18 27 20 4 0 1 6 22 8 11 20 30 89 87 46 1 9 45 12 16 124 113 14 1 1 28 17 18 30 56 21 132 65 78 69 19 0 0 63 132 20 2 0 0 56 107 132 0 0 0 0 5 132 132 6 0 0 0 0 6 62 132 66;
<CIRCLE 25 144 1.26134 0 2.27105e-07>; 52 9 1 45 17 0 2 45 49 12 0 26 28 11 9 28 11 0 1 85 29 5 7 65 14 0 1 11 44 3 6 62 47 0 0 11 9 0 3 121 30 1 5 121 76 6 7 46 121 4 6 71 15 0 0 102 9 0 0 9 106 3 2 26 35 0 0 68 55 0 0 89 61 1 2 121 121 0 7 52 121 24 2 13 3 0 1 43 8 7 1 34 121 0 0 0 12 0 0 121 70 0 0 17 72 2 1 80 30 0 2 72 75 32 2 0 0 0 1 22 5 11 4 19 121 0 0 1;
<CIRCLE 148 194 3 0 2.2587e-07>; 57 73 40 12 19 3 2 28 43 55 17 21 27 9 8 25 3 4 19 89 64 45 8 3 0 0 6 87 139 51 0 0 62 105 28 3 2 11 11 9 48 139 35 27 31 10 2 1 7 20 34 139 128 4 0 0 9 8 10 139 139 5 3 0 57 19 2 4 10 2 3 1 5 86 106 55 23 1 1 0 29 29 75 139 39 0 0 0 34 13 4 30 139 50 34 15 2 0 0 0 0 0 0 0 0 0 1 2 2 0 0 0 2 0 1 4 1 0 0 0 2 0 0 0 3 2 1 1;
<CIRCLE 123 127 2.12132 0 2.20641e-07>; 0 0 52 35 0 0 0 0 0 0 52 98 43 0 0 0 2 2 5 77 128 0 0 0 128 36 1 10 8 0 0 0 0 0 62 128 5 0 0 0 0 2 128 128 21 0 0 0 16 38 101 106 33 0 0 0 128 33 3 9 3 0 0 0 0 0 8 94 66 1 0 0 5 2 18 84 128 20 1 1 109 37 19 15 36 8 2 16 128 20 0 0 0 0 0 9 1 0 4 42 61 23 2 1 2 7 29 44 54 31 5 4 44 23 8 1 13 10 8 57 128 28 5 0 0 0 1 26;
<CIRCLE 41 105 2.12132 0 2.02824e-07>; 36 33 3 6 72 0 0 0 116 86 6 2 0 0 0 0 82 76 23 8 0 0 0 0 116 100 13 0 0 0 0 0 29 43 6 18 116 1 0 1 116 116 15 2 0 0 0 0 40 116 65 11 0 0 0 0 34 116 91 0 0 0 0 0 14 10 2 18 94 23 22 7 71 116 27 11 3 1 3 2 5 104 101 19 0 0 0 0 0 116 87 0 0 0 0 0 1 4 7 95 57 8 4 0 40 89 24 36 4 0 0 0 7 62 44 7 0 0 0 0 0 77 28 0 0 0 0 0;
<CIRCLE 231 101 1.78381 0 2.00829e-07>; 28 6 0 0 0 0 0 6 43 10 14 1 0 0 0 10 26 16 36 1 0 0 0 3 0 2 32 6 0 0 0 0 18 28 5 6 4 0 0 0 8 18 124 120 47 3 0 0 1 72 146 47 14 4 0 1 0 59 146 11 0 0 0 4 14 7 1 4 20 3 1 10 0 0 12 53 146 79 2 0 5 19 100 29 79 95 35 65 3 44 97 2 0 12 87 97 16 17 0 0 5 5 5 20 5 0 0 0 44 130 122 66 39 1 0 0 30 146 66 45 34 4 1 4 6 23 34 35;
<CIRCLE 148 196 2.52269 0 1.84757e-07>; 61 129 27 12 13 10 4 19 28 94 9 12 35 35 5 7 6 29 26 102 78 30 4 4 17 17 22 96 129 6 0 0 44 87 7 7 13 36 24 9 37 129 56 27 30 15 3 2 21 24 45 129 129 10 0 1 101 12 5 108 129 5 1 10 14 14 4 7 19 6 0 0 1 69 102 35 28 5 0 0 33 20 72 129 30 0 0 0 99 16 3 27 124 28 9 5 0 0 0 0 0 0 0 0 0 0 0 0 0 0 0 0 0 0 0 0 0 0 0 0 0 0 0 0 0 0 0 0;
<CIRCLE 78 97 1.78381 0 1.66937e-07>; 4 3 1 8 87 0 0 0 105 23 1 2 6 0 0 0 36 5 0 0 0 0 0 0 0 0 0 0 0 0 0 0 2 7 11 63 99 0 0 0 103 99 19 13 5 0 0 0 41 36 62 1 0 0 0 0 0 0 72 7 0 0 0 0 0 4 120 124 19 0 0 0 14 128 136 18 1 0 0 0 4 60 136 4 0 0 0 0 0 0 136 55 3 0 0 0 0 2 136 26 0 0 0 0 0 23 136 4 0 0 0 0 0 17 136 3 0 0 0 0 0 7 132 87 18 0 0 0;
<CIRCLE 152 186 1.26134 0 1.61268e-07>; 40 7 24 36 4 13 20 41 51 17 18 21 52 36 50 51 3 8 9 27 38 96 54 3 34 51 6 46 51 23 40 6 21 28 20 22 32 26 26 22 66 116 57 21 32 21 13 11 9 14 11 116 116 56 23 6 54 27 13 116 65 1 0 1 1 18 7 2 68 76 22 1 55 73 32 25 47 61 9 5 6 20 37 116 116 2 1 1 105 10 15 77 71 0 0 20 14 45 9 4 18 16 0 1 0 1 6 25 74 60 0 0 0 0 1 90 116 3 0 0 116 2 2 49 53 0 0 42;
<CIRCLE 260 99 4.24264 0 1.56135e-07>; 14 6 10 1 0 0 4 11 0 0 14 31 45 5 4 3 0 1 5 24 43 1 0 0 0 0 0 0 0 0 0 0 4 18 147 40 0 0 0 0 6 20 147 119 8 0 0 0 29 46 52 36 6 0 0 0 0 0 0 0 0 0 0 0 0 6 115 36 9 82 91 4 42 24 97 43 3 22 118 29 118 53 13 0 0 7 15 10 0 0 0 0 0 0 0 0 0 0 0 0 4 147 147 23 4 0 0 2 84 147 147 51 18 6 1 10 78 81 28 6 0 0 0 0 0 0 0 0;
<CIRCLE 78 98 1.26134 0 1.48503e-07>; 11 9 7 21 26 0 0 0 139 38 2 1 0 0 0 0 31 5 0 0 0 0 0 0 0 0 0 0 0 0 0 0 9 18 30 55 33 0 0 0 139 135 29 2 0 0 0 0 34 36 108 1 0 0 0 0 0 0 108 6 0 0 0 0 1 11 101 59 6 0 0 0 18 139 139 2 0 0 0 0 2 56 139 4 0 0 0 0 0 1 139 15 0 0 0 0 0 5 110 18 0 0 0 0 0 34 139 1 0 0 0 0 0 21 139 2 0 0 0 0 0 6 139 2 0 0 0 0;
<CIRCLE 32 119 1.78381 0 1.46751e-07>; 1 14 60 61 61 1 0 0 0 0 0 49 121 30 21 14 16 35 12 93 34 10 18 12 37 95 20 18 0 0 0 0 18 13 4 14 57 9 0 4 0 0 0 125 125 19 1 1 58 32 16 125 46 2 1 4 89 76 14 8 0 0 0 0 20 1 2 125 50 3 0 11 0 0 0 125 125 32 31 23 44 22 3 30 54 50 25 14 68 63 14 7 0 0 0 1 18 3 2 125 32 0 0 13 37 6 4 62 60 21 26 94 7 27 2 57 125 31 11 5 21 75 17 14 2 0 0 0;
<CIRCLE 68 98 1.5 0 1.4182e-07>; 0 0 0 0 0 0 0 0 0 0 0 1 49 0 0 0 0 1 1 19 124 0 0 0 67 24 3 6 5 0 0 0 0 0 63 3 0 0 0 0 0 0 67 33 49 0 0 0 0 2 19 110 137 0 0 0 61 79 24 22 4 0 0 0 0 0 142 21 0 0 0 0 0 0 142 61 4 0 0 0 0 0 142 142 18 0 0 0 6 66 119 18 0 0 0 0 0 0 142 12 0 0 0 0 0 0 142 19 0 0 0 0 0 2 142 34 0 0 0 0 0 15 125 4 0 0 0 0;
<CIRCLE 117 140 2.52269 0 1.37166e-07>; 0 0 7 78 17 0 0 0 0 0 18 112 51 1 0 0 14 7 36 85 87 12 0 2 82 24 15 10 8 2 0 8 8 7 43 74 14 3 2 3 5 1 8 64 94 45 7 4 12 16 31 44 68 47 11 14 65 32 12 0 6 5 6 48 130 122 130 20 4 3 1 5 68 15 2 16 80 88 27 13 9 26 12 7 33 130 42 7 8 73 39 0 14 51 1 2 130 76 24 0 0 1 3 20 91 40 11 42 29 19 2 4 56 25 2 10 54 103 2 10 2 7 3 1 93 93 0 0;
<CIRCLE 122 196 1.5 0 1.27642e-07>; 135 142 11 9 34 0 0 0 117 142 8 16 34 0 0 0 6 47 52 33 20 0 0 1 43 7 18 41 3 0 1 38 70 118 0 3 70 34 0 0 142 142 14 10 20 3 0 0 37 62 40 27 29 2 0 2 110 20 5 1 0 0 0 23 9 14 0 3 69 39 0 0 85 142 16 2 10 9 0 0 101 142 34 7 0 0 0 0 127 29 0 0 0 0 0 12 0 0 0 0 10 2 0 0 15 15 0 0 3 0 0 0 30 17 0 0 0 0 0 0 22 2 0 0 0 0 0 2;
<CIRCLE 123 161 1.5 0 1.13827e-07>; 26 2 3 35 25 0 0 37 76 31 0 1 10 8 1 43 24 15 0 0 125 125 0 0 0 11 5 2 65 46 0 0 99 10 3 20 3 0 0 23 56 35 3 5 12 4 5 12 52 98 5 3 96 125 1 1 2 11 3 2 125 125 0 0 115 8 0 3 0 0 0 19 41 20 5 16 49 1 1 1 91 125 5 10 48 37 8 12 32 46 0 0 125 125 0 0 59 12 0 0 0 0 0 8 29 13 5 36 11 0 1 12 51 34 2 12 23 12 23 53 23 124 5 1 28 108 2 2;
<CIRCLE 253 100 3 0 9.54534e-08>; 5 10 21 1 0 0 1 1 0 4 49 13 0 0 1 1 2 2 27 58 49 1 0 0 31 13 1 19 23 0 0 1 2 21 130 29 0 0 0 0 0 2 130 108 3 1 0 0 29 36 130 74 12 1 1 1 112 24 15 18 4 0 0 12 4 18 93 15 18 29 36 31 9 11 71 40 32 20 10 10 84 29 39 7 5 19 26 18 130 30 2 0 0 0 0 5 0 0 0 0 24 130 130 10 7 0 0 0 28 46 130 119 32 5 0 0 14 130 130 36 85 27 0 0 5 21 3 4;
<CIRCLE 161 133 7.13524 0 8.10774e-08>; 91 26 2 17 44 3 0 0 84 77 17 3 0 0 0 0 21 68 113 119 30 0 0 0 0 0 14 122 78 0 0 0 99 78 22 49 9 0 0 0 61 74 80 26 0 0 0 0 0 2 100 122 14 0 0 0 2 2 55 122 18 0 0 4 31 69 49 11 26 23 0 0 9 50 122 50 1 2 1 0 0 0 122 122 1 0 0 0 13 52 117 59 2 0 0 6 19 15 6 1 18 56 29 1 0 1 31 9 19 66 73 1 0 0 16 50 30 20 3 0 0 10 23 42 8 0 0 0;
<CIRCLE 122 101 1.78381 0 8.06705e-08>; 0 0 0 9 154 26 0 0 0 0 0 15 90 37 6 0 0 0 2 25 30 14 1 0 50 13 5 25 8 1 0 0 0 0 2 32 154 92 35 0 0 0 0 4 46 154 149 0 0 0 1 22 116 137 17 0 67 10 6 33 23 1 0 0 0 0 15 47 16 14 9 0 4 4 11 8 96 54 32 1 0 0 0 54 154 62 2 0 70 14 8 52 32 0 0 0 1 0 5 16 11 2 0 0 18 7 7 16 99 3 0 6 0 0 0 44 154 6 0 0 63 9 2 23 34 1 0 0;
<CIRCLE 41 106 2.12132 0 7.93126e-08>; 32 36 4 7 75 0 0 0 114 93 6 2 0 0 0 0 76 81 25 9 0 0 0 0 114 114 22 0 0 0 0 0 29 39 5 17 114 3 2 2 114 114 17 2 0 0 0 0 30 114 77 11 0 0 0 0 21 114 99 0 0 0 0 0 10 7 3 26 85 25 24 6 56 114 30 17 4 1 4 2 4 100 95 19 0 0 0 0 0 114 78 0 0 0 0 0 2 4 7 109 63 5 1 0 51 82 22 35 4 0 0 0 8 59 41 6 0 0 0 0 0 75 26 0 0 0 0 0;
<CIRCLE 33 188 3.56762 0 6.60234e-08>; 55 74 6 1 3 0 0 0 38 19 0 2 136 21 0 0 1 0 0 2 136 50 9 0 4 0 0 0 1 3 33 13 136 82 0 2 18 1 0 0 61 35 1 1 126 40 0 0 4 1 0 1 136 136 7 5 18 0 0 0 5 10 23 54 136 46 0 0 38 4 0 0 56 27 8 4 41 12 0 0 2 2 3 2 136 119 121 33 1 0 0 0 3 15 136 125 48 8 0 0 10 1 0 0 11 5 5 2 1 0 0 0 3 0 2 1 2 7 33 20 0 0 0 0 0 2 57 36;
<CIRCLE 122 100 1.06066 0 6.44285e-08>; 0 0 0 30 59 18 9 0 0 0 0 41 39 25 21 0 0 0 11 34 20 17 4 0 0 0 18 21 5 0 0 0 0 0 0 2 14 73 158 4 0 0 0 2 19 158 158 3 0 0 4 6 103 158 43 0 0 0 16 17 29 10 0 0 0 4 7 8 4 13 70 7 0 2 6 9 67 85 68 5 0 0 0 4 158 158 5 0 0 0 4 15 103 17 0 0 1 5 15 19 5 0 0 0 20 9 13 4 47 16 0 14 2 0 0 53 158 29 0 2 0 1 17 59 87 1 0 0;
<CIRCLE 259 120 1.5 0 5.68089e-08>; 10 2 0 2 1 8 111 49 0 0 0 1 12 60 91 12 42 6 2 7 35 32 4 7 93 14 3 0 0 0 0 8 3 0 0 2 3 31 142 101 0 0 0 1 44 142 104 1 50 2 0 0 113 142 6 9 85 6 3 6 3 1 0 10 12 0 0 3 5 18 11 16 0 0 0 6 142 77 3 0 40 10 0 31 142 48 0 0 73 12 1 8 12 3 0 1 11 0 0 2 7 7 4 6 0 0 0 23 142 15 1 0 51 6 0 66 142 0 0 0 76 6 0 14 6 0 0 0;
<CIRCLE 109 166 1.5 0 5.57082e-08>; 64 0 0 0 0 13 60 33 147 25 2 1 0 0 4 35 72 25 16 102 12 0 0 1 115 11 6 46 5 0 0 18 46 5 0 0 0 17 42 18 147 103 12 5 0 0 4 19 70 41 30 82 24 0 0 20 147 7 1 11 3 0 0 42 11 3 0 0 4 40 60 4 147 101 9 0 0 7 16 16 147 55 21 7 0 0 0 34 123 20 1 0 0 0 0 23 0 1 12 14 13 12 6 0 64 53 8 4 5 2 1 3 147 64 2 0 0 0 0 13 50 35 21 6 0 0 0 2;
<CIRCLE 137 84 2.52269 0 5.40345e-08>; 13 1 0 13 14 2 0 0 180 11 0 2 2 0 0 0 142 7 0 0 0 0 0 0 42 6 0 0 0 0 0 3 16 2 0 20 21 3 0 0 180 46 0 3 2 0 0 0 175 34 0 0 0 0 0 1 46 11 0 0 0 0 0 2 13 2 0 12 19 15 1 1 180 42 2 2 1 2 0 11 180 66 32 3 0 0 0 9 27 31 14 0 0 0 0 11 7 4 1 20 33 24 2 0 180 57 5 10 3 0 0 4 106 63 41 11 2 2 18 38 18 44 23 0 0 0 2 19;
<CIRCLE 114 98 1.06066 0 5.14202e-08>; 0 0 0 22 154 0 0 0 0 0 0 11 154 12 0 0 0 0 0 12 121 14 0 0 0 0 0 16 34 5 0 0 0 0 0 73 154 0 0 0 0 0 0 29 154 26 1 0 0 0 0 21 126 50 24 0 0 0 0 17 24 30 52 0 0 0 76 154 114 0 0 0 0 0 17 51 126 63 7 0 0 0 1 4 24 96 103 0 0 0 0 0 3 28 154 7 1 3 61 32 3 0 0 0 0 2 23 42 10 1 0 0 0 4 7 13 5 5 5 0 0 3 9 5 2 2 7 2;
<CIRCLE 14 181 1.5 0 5.13715e-08>; 38 24 2 10 134 5 0 0 136 66 0 11 12 0 0 0 61 15 0 28 46 0 0 0 54 7 0 0 0 0 0 0 30 30 1 20 136 12 0 0 136 113 4 19 9 0 0 0 112 17 6 41 29 0 0 0 79 5 0 1 1 0 0 0 20 13 0 5 136 38 0 0 136 96 6 8 5 0 0 0 136 26 9 17 5 0 0 0 80 6 1 1 0 0 0 0 8 2 0 0 136 49 0 0 112 37 2 0 7 1 0 0 136 29 7 1 0 0 0 0 61 6 1 0 0 0 0 0;
<CIRCLE 110 164 2.12132 0 4.44584e-08>; 78 3 3 0 0 0 77 69 157 47 4 1 0 0 4 51 73 38 24 68 15 0 0 4 83 12 2 13 12 9 0 23 50 0 0 0 0 5 93 56 157 58 10 6 0 0 6 48 119 42 37 41 0 0 0 6 119 24 6 6 1 0 0 8 19 1 0 0 1 25 63 12 157 92 4 1 0 3 9 14 157 52 7 2 0 0 0 13 76 32 12 6 1 0 0 8 1 2 1 7 6 28 24 1 91 47 2 4 2 8 8 5 131 77 9 0 0 0 0 2 52 47 19 0 0 0 0 2;
<CIRCLE 226 195 0.891905 0 4.43419e-08>; 0 0 0 0 0 0 155 103 0 0 0 0 0 0 155 93 0 0 0 0 0 0 155 148 0 0 0 0 0 0 155 149 0 0 0 0 0 3 155 122 1 0 0 0 7 30 155 54 12 19 4 0 2 5 104 71 4 20 30 7 0 0 39 39 1 6 13 2 1 1 20 22 0 0 8 10 28 28 6 1 1 13 5 1 15 20 4 0 6 17 16 7 1 1 10 6 4 12 23 2 0 0 0 0 1 0 11 8 3 1 7 13 0 0 0 1 4 6 41 25 0 0 0 0 0 1 57 24;
<CIRCLE 243 141 1.26134 0 4.18687e-08>; 0 11 29 24 51 4 0 0 27 5 14 82 88 6 2 50 138 11 11 10 0 0 5 138 19 0 0 0 0 19 23 62 1 15 56 33 15 42 21 4 110 15 8 46 47 10 15 138 87 30 12 0 0 1 24 138 3 3 4 0 0 24 33 13 1 0 0 2 5 102 48 5 94 81 23 1 2 35 33 65 30 138 138 0 0 1 1 14 0 116 119 0 0 6 4 0 0 10 8 3 13 18 1 0 0 4 5 1 15 35 4 0 0 28 44 1 7 14 4 0 0 82 81 1 3 2 0 0;
<CIRCLE 111 159 3.56762 0 4.17e-08>; 6 95 129 27 0 0 0 0 95 129 125 8 6 6 0 0 24 13 1 7 32 93 6 0 11 31 13 1 21 56 1 1 23 19 83 4 0 0 64 50 129 98 25 0 0 0 11 55 91 48 14 6 9 32 2 2 9 4 3 1 95 111 1 1 7 0 0 0 0 2 99 60 129 47 0 0 0 1 21 43 129 72 1 0 1 1 0 0 27 15 0 0 44 104 3 1 0 0 0 0 3 24 57 15 67 22 1 1 1 19 15 8 99 74 1 0 0 0 0 1 35 32 6 3 1 11 1 0;
<CIRCLE 244 141 1.78381 0 3.87143e-08>; 0 2 39 88 55 0 0 0 44 13 21 78 56 0 0 39 106 8 5 2 0 3 19 130 12 0 0 0 14 25 43 36 1 10 52 43 20 43 23 5 126 19 8 38 40 7 11 130 103 34 18 0 0 12 24 130 0 2 5 0 27 38 52 7 2 6 6 2 5 83 42 5 82 82 36 1 7 37 22 59 25 130 130 1 1 3 2 17 0 103 130 13 34 6 6 0 0 41 63 2 3 5 0 0 0 22 22 2 11 29 2 0 0 32 49 3 7 37 4 0 0 77 92 26 26 9 0 0;
<CIRCLE 90 5 2.52269 0 3.6243e-08>; 0 0 0 0 0 0 0 0 0 0 0 0 0 0 0 0 0 0 0 0 0 1 0 0 0 0 0 0 1 0 0 0 20 0 0 0 0 4 106 44 0 0 0 0 7 101 142 0 0 0 0 0 102 144 23 0 0 0 0 0 141 102 0 0 85 0 0 0 0 1 29 19 0 0 0 0 48 40 48 0 0 0 0 0 144 144 7 0 0 0 0 0 144 144 0 0 64 2 1 0 0 0 0 3 0 0 3 2 39 2 0 0 0 0 0 2 144 43 0 0 0 0 0 0 144 80 0 0;
<CIRCLE 121 114 3 0 2.9557e-08>; 0 0 95 132 67 2 0 0 0 0 2 26 81 68 11 0 15 6 0 14 112 47 3 0 133 21 1 4 5 0 0 9 0 0 38 46 4 0 0 0 0 0 28 46 56 3 0 0 24 7 2 54 133 3 0 0 133 35 1 5 11 0 0 1 0 0 60 47 0 0 0 0 0 0 85 118 16 0 0 0 21 9 31 125 107 0 0 0 133 46 2 7 7 0 0 0 0 0 13 82 12 0 0 0 0 0 44 133 39 1 0 0 39 24 50 70 20 2 0 4 133 31 2 1 0 0 0 1;
<CIRCLE 245 141 2.12132 0 2.73907e-08>; 0 0 14 77 40 0 0 0 31 5 8 53 25 0 0 28 59 1 0 0 0 1 15 101 5 0 0 2 147 33 13 11 1 0 28 50 17 26 9 4 94 14 5 22 15 3 5 147 50 19 12 0 0 7 33 126 0 1 2 11 147 33 25 1 1 5 12 2 3 44 20 3 50 57 30 1 4 16 12 31 12 126 133 1 1 2 2 7 0 36 61 104 147 3 1 0 0 38 69 1 1 1 0 0 0 33 35 1 5 12 0 0 0 26 41 3 6 23 0 0 0 16 32 117 147 3 0 0;
<CIRCLE 167 178 3.56762 0 2.39779e-08>; 0 0 19 4 0 22 82 1 0 0 13 15 2 26 13 0 0 0 8 19 7 0 0 0 0 0 1 26 18 0 0 0 0 0 0 8 31 118 137 3 0 0 2 16 128 137 31 0 0 0 36 58 30 7 0 0 0 0 39 52 6 0 0 0 0 4 2 86 64 9 1 0 0 0 1 137 137 28 0 0 0 0 45 107 88 3 1 0 0 0 64 55 0 1 9 0 1 13 31 117 28 0 0 0 1 2 4 81 137 25 21 5 0 0 2 28 48 21 137 39 0 0 4 9 1 3 137 71;
<CIRCLE 71 127 2.12132 0 2.26391e-08>; 0 9 92 19 0 0 0 0 0 10 121 32 0 0 0 0 0 29 127 8 0 0 0 0 0 16 95 12 0 0 0 0 0 15 107 28 0 0 0 0 0 12 121 70 0 0 0 0 0 60 132 10 0 0 0 1 0 14 121 11 0 0 0 0 3 14 105 13 1 1 1 1 0 3 125 42 1 2 15 4 1 20 132 13 0 0 12 13 0 3 132 26 0 0 1 1 0 20 132 9 0 0 0 0 0 3 132 62 0 0 0 1 1 10 132 17 0 0 0 1 0 6 132 23 0 0 0 0;
<CIRCLE 37 134 2.52269 0 1.72166e-08>; 7 1 1 123 53 7 6 10 20 19 3 53 87 48 15 8 32 69 38 12 5 1 0 0 0 58 51 6 0 0 0 0 31 28 18 106 30 3 2 10 13 33 22 112 123 12 5 7 12 93 59 42 20 0 0 0 27 62 74 16 0 0 1 14 19 11 15 29 34 6 4 18 7 20 17 77 123 7 4 7 16 70 40 80 59 0 0 0 30 111 122 57 34 0 0 2 73 8 5 45 47 1 1 15 20 8 12 86 123 2 1 4 17 22 30 123 53 0 0 0 37 62 60 79 39 0 0 0;
<CIRCLE 144 105 6 0 1.66886e-08>; 16 2 0 7 126 1 0 0 126 22 0 0 8 0 0 0 126 27 0 0 0 0 0 0 126 33 4 12 86 0 0 0 12 2 6 47 126 20 0 0 126 42 0 1 17 5 0 0 72 81 9 1 0 0 0 0 63 108 107 75 30 0 0 0 7 6 28 100 44 3 0 0 126 59 7 20 15 0 0 0 30 45 26 7 0 0 0 0 0 7 38 69 21 0 0 0 13 12 17 69 21 6 0 0 116 80 34 8 2 1 0 0 12 27 117 24 0 0 0 0 0 1 80 108 2 0 0 0;
<CIRCLE 149 106 10.0908 0 1.37777e-08>; 2 0 0 9 121 1 0 0 97 6 0 2 70 0 8 23 121 8 0 2 58 13 27 64 7 0 0 4 121 32 7 5 2 0 34 121 121 0 0 0 120 38 1 14 64 0 0 0 103 81 44 50 38 0 0 0 4 5 16 89 121 1 0 0 1 10 88 121 10 0 0 0 62 79 35 33 8 0 0 0 13 31 92 92 2 0 0 0 11 8 41 102 12 0 0 6 37 37 51 13 2 2 5 7 14 35 49 10 9 20 9 0 0 6 95 60 6 9 4 0 9 36 54 35 1 0 0 2;
<CIRCLE 44 96 2.12132 0 1.27506e-08>; 113 43 0 1 2 0 0 0 115 34 5 1 0 0 0 0 117 39 2 0 0 0 0 0 65 9 0 0 0 0 0 0 117 52 0 1 5 0 0 0 117 66 17 6 0 0 0 0 117 89 8 2 0 0 0 0 96 32 7 0 0 0 0 0 98 81 2 4 8 0 0 0 95 93 29 9 0 0 0 0 114 117 26 3 0 0 0 0 34 117 117 0 0 0 0 0 56 48 1 2 11 2 4 3 44 81 49 8 0 0 0 0 6 117 64 4 0 0 0 0 0 77 114 0 0 0 0 0;
<CIRCLE 173 194 3.56762 0 1.14377e-08>; 0 0 0 35 115 69 13 0 0 0 19 63 130 25 0 0 0 0 62 57 1 0 0 0 0 0 53 40 0 0 0 0 0 0 4 138 131 2 0 0 0 0 4 97 142 16 41 4 0 0 25 47 5 7 132 21 0 0 20 23 0 2 142 37 4 6 11 44 54 14 2 0 0 0 0 7 60 35 142 54 0 0 0 0 0 3 142 111 0 0 0 0 0 4 142 99 0 0 0 0 0 0 0 0 0 0 0 0 0 0 0 1 0 0 0 0 0 0 1 1 0 0 0 0 0 0 0 0;
<CIRCLE 166 179 2.52269 0 1.07864e-08>; 0 0 5 4 1 109 146 0 1 2 7 4 4 75 17 0 0 1 8 12 2 3 2 0 0 0 3 22 7 1 0 0 2 9 56 39 24 146 86 1 1 5 8 18 146 146 12 0 0 0 55 43 37 6 0 0 0 0 53 44 2 0 0 0 5 16 24 84 70 38 5 2 5 12 20 83 146 21 0 0 0 0 35 89 102 1 0 0 0 0 53 53 0 0 0 0 29 9 10 109 75 1 0 2 31 6 3 100 146 1 1 3 0 0 4 62 69 4 14 3 0 0 8 32 5 4 26 4;
<CIRCLE 90 178 2.12132 0 7.81846e-09>; 0 0 0 0 0 60 117 4 39 6 0 0 0 16 91 63 41 20 0 0 0 9 89 47 3 4 1 2 2 34 83 5 0 0 0 0 0 45 143 13 10 2 0 0 0 15 143 108 16 14 0 1 1 61 143 46 1 5 2 9 9 108 101 1 0 0 0 0 16 17 143 35 8 11 3 4 22 17 122 67 5 12 22 44 26 50 90 22 0 0 33 61 28 93 51 0 0 0 0 0 24 35 24 10 1 0 0 1 20 40 46 26 1 0 1 7 40 76 27 21 0 0 13 27 83 78 0 0;
<CIRCLE 97 180 2.12132 0 7.43277e-09>; 34 7 0 0 0 10 100 40 31 26 0 0 0 13 101 26 4 5 3 9 8 42 66 4 117 58 2 5 4 8 9 8 4 4 1 0 0 7 126 101 4 7 7 13 6 100 126 27 0 2 6 19 13 126 126 0 71 31 3 6 4 68 68 32 7 9 3 4 19 14 33 33 3 6 18 55 51 57 22 11 0 0 62 88 54 70 22 0 16 29 93 53 13 35 30 25 0 0 0 0 4 30 59 25 0 0 0 4 64 95 31 15 0 0 4 32 118 110 0 0 0 3 29 40 90 44 0 0;
<CIRCLE 126 107 1.78381 0 7.34179e-09>; 0 0 0 1 17 65 70 0 0 0 0 6 84 108 21 0 14 3 3 24 34 6 0 0 162 17 2 2 1 0 0 3 3 2 8 7 22 13 8 1 1 0 0 31 162 35 1 0 18 6 6 61 69 2 0 0 162 25 3 4 0 0 0 8 11 6 9 11 25 1 0 3 3 1 1 40 162 4 0 1 21 4 1 24 97 3 0 0 162 26 1 1 1 0 0 0 0 7 53 32 9 0 0 0 0 1 9 90 162 0 0 0 14 4 2 29 67 0 0 0 162 32 2 2 0 0 0 0;
<CIRCLE 163 173 2.52269 0 7.24791e-09>; 0 1 21 6 0 2 15 0 0 1 17 15 0 1 4 0 0 0 12 9 1 4 4 0 0 0 7 7 4 3 2 0 0 0 23 14 1 119 150 1 0 1 9 6 14 150 97 0 2 3 12 13 10 28 4 1 0 0 10 28 4 1 1 0 3 6 83 53 18 93 86 6 5 17 27 26 150 150 23 0 0 0 36 51 150 65 1 0 0 0 72 45 1 0 0 0 5 18 16 65 52 29 5 4 12 19 28 91 150 12 0 0 0 0 9 86 150 2 0 0 0 0 29 52 1 0 0 0;
<CIRCLE 55 129 1.78381 0 5.47436e-09>; 1 67 31 9 0 0 0 0 0 97 44 0 0 0 0 0 0 58 56 3 0 0 0 0 0 2 57 24 0 0 0 0 4 77 77 20 0 0 0 3 2 103 108 0 0 0 5 8 2 93 106 3 0 0 2 7 0 6 104 30 0 1 3 0 55 62 63 26 1 0 7 52 10 32 114 4 0 0 55 59 5 27 129 3 0 1 19 35 0 9 108 10 0 7 21 3 25 127 129 59 34 0 0 4 19 99 129 9 0 0 1 2 0 22 129 6 0 0 0 0 0 21 129 11 0 0 0 0;
<CIRCLE 16 17 7.13524 0 5.00725e-09>; 0 0 0 0 0 0 0 0 5 2 0 0 2 0 0 0 6 0 0 0 5 1 0 1 10 0 0 0 0 0 0 3 8 6 0 0 0 0 0 0 156 65 0 0 42 17 0 1 126 1 0 0 96 51 4 42 156 0 0 0 2 5 1 52 19 1 0 0 0 0 0 1 156 15 0 0 37 15 0 19 156 0 0 0 113 55 3 33 156 0 0 0 3 1 0 26 13 0 0 0 0 0 0 0 156 6 0 0 22 6 0 5 144 3 0 0 94 27 0 8 156 5 0 0 2 0 0 4;
<CIRCLE 262 194 2.12132 0 3.69873e-09>; 132 0 0 65 121 2 20 132 85 29 4 92 132 1 0 3 41 18 3 52 29 0 0 0 0 0 0 7 3 0 0 0 9 2 8 132 132 0 15 71 107 53 10 100 132 0 0 0 33 23 10 98 25 0 0 0 0 0 0 10 2 0 0 0 0 1 2 90 132 1 0 0 87 57 9 56 132 0 0 0 17 17 10 97 29 0 0 0 0 0 1 9 1 0 0 0 0 0 0 11 46 0 0 0 14 6 0 6 20 0 0 0 2 1 0 9 8 0 0 0 0 0 0 0 0 0 0 0;
<CIRCLE 263 188 2.52269 0 2.33281e-09>; 132 42 4 11 49 3 2 92 115 21 1 34 132 3 1 15 34 9 4 31 12 0 0 0 0 0 0 0 0 0 0 0 132 1 0 54 109 2 40 132 103 29 4 85 132 2 0 10 28 11 2 47 27 0 0 0 0 0 0 0 0 0 0 0 8 3 7 102 132 1 25 71 84 44 9 87 132 0 0 0 14 11 7 71 17 0 0 0 0 0 0 0 0 0 0 0 0 1 0 40 131 1 0 0 41 26 3 33 74 0 0 0 4 4 3 38 14 0 0 0 0 0 0 0 0 0 0 0;
<CIRCLE 138 165 3.56762 0 1.78215e-09>; 7 5 4 2 53 119 3 1 0 46 59 3 49 38 0 0 0 21 140 3 0 0 0 0 0 0 134 19 0 0 0 0 54 24 1 0 57 78 1 2 2 8 13 4 121 140 17 0 0 12 50 2 3 22 68 3 0 0 35 12 0 11 34 0 84 58 0 0 4 16 0 0 22 10 6 7 21 140 91 7 14 2 3 3 2 57 140 28 0 0 1 3 22 140 140 1 52 94 19 0 0 0 0 0 41 57 41 10 3 0 3 6 43 39 4 16 8 2 22 13 0 0 1 52 78 35 11 0;
