KOEN1
128
196
<CIRCLE 159 163 10.0908 0 3.20123e-05>; 0 9 26 37 19 3 2 0 0 4 19 52 22 6 16 7 35 34 20 16 3 0 22 96 28 31 4 0 0 0 45 127 8 32 96 34 2 0 2 6 130 23 46 40 4 0 60 138 38 26 10 6 1 2 138 138 2 1 1 0 1 18 85 109 19 3 4 1 0 0 14 20 138 121 32 0 0 0 5 49 44 138 138 0 0 2 25 32 7 99 68 0 0 20 19 0 4 0 0 0 0 0 2 3 35 14 8 0 0 0 0 1 14 61 29 0 0 0 0 0 13 49 15 0 0 0 0 0;
<CIRCLE 155 159 7.13524 0 2.85211e-05>; 2 20 21 12 2 1 2 0 0 1 15 67 21 1 6 3 11 15 27 37 5 0 29 57 29 14 4 0 0 0 28 132 7 27 68 27 0 0 1 4 97 5 33 41 1 0 47 132 27 6 1 7 1 1 132 132 3 0 0 0 0 6 104 132 19 2 4 2 0 2 10 13 132 76 9 0 0 0 5 58 66 132 87 0 0 0 32 50 0 59 62 0 0 12 28 3 12 0 0 0 0 0 6 6 99 31 15 5 2 0 0 5 10 115 109 9 3 0 0 0 7 116 85 0 0 0 0 0;
<CIRCLE 220 81 8.48528 0 2.73391e-05>; 44 38 8 0 0 0 0 0 155 3 0 0 0 0 0 50 79 0 0 0 0 8 32 56 0 0 0 0 0 12 39 0 124 59 2 0 0 0 0 8 155 84 4 0 0 0 0 24 107 55 40 0 0 10 12 24 0 1 29 4 1 12 15 0 58 44 0 0 0 0 1 14 118 155 40 0 0 0 0 4 18 155 155 0 0 0 1 4 0 18 155 6 0 1 1 0 30 22 5 0 0 0 7 60 20 28 4 0 0 0 42 103 7 33 37 0 0 6 50 53 0 4 55 1 0 12 33 0;
<CIRCLE 153 156 5.04538 0 2.33908e-05>; 5 9 21 30 0 0 0 0 0 0 27 72 11 2 4 1 0 1 20 59 13 0 31 29 15 16 17 10 2 0 35 135 6 6 57 61 0 1 3 5 80 1 33 37 0 0 64 135 19 0 5 11 0 1 135 135 0 0 0 0 0 3 135 135 19 0 4 6 1 6 16 9 135 30 2 0 0 0 9 63 101 89 21 0 0 0 44 56 1 28 17 0 0 14 41 7 14 0 0 0 0 1 6 4 135 41 10 2 0 0 0 5 20 122 94 4 0 0 0 0 0 96 93 0 0 0 0 0;
<CIRCLE 217 82 6 0 2.19998e-05>; 44 20 0 0 0 0 0 0 156 3 0 0 0 0 0 32 119 0 0 0 2 11 6 41 0 0 0 0 2 15 15 2 64 41 0 0 0 0 0 0 156 67 4 0 0 0 0 22 131 56 34 0 1 9 2 21 0 5 23 1 3 13 17 2 37 48 0 0 0 0 0 0 132 156 59 0 0 0 0 0 17 156 156 0 0 0 0 0 0 53 156 2 0 0 1 0 23 23 0 0 0 0 0 6 25 40 21 1 0 0 12 17 9 92 52 0 0 0 22 33 1 23 115 2 0 10 25 5;
<CIRCLE 151 154 3 0 2.16061e-05>; 0 0 35 51 0 0 0 0 0 0 56 62 0 0 10 7 0 0 48 58 0 1 52 18 0 0 17 21 1 0 71 78 7 0 44 43 0 0 3 20 74 0 19 21 0 0 78 150 15 0 2 3 0 0 150 150 0 0 0 0 0 0 150 150 31 0 1 0 0 1 16 23 150 4 0 0 0 0 7 71 138 16 0 0 0 0 49 55 18 15 0 0 0 7 56 28 29 0 0 0 0 3 3 3 150 18 2 0 0 0 0 6 90 61 16 0 0 0 0 0 8 63 15 0 0 0 1 0;
<CIRCLE 150 153 2.52269 0 1.86412e-05>; 0 3 36 42 1 0 0 0 0 2 58 70 1 0 8 7 0 0 53 61 0 0 47 12 0 0 20 21 0 0 56 52 4 0 44 40 0 0 8 20 60 0 19 23 0 0 72 155 13 0 2 3 0 1 155 126 0 0 0 0 0 0 155 155 22 0 0 0 0 0 12 25 155 6 0 0 0 0 8 84 127 17 0 0 0 0 64 54 30 8 0 0 0 2 68 46 22 0 0 0 0 2 6 4 155 4 0 0 0 0 0 10 127 18 1 0 0 0 0 2 31 42 5 0 0 0 2 1;
<CIRCLE 215 83 6 0 1.80267e-05>; 36 24 0 0 0 0 0 0 153 4 0 0 0 0 0 26 153 0 0 0 1 8 4 45 0 0 0 0 2 16 13 2 52 42 0 0 0 0 0 0 153 72 4 0 0 0 0 16 153 76 39 0 1 6 1 22 0 8 32 0 2 13 15 1 27 43 0 0 0 0 0 0 124 153 45 0 0 0 0 0 21 153 153 0 0 0 0 0 0 67 153 1 0 0 0 0 20 22 0 0 0 0 0 6 28 33 15 1 0 0 13 21 9 79 39 0 0 0 25 37 2 25 95 2 0 9 29 9;
<CIRCLE 134 57 3 0 1.49293e-05>; 0 0 9 15 0 0 0 0 0 2 26 16 0 0 0 0 0 0 49 27 5 0 0 0 0 0 43 12 6 2 0 0 0 0 20 37 4 0 0 0 0 0 102 174 67 0 0 0 3 8 174 113 12 0 0 1 1 6 174 13 0 0 5 4 0 0 12 49 25 0 0 0 0 0 12 152 174 0 0 0 63 9 73 54 87 0 0 16 39 6 51 1 0 2 27 36 0 0 2 31 39 0 0 0 0 0 0 31 174 1 0 0 76 16 2 4 83 0 0 2 45 17 24 9 0 0 0 3;
<CIRCLE 134 56 2.12132 0 1.42912e-05>; 0 1 9 7 0 0 0 0 0 3 31 18 0 0 0 0 0 1 57 31 1 0 0 0 0 5 54 5 1 0 0 0 0 0 23 34 8 0 0 0 0 0 113 172 57 0 0 0 0 2 172 108 5 0 0 0 1 7 172 8 0 0 0 1 0 0 8 42 50 0 0 0 0 0 13 172 172 0 0 0 21 5 90 57 53 0 0 6 33 6 64 0 0 0 11 40 0 0 4 31 60 0 0 0 0 0 0 37 172 0 0 0 40 2 0 5 51 0 0 2 83 1 0 0 0 0 1 13;
<CIRCLE 135 58 4.24264 0 1.42825e-05>; 0 0 4 27 4 0 0 0 0 0 23 27 4 0 0 0 0 0 44 26 14 0 0 0 0 0 36 15 12 0 0 0 0 0 12 65 5 0 0 0 0 0 105 162 56 0 0 0 4 15 162 105 9 0 0 1 3 17 162 14 0 0 0 4 0 0 3 70 43 0 0 0 2 0 13 162 162 0 0 0 67 32 76 50 78 0 0 16 23 26 68 2 1 1 2 27 0 0 1 62 37 2 0 0 0 0 0 35 162 54 13 0 21 33 12 3 58 29 85 12 5 17 53 1 0 0 75 20;
<CIRCLE 215 84 5.04538 0 1.33743e-05>; 37 18 0 0 0 0 0 0 150 4 0 0 0 0 0 28 150 0 0 0 2 4 2 38 0 0 0 0 7 16 6 2 48 39 0 0 0 0 0 0 150 73 7 0 0 0 0 14 150 78 49 0 1 2 0 19 0 11 34 0 2 11 11 1 33 39 1 0 0 0 0 0 124 150 59 3 0 0 0 0 18 150 150 2 0 0 0 0 0 81 150 0 0 0 0 0 23 20 0 0 0 0 0 0 31 31 19 9 0 0 4 3 8 100 34 6 0 0 9 12 2 41 101 2 0 2 15 6;
<CIRCLE 136 60 5.04538 0 1.20576e-05>; 0 0 3 24 7 0 0 0 0 0 22 28 7 0 0 0 0 0 45 25 17 0 0 0 0 1 33 11 13 1 0 0 0 0 8 68 7 0 0 0 0 1 110 152 79 0 0 0 11 19 152 83 13 0 0 6 12 39 152 10 1 1 1 7 0 0 2 69 45 0 0 0 6 3 9 121 152 5 0 0 63 43 56 26 68 3 5 18 45 31 67 6 2 2 6 21 0 0 3 55 23 7 4 0 1 1 1 26 149 94 45 1 7 18 12 1 26 38 152 25 16 6 24 0 0 2 128 63;
<CIRCLE 137 64 8.48528 0 1.12555e-05>; 0 0 0 15 19 2 0 0 0 0 13 44 30 0 0 0 0 1 41 33 42 0 0 0 11 15 13 3 6 0 0 0 0 0 0 88 30 0 0 0 0 0 88 137 80 0 0 0 11 74 137 111 15 0 0 0 70 137 66 2 0 0 0 0 0 0 0 113 63 0 0 0 0 0 9 126 137 78 27 0 42 45 45 29 43 46 130 66 137 66 4 0 0 0 12 61 0 0 2 67 53 0 0 0 0 0 2 20 61 41 24 1 2 1 5 11 12 24 93 23 30 33 7 2 0 0 9 25;
<CIRCLE 75 168 1.26134 0 1.05963e-05>; 1 1 5 1 0 0 2 4 1 0 1 1 85 12 5 8 0 0 0 2 162 29 1 0 0 0 0 0 26 7 9 3 0 0 5 2 0 0 53 42 0 0 21 38 102 36 44 38 0 0 2 42 162 33 2 0 3 0 0 1 32 4 5 3 0 0 162 122 0 0 18 15 0 0 162 162 25 2 5 4 0 0 58 162 146 10 3 0 0 0 0 0 12 7 21 2 0 0 120 67 0 0 0 0 0 0 71 40 0 0 2 1 0 0 13 10 0 0 3 2 0 0 0 0 0 1 6 0;
<CIRCLE 133 55 1.26134 0 1.01425e-05>; 0 0 6 5 5 1 0 0 1 2 20 18 1 0 0 0 0 3 49 11 0 1 1 0 0 1 44 13 4 3 2 0 1 4 26 21 7 0 0 1 0 2 100 175 68 0 0 0 0 2 175 111 7 0 0 0 0 2 175 41 0 0 0 0 4 2 2 27 47 0 0 7 0 0 11 175 175 0 0 0 4 1 99 67 59 1 1 1 7 0 84 7 2 2 1 6 1 1 7 30 68 0 0 0 1 0 0 68 175 0 0 0 11 1 0 7 41 0 0 0 21 0 0 0 5 0 0 2;
<CIRCLE 215 85 5.04538 0 9.72286e-06>; 38 19 0 0 0 0 0 0 150 4 0 0 0 0 0 29 150 0 0 0 2 4 1 38 0 0 0 0 7 16 7 2 48 40 0 0 0 0 0 0 150 86 10 0 0 0 0 12 146 95 63 0 1 2 0 16 0 14 45 0 2 10 10 1 32 38 1 0 0 0 0 0 112 149 60 3 0 0 0 0 14 150 150 2 0 0 0 0 0 85 150 0 0 0 0 0 23 20 0 0 0 0 0 1 30 29 17 9 0 0 6 5 9 91 29 6 0 0 13 17 2 38 91 2 0 3 20 8;
<CIRCLE 168 55 1.26134 0 8.83431e-06>; 0 1 47 11 11 8 0 0 8 23 37 6 3 0 0 1 5 11 12 2 0 0 2 8 1 2 2 1 2 6 1 2 0 11 168 12 1 4 10 0 8 134 168 7 1 2 0 0 74 168 87 1 0 0 0 0 10 11 15 17 3 1 0 1 0 2 42 1 25 67 89 9 73 54 65 5 53 55 4 2 168 114 9 0 1 0 0 0 42 12 1 4 6 1 5 4 2 0 0 0 87 28 9 9 66 2 0 2 132 15 0 0 168 18 0 0 0 0 0 4 48 6 1 2 1 0 1 3;
<CIRCLE 167 56 2.12132 0 8.58821e-06>; 0 1 63 13 1 0 0 0 0 9 56 21 4 0 0 0 3 19 13 1 0 0 0 2 2 2 4 1 0 0 0 1 2 15 171 6 0 1 5 10 8 80 171 18 6 8 4 1 75 171 88 1 0 0 0 0 13 18 11 4 0 0 0 0 19 6 36 0 5 11 31 90 56 27 43 6 103 71 21 14 171 92 9 0 13 4 0 1 58 12 2 0 0 0 0 0 55 18 2 3 12 3 1 20 57 3 1 18 169 11 0 3 171 9 1 1 20 0 0 3 42 10 12 1 0 0 0 0;
<CIRCLE 135 80 5.04538 0 8.5355e-06>; 0 0 4 58 14 0 0 0 1 0 50 143 143 0 0 0 30 24 143 74 38 0 0 11 20 33 143 4 1 2 1 13 0 0 3 80 42 0 0 0 3 2 1 78 143 36 9 0 48 48 27 11 94 21 65 18 36 26 74 5 1 1 52 39 1 0 3 47 25 13 11 2 3 2 3 27 105 122 62 3 10 8 4 2 24 58 143 34 11 3 6 0 6 7 143 68 3 12 7 14 19 2 2 1 15 7 5 30 69 10 10 9 33 7 2 10 23 10 11 19 9 3 5 8 15 6 3 4;
<CIRCLE 134 82 3.56762 0 8.4136e-06>; 0 0 3 44 37 0 0 0 1 0 1 76 161 0 0 0 84 16 9 20 105 0 0 12 36 18 25 3 0 0 8 21 0 0 7 81 41 3 1 0 0 0 1 48 161 64 14 0 30 48 14 3 109 45 103 10 8 29 81 7 0 0 108 16 1 0 3 31 17 23 38 4 0 4 18 29 67 147 88 0 8 9 6 0 14 73 161 41 2 4 2 2 20 17 161 36 8 6 1 11 39 7 6 3 7 13 25 37 63 23 9 9 46 23 8 3 9 3 11 17 9 5 1 13 48 11 5 5;
<CIRCLE 74 168 1.78381 0 8.1136e-06>; 6 13 14 0 0 0 0 4 0 1 8 5 79 6 2 2 0 0 0 2 166 30 0 0 1 0 0 0 44 8 4 8 7 4 10 2 0 0 32 46 0 1 33 42 72 23 39 31 0 0 7 61 166 42 4 0 0 0 0 1 54 8 12 5 1 0 166 130 0 0 13 16 0 0 166 166 14 1 6 5 0 0 77 166 117 5 3 0 0 0 0 4 17 7 24 0 0 0 111 71 0 0 0 0 1 0 63 36 0 0 2 3 0 0 11 10 0 0 8 2 0 0 0 0 0 1 9 1;
<CIRCLE 136 77 6 0 7.54709e-06>; 0 0 3 59 6 0 0 0 0 0 78 139 46 0 0 0 6 18 139 74 9 0 0 0 18 61 139 6 1 0 0 0 0 0 0 87 42 0 0 0 2 2 13 139 139 20 4 0 43 53 73 35 68 11 29 8 105 61 47 0 0 0 13 27 0 0 1 66 34 9 2 0 2 1 0 24 139 116 54 3 7 9 4 1 24 52 139 32 39 8 6 0 1 2 108 102 0 6 11 21 20 2 1 0 11 3 3 20 54 13 12 9 17 2 1 10 23 10 23 14 4 8 9 4 6 2 6 5;
<CIRCLE 215 85 2.52269 0 7.4065e-06>; 115 8 0 0 0 0 0 4 136 0 0 0 0 0 0 16 122 0 0 0 0 0 0 20 4 0 0 0 0 0 0 5 136 25 2 0 0 0 0 6 136 67 9 0 0 0 0 6 120 59 59 0 0 0 0 11 2 14 31 4 0 0 0 1 102 54 3 0 0 0 0 0 78 128 87 26 2 0 0 0 13 136 136 15 1 0 0 0 3 136 136 0 0 0 0 0 63 15 0 0 0 0 0 1 26 22 14 44 11 0 0 0 16 67 23 20 5 0 0 0 26 119 31 0 0 0 0 0;
<CIRCLE 133 82 3.56762 0 6.45468e-06>; 0 0 3 42 30 0 0 0 0 0 1 76 155 0 0 0 72 14 7 25 140 0 0 9 43 18 22 2 0 0 7 20 0 0 8 80 33 2 1 0 0 0 2 56 155 54 10 0 26 40 9 4 146 53 93 8 11 33 74 6 0 0 105 16 1 0 4 31 14 19 35 5 0 3 16 32 66 134 73 0 7 9 8 1 17 88 155 35 3 3 2 2 20 17 155 37 9 7 1 8 31 6 6 4 4 10 22 40 73 24 8 7 44 25 11 3 5 3 12 18 11 4 1 13 48 11 5 5;
<CIRCLE 215 86 2.12132 0 4.61196e-06>; 132 2 0 0 0 0 0 7 132 2 0 0 0 0 0 9 123 0 0 0 0 0 0 16 6 0 0 0 0 0 0 4 132 39 0 0 0 0 0 4 132 96 16 0 0 0 0 2 97 90 92 0 0 0 0 6 2 27 56 2 0 0 0 0 103 66 1 0 0 0 0 0 41 110 97 31 2 0 0 0 4 132 132 17 1 0 0 0 3 132 132 0 0 0 0 0 66 20 1 0 0 0 0 0 14 17 13 48 12 0 0 0 11 51 21 20 6 0 0 0 28 112 17 0 0 0 0 0;
<CIRCLE 127 111 1.78381 0 4.53225e-06>; 12 17 6 3 3 0 0 0 7 6 27 114 78 35 10 0 0 46 125 52 13 15 50 11 1 36 46 13 5 0 18 7 9 23 11 6 12 0 0 0 2 8 19 88 130 44 16 1 13 78 76 38 61 25 98 58 15 63 55 2 0 0 82 92 14 20 16 25 10 0 0 0 36 25 10 5 69 82 111 22 3 1 23 16 11 33 130 122 1 0 50 34 0 0 130 101 14 9 4 7 9 6 2 2 41 44 52 12 1 2 11 7 1 5 105 77 0 1 26 8 0 0 82 58 0 1 26 7;
<CIRCLE 165 79 3.56762 0 4.38826e-06>; 36 16 39 1 0 0 15 36 42 28 41 18 29 18 12 33 163 59 8 7 15 7 0 1 47 31 4 0 0 0 0 0 21 40 102 10 0 0 35 8 50 37 142 40 7 0 46 50 163 30 14 13 3 0 5 96 55 38 4 0 0 0 0 3 1 7 18 2 8 12 163 47 14 7 17 1 0 0 163 159 94 15 2 0 0 0 44 163 20 30 4 0 0 0 0 2 9 6 1 11 53 14 40 9 13 20 6 2 3 2 31 18 8 25 5 0 0 0 5 4 7 27 4 0 0 0 0 0;
<CIRCLE 179 131 4.24264 0 4.26715e-06>; 2 5 17 12 2 1 0 0 13 24 9 3 0 0 0 0 15 22 1 0 0 0 0 1 30 17 0 0 0 0 2 13 1 4 32 52 13 1 0 0 18 72 86 19 3 0 0 19 47 45 15 0 0 0 15 127 8 2 0 0 0 0 60 146 0 0 20 66 11 0 62 50 17 12 16 19 6 0 109 147 28 7 1 0 0 0 77 147 0 0 0 0 0 0 81 111 7 0 1 3 0 0 147 147 0 0 0 0 0 3 147 147 0 0 0 0 0 5 71 85 0 0 0 0 0 6 23 12;
<CIRCLE 181 131 3 0 4.10198e-06>; 5 15 22 11 1 3 3 2 22 19 7 0 0 0 0 2 8 7 4 1 0 0 0 2 10 14 1 0 0 0 4 12 0 36 64 31 18 7 2 0 15 98 128 4 1 0 0 22 36 43 32 1 0 0 17 133 3 1 0 0 0 0 73 137 0 1 21 56 29 5 29 49 17 21 29 5 4 1 44 154 23 9 3 0 0 0 56 154 0 0 0 0 0 0 69 86 0 0 3 3 0 0 154 154 0 0 0 0 0 0 114 154 0 0 0 0 0 0 64 107 0 0 0 0 0 1 40 34;
<CIRCLE 133 83 3 0 4.07499e-06>; 0 0 2 31 32 0 0 0 0 0 0 37 154 0 0 0 68 15 1 6 133 0 0 2 59 21 23 8 0 0 0 4 0 0 20 69 24 4 4 0 0 0 7 47 154 67 19 0 13 27 7 1 126 62 117 7 8 31 66 5 0 0 137 17 0 0 5 20 11 18 59 4 0 4 35 27 41 120 107 0 5 8 15 2 11 82 154 30 5 3 2 8 20 13 154 42 5 4 1 11 43 12 8 3 3 16 51 39 56 29 20 12 32 30 25 1 0 2 13 25 19 6 2 16 44 10 4 5;
<CIRCLE 165 78 3.56762 0 3.82424e-06>; 33 14 54 0 0 0 16 37 39 28 50 14 27 19 13 36 161 68 12 6 14 7 0 1 45 30 4 0 0 0 0 0 26 40 96 10 0 0 19 7 50 40 138 44 10 0 26 36 161 33 14 15 5 0 3 72 56 38 4 0 0 0 0 2 1 8 26 2 5 9 161 45 17 6 25 2 0 0 161 161 117 14 2 0 0 0 42 161 22 30 4 0 0 0 0 3 8 6 1 9 49 15 62 11 11 20 6 1 3 2 48 22 8 24 5 0 0 0 7 8 7 27 4 0 0 0 0 0;
<CIRCLE 150 152 2.12132 0 3.72971e-06>; 0 3 41 40 1 0 0 0 0 0 58 73 0 0 8 7 0 0 46 54 0 0 45 10 0 0 15 17 0 0 49 34 4 0 36 35 0 0 10 23 35 0 14 17 0 0 76 155 5 0 1 1 0 1 155 113 0 0 0 0 0 0 155 137 38 0 0 0 0 0 8 29 155 4 0 0 0 0 11 128 88 13 0 0 0 0 99 72 24 1 0 0 0 0 93 65 39 0 0 0 0 0 6 9 155 3 0 0 0 0 0 13 117 12 0 0 0 0 0 2 52 25 1 0 0 0 2 6;
<CIRCLE 164 60 6 0 3.66242e-06>; 0 0 22 24 18 0 0 0 0 1 34 16 29 0 0 0 5 13 12 2 4 0 0 0 38 9 0 0 0 0 0 2 4 10 140 140 30 0 0 0 15 61 140 21 2 0 0 0 67 140 81 2 0 0 0 0 62 34 0 0 0 0 0 0 24 26 39 70 140 20 20 3 68 75 82 0 0 0 32 26 140 88 13 0 0 0 3 31 83 52 0 0 0 0 0 0 5 4 0 3 46 66 139 11 15 7 7 0 3 7 140 77 76 22 1 0 0 0 21 80 42 53 0 0 0 0 0 0;
<CIRCLE 80 152 3.56762 0 3.6529e-06>; 6 8 8 7 11 0 0 1 0 0 3 27 93 0 0 0 0 0 36 55 24 0 0 0 0 0 40 75 41 0 0 0 7 15 16 15 13 0 0 1 0 2 28 145 145 0 0 0 0 0 145 145 21 0 0 0 0 9 145 131 0 0 3 0 10 12 7 8 29 2 1 6 1 1 4 77 145 20 0 0 0 0 34 64 107 13 15 9 0 1 12 10 0 0 37 15 5 3 93 71 9 2 4 9 0 0 54 145 145 13 0 0 0 0 0 11 65 14 16 11 0 0 0 0 0 0 11 22;
<CIRCLE 81 152 4.24264 0 3.6454e-06>; 1 5 14 15 10 0 0 0 0 0 3 33 89 0 0 0 0 0 23 66 44 0 0 0 0 0 28 66 43 0 0 0 2 11 15 23 14 0 0 0 0 2 31 142 135 0 0 0 0 0 142 142 19 0 0 0 0 23 142 94 2 0 2 1 7 9 9 19 32 1 0 0 1 1 8 108 142 13 0 0 0 0 34 71 96 13 19 11 0 6 15 8 0 0 35 23 2 1 136 108 6 1 0 0 0 0 69 142 126 6 1 0 0 0 0 11 41 11 18 11 0 0 0 0 0 0 10 22;
<CIRCLE 127 99 1.5 0 3.43338e-06>; 7 2 0 6 13 20 20 8 6 4 41 69 99 11 17 6 0 44 128 39 12 0 1 0 0 43 77 13 3 1 1 0 27 3 1 8 26 4 0 1 10 1 12 60 128 61 17 2 8 50 76 31 60 28 102 52 14 57 60 0 0 0 72 55 35 10 3 8 10 3 0 1 16 3 17 56 109 119 44 4 0 6 79 35 13 41 128 57 4 11 27 17 5 3 88 38 21 13 2 9 12 0 0 0 7 7 38 128 128 2 0 0 2 79 128 54 22 1 0 0 8 78 71 6 2 0 0 2;
<CIRCLE 127 110 2.52269 0 3.37516e-06>; 20 18 5 0 1 0 0 4 3 8 13 46 121 71 18 1 7 35 62 30 42 44 102 52 32 26 17 4 0 0 20 43 9 39 17 3 1 0 0 0 3 17 35 121 121 37 16 1 11 100 121 73 53 24 85 60 49 48 41 5 0 0 41 85 10 30 22 11 1 0 0 0 31 29 28 21 80 63 94 18 7 13 57 42 22 35 121 121 6 4 86 53 0 0 95 102 24 25 15 9 3 1 0 1 21 27 39 12 4 2 10 9 1 5 76 56 1 2 53 19 0 0 44 30 1 2 62 17;
<CIRCLE 178 130 10.0908 0 3.37047e-06>; 1 2 3 18 60 47 53 6 56 23 4 1 1 5 54 60 124 104 3 0 0 0 0 7 93 124 90 0 0 0 0 4 0 4 11 27 19 9 14 1 17 25 26 34 9 2 17 35 55 51 5 0 0 0 29 124 15 71 42 0 0 2 50 83 43 15 57 31 3 0 9 42 50 15 10 20 4 1 124 124 10 4 2 0 0 8 124 124 0 0 0 2 7 14 41 39 102 25 6 0 0 0 4 26 88 124 73 0 0 0 23 53 4 93 73 0 0 11 26 8 2 20 9 0 2 31 18 0;
<CIRCLE 224 90 1.06066 0 3.3525e-06>; 1 36 132 5 1 0 0 0 5 46 81 4 1 0 0 1 2 17 55 12 3 0 0 1 0 11 17 2 2 0 4 2 4 135 135 0 0 0 0 0 1 135 135 4 0 0 0 0 5 135 135 2 0 0 0 0 0 56 102 0 0 0 0 0 38 106 28 2 0 0 0 0 22 100 116 25 0 0 0 0 79 135 33 1 0 0 0 0 11 76 85 16 0 0 0 0 35 27 1 1 0 0 0 0 22 34 11 5 0 0 0 0 86 106 3 0 0 0 0 0 17 49 37 33 0 0 0 0;
<CIRCLE 182 131 2.52269 0 3.16469e-06>; 8 31 18 5 0 1 0 2 17 17 11 0 0 0 0 3 4 7 5 4 3 0 0 2 7 11 2 0 0 0 5 12 1 66 85 17 16 3 1 0 12 96 151 0 0 0 0 24 33 45 34 1 0 0 20 140 4 1 0 1 0 0 83 142 0 4 19 32 31 4 24 54 16 24 32 0 0 0 38 159 19 9 3 3 1 0 54 159 0 0 2 9 1 0 55 75 1 0 1 1 0 0 130 159 9 0 0 0 0 0 56 159 0 0 0 1 0 0 60 94 0 0 0 0 0 0 52 47;
<CIRCLE 163 76 5.04538 0 3.14464e-06>; 10 13 147 80 22 0 0 4 12 36 147 11 1 1 1 12 90 129 85 2 1 1 0 0 23 32 1 0 0 0 0 0 52 36 32 26 103 6 9 12 44 45 98 8 2 2 17 33 147 61 22 6 2 1 3 32 50 48 1 0 0 0 0 0 7 15 8 2 40 60 147 26 15 11 35 0 3 6 147 100 122 20 6 0 0 0 49 146 25 46 2 0 0 0 0 2 27 7 1 6 19 12 42 13 13 3 2 6 22 10 34 14 9 27 5 2 0 0 5 8 9 33 1 0 0 0 0 0;
<CIRCLE 127 98 1.78381 0 3.14164e-06>; 3 0 0 1 3 24 52 17 3 3 31 32 29 16 48 11 1 18 123 29 5 24 57 2 0 11 41 24 4 21 73 0 15 8 3 8 16 7 5 3 4 2 27 98 123 42 13 2 7 81 123 61 57 21 53 33 11 74 86 4 0 0 29 38 19 16 8 3 7 2 0 0 11 4 12 49 123 123 36 2 3 14 60 26 30 57 123 60 5 14 18 12 5 2 81 53 11 20 6 4 6 0 0 0 4 8 33 123 123 7 1 0 4 89 123 65 32 4 9 7 6 68 74 9 2 0 8 15;
<CIRCLE 126 100 0.891905 0 3.11978e-06>; 36 3 0 2 18 0 0 1 4 0 0 40 130 4 0 0 0 5 41 50 124 9 6 3 4 47 43 0 0 0 9 14 50 0 0 0 21 2 0 3 5 0 0 0 130 96 7 0 0 0 0 0 98 96 128 32 2 0 0 0 0 0 130 82 55 4 0 0 5 2 0 1 8 0 3 19 70 110 19 0 0 1 27 19 13 70 130 32 0 0 44 30 0 1 118 48 35 12 0 6 5 0 0 0 4 2 18 130 60 4 0 0 0 10 130 99 10 3 0 0 2 24 110 26 0 0 0 0;
<CIRCLE 79 151 3 0 2.99393e-06>; 10 7 7 5 9 0 1 3 0 0 2 23 96 1 0 0 0 0 33 39 18 0 0 0 0 0 40 72 25 2 0 0 8 17 17 10 10 0 1 3 0 2 23 151 146 0 0 0 0 0 151 151 23 0 0 0 0 0 151 151 0 0 1 0 11 12 7 5 23 0 2 6 0 1 6 86 151 13 0 0 0 0 52 86 122 9 9 7 0 0 22 19 0 1 32 6 6 8 33 20 11 3 8 23 0 0 20 68 151 30 2 2 0 0 0 6 110 18 10 12 0 0 0 0 0 0 15 16;
<CIRCLE 166 79 2.52269 0 2.93879e-06>; 32 40 16 10 2 1 1 5 49 25 21 57 113 3 0 3 162 14 2 11 38 0 0 2 45 17 11 0 0 0 0 0 0 29 109 21 0 0 15 2 52 20 98 86 13 0 20 52 162 7 4 15 5 0 2 111 49 10 4 0 0 0 0 6 1 2 25 2 0 2 162 51 12 1 15 3 0 6 162 162 77 4 10 2 0 0 23 162 16 10 13 1 0 0 0 3 6 40 23 11 7 5 75 18 3 16 17 4 6 10 54 14 11 10 5 1 0 0 2 8 12 10 3 0 0 0 0 0;
<CIRCLE 126 112 1.06066 0 2.65482e-06>; 30 10 2 3 15 0 0 0 5 1 3 46 146 2 0 0 1 37 43 40 113 2 1 1 4 85 50 0 0 0 2 3 21 33 6 7 17 0 0 0 4 9 5 7 146 58 9 0 1 2 1 1 126 62 118 41 4 10 4 0 0 0 146 96 24 50 8 15 8 0 0 0 33 23 0 0 65 90 79 15 1 0 0 0 14 54 146 91 0 0 4 3 0 1 146 109 44 20 0 4 8 7 1 0 87 47 5 0 0 2 15 9 8 11 41 24 0 0 42 14 0 0 62 51 0 0 13 5;
<CIRCLE 84 153 6 0 2.36531e-06>; 0 1 20 26 9 0 0 0 0 0 4 60 94 0 0 0 0 0 12 83 90 0 0 0 3 20 21 38 20 0 0 0 0 2 27 39 13 0 0 0 0 0 47 141 141 0 0 0 0 7 141 141 27 0 2 1 3 79 118 35 2 0 1 2 0 3 72 78 23 0 0 0 0 1 42 141 141 8 2 0 0 2 33 55 62 10 31 28 4 24 19 2 0 0 22 29 0 0 141 128 0 0 1 1 0 0 69 112 31 2 8 4 0 0 0 4 9 3 23 16 0 0 0 0 0 0 12 15;
<CIRCLE 226 110 12 0 2.0964e-06>; 93 78 38 4 0 0 2 10 147 57 3 0 0 0 2 46 60 20 25 1 0 11 38 30 0 0 6 0 0 2 12 0 91 45 5 2 0 2 19 40 147 147 53 0 0 0 3 25 22 147 147 2 0 2 8 8 0 1 90 1 0 0 2 0 32 16 8 11 2 0 56 147 28 32 6 0 1 3 85 147 4 22 54 3 5 15 59 32 0 0 18 0 0 3 11 0 40 69 25 0 0 0 60 118 2 25 12 0 1 26 47 33 0 1 0 3 9 38 24 1 0 0 0 0 0 4 7 0;
<CIRCLE 176 129 12 0 2.06599e-06>; 0 1 11 66 85 29 15 1 62 42 32 14 12 15 39 43 121 112 4 0 0 0 0 11 111 121 76 0 0 1 3 11 0 2 18 35 30 19 10 0 19 15 15 28 8 10 34 43 76 82 6 0 0 0 23 120 21 108 86 0 0 2 32 51 34 18 71 23 2 0 1 17 79 27 15 16 3 0 89 121 11 11 7 0 0 7 116 121 0 0 0 2 7 21 40 32 57 11 2 0 0 0 3 14 106 121 33 0 0 0 6 33 16 112 47 0 0 5 13 8 7 15 2 0 1 25 17 0;
<CIRCLE 168 79 0.891905 0 1.88704e-06>; 0 0 6 67 26 0 0 0 113 1 0 8 8 0 0 4 157 0 0 0 0 0 0 20 81 1 0 0 0 0 0 8 1 1 17 25 2 0 0 8 107 1 0 1 0 0 3 99 157 0 0 0 0 0 0 122 64 0 0 0 1 1 1 27 2 1 2 0 0 0 35 116 16 0 0 0 0 0 36 157 94 2 0 0 0 0 22 157 27 8 2 0 1 1 0 11 0 1 0 0 0 0 126 157 1 3 4 1 0 0 35 157 2 2 3 6 2 0 14 37 2 5 12 6 0 0 0 0;
<CIRCLE 251 96 1.78381 0 1.8339e-06>; 1 15 113 11 3 0 0 0 2 24 111 3 1 0 0 0 1 28 75 3 1 0 0 0 0 7 25 34 32 1 0 1 10 109 129 13 0 0 0 0 1 55 129 85 0 0 0 0 0 129 129 13 0 0 0 0 0 27 129 77 3 0 0 0 46 112 37 27 0 0 0 0 3 40 61 129 6 0 0 0 2 129 107 23 0 0 0 0 0 28 129 27 0 0 0 0 19 57 29 16 0 0 0 0 0 9 43 79 5 0 0 0 0 45 73 9 0 0 0 0 0 32 71 0 0 0 0 0;
<CIRCLE 127 97 2.12132 0 1.81284e-06>; 0 0 0 5 4 13 65 14 0 0 12 11 8 28 107 6 0 2 49 12 12 121 123 2 1 2 10 6 4 61 123 11 15 7 2 1 6 10 22 14 0 0 35 91 123 34 16 1 6 66 123 66 38 16 24 18 17 53 69 9 2 3 12 21 10 24 5 1 4 1 0 0 2 6 9 52 123 104 21 0 5 27 51 28 41 59 123 55 18 24 18 6 1 1 42 54 5 27 9 4 3 0 0 0 1 7 24 123 123 16 4 0 6 74 118 61 35 11 30 23 20 49 47 5 0 0 19 41;
<CIRCLE 126 105 0.891905 0 1.75407e-06>; 47 3 0 0 5 2 0 1 7 0 2 14 63 97 17 0 0 1 20 14 12 62 136 29 0 0 33 23 0 1 106 43 46 15 1 7 5 0 0 0 5 3 22 136 72 6 0 0 0 12 136 123 12 5 1 0 2 28 136 36 0 0 0 0 34 12 2 7 25 0 0 0 0 0 8 122 136 0 0 0 0 43 99 91 86 0 0 0 1 110 83 0 0 0 0 0 29 13 3 2 27 0 0 0 0 0 1 10 136 8 0 0 1 8 5 11 136 14 8 4 6 31 16 0 0 0 19 14;
<CIRCLE 183 131 2.12132 0 1.7329e-06>; 10 37 17 0 0 0 0 2 7 22 19 0 0 0 0 1 3 7 7 5 2 0 0 3 6 7 1 0 0 0 8 17 0 69 125 7 4 0 0 0 18 98 140 0 0 0 0 29 38 40 23 0 0 0 19 152 3 0 0 0 0 0 85 149 1 9 25 8 11 3 24 82 25 25 23 0 0 0 32 164 18 5 1 2 1 0 54 164 0 0 2 9 1 0 43 68 2 0 0 0 0 0 67 164 6 0 0 0 0 0 29 164 0 0 0 2 1 0 49 80 0 0 0 1 0 0 58 50;
<CIRCLE 251 95 1.78381 0 1.70267e-06>; 1 10 78 12 5 0 0 0 3 18 74 3 1 0 0 0 2 17 46 4 3 0 0 1 0 4 13 24 38 1 0 1 5 90 132 10 0 0 0 0 0 54 132 57 0 0 0 0 0 132 132 9 0 0 0 0 0 24 132 81 8 0 0 0 43 127 51 27 0 0 0 0 3 46 85 132 4 0 0 0 2 132 127 25 0 0 0 0 0 29 132 38 0 0 0 0 25 58 25 18 1 0 0 0 0 12 36 90 6 0 0 0 0 56 70 10 0 0 0 0 0 29 86 1 0 0 0 0;
<CIRCLE 127 94 1.78381 0 1.62776e-06>; 0 0 3 7 4 14 68 10 2 0 8 4 3 29 122 10 1 0 11 9 23 133 133 2 0 0 2 5 10 104 133 3 6 2 0 3 7 29 48 18 3 3 46 68 72 19 38 9 1 42 133 51 12 12 30 2 0 30 76 28 4 12 35 0 17 8 3 7 16 3 1 1 5 2 16 72 133 68 17 2 9 64 104 45 63 35 99 51 15 60 60 2 0 0 51 56 15 15 7 3 3 1 0 0 9 5 17 67 88 78 22 1 0 20 80 33 16 34 116 32 1 17 26 13 5 1 47 26;
<CIRCLE 151 173 4.24264 0 1.58737e-06>; 9 0 22 28 1 2 8 8 128 1 7 5 0 0 22 122 69 5 0 0 0 0 128 128 2 2 0 0 0 4 114 71 19 0 0 0 0 5 13 7 128 35 1 0 0 0 1 20 128 128 30 0 0 0 2 14 5 74 37 0 0 4 13 3 17 0 0 0 0 1 8 6 128 38 6 1 0 0 0 8 35 124 101 6 0 0 0 0 0 128 121 0 0 0 0 0 12 0 0 0 0 1 4 3 125 3 1 5 8 0 0 7 15 20 52 38 35 0 0 0 0 78 85 2 1 0 0 0;
<CIRCLE 149 90 5.04538 0 1.49214e-06>; 1 0 4 89 143 5 0 0 61 41 45 29 104 5 6 15 44 39 89 7 2 2 9 27 143 45 14 3 1 1 1 17 0 1 1 37 143 117 45 1 10 22 13 2 55 80 143 39 20 13 42 1 3 6 143 117 114 19 5 0 0 0 37 125 14 8 6 32 83 30 18 5 47 12 3 9 33 24 91 24 19 5 3 8 29 13 58 23 10 31 5 2 0 0 7 11 6 8 5 17 31 16 29 17 18 2 6 38 24 14 13 35 5 6 25 35 18 10 1 2 11 25 17 7 0 0 0 0;
<CIRCLE 160 194 4.24264 0 1.47356e-06>; 127 19 0 0 0 0 2 10 127 127 73 1 0 0 0 0 1 127 127 0 0 0 0 0 0 115 121 0 0 1 1 0 127 5 0 0 1 0 1 13 90 39 80 57 38 0 0 1 0 127 127 17 6 0 0 0 1 127 127 0 0 0 0 0 88 0 0 0 2 0 0 6 40 1 9 27 88 0 0 1 0 55 81 16 21 0 0 0 12 110 55 0 0 0 0 0 0 0 0 0 0 0 0 0 0 0 0 0 0 0 0 0 0 0 0 0 0 0 0 0 0 0 0 0 0 0 0 0;
<CIRCLE 167 78 2.12132 0 1.35565e-06>; 29 52 20 11 7 0 0 1 56 9 14 65 113 0 0 0 152 14 1 4 13 0 0 2 36 16 9 0 0 0 0 0 0 35 110 19 0 0 2 0 84 10 59 93 14 0 3 40 152 5 1 4 1 0 0 72 44 6 2 0 0 0 0 6 0 0 31 2 0 0 152 36 26 0 13 5 0 0 152 152 112 2 6 1 0 0 8 152 14 7 14 1 0 0 0 4 2 16 9 1 1 6 151 23 4 3 3 2 4 10 89 52 8 7 8 2 0 0 2 23 13 7 4 0 0 0 0 0;
<CIRCLE 42 107 0.891905 0 1.31861e-06>; 95 21 0 4 10 2 0 4 17 12 0 94 129 21 0 1 129 108 0 47 23 1 0 0 60 28 2 1 0 0 0 0 129 34 5 12 24 1 0 2 20 8 5 129 129 34 21 9 129 37 2 41 33 7 21 89 98 17 3 0 0 0 0 9 106 3 1 1 10 5 6 48 7 0 0 4 71 105 129 37 78 0 0 0 7 17 124 129 30 1 6 2 1 0 0 14 36 0 0 0 1 1 8 28 34 1 0 0 0 4 38 27 1 0 0 1 11 11 35 15 0 0 0 2 9 5 0 0;
<CIRCLE 246 97 2.12132 0 1.29466e-06>; 3 30 115 2 0 0 0 0 2 24 127 9 1 0 0 0 1 24 110 4 0 0 0 0 0 18 52 8 5 0 0 0 0 39 127 49 0 0 0 0 4 127 127 24 0 0 0 0 0 70 127 65 0 0 0 0 0 107 127 16 0 0 0 0 2 31 50 83 3 0 0 0 22 123 57 42 0 0 0 0 1 46 87 119 0 0 0 0 0 86 127 6 0 0 0 0 0 18 51 39 0 0 0 0 3 65 57 19 0 0 0 0 0 11 74 63 0 0 0 0 0 37 70 3 0 0 0 0;
<CIRCLE 228 93 1.5 0 1.26539e-06>; 1 98 130 2 0 0 0 0 1 83 130 5 1 0 0 0 0 26 83 4 1 0 1 3 1 6 57 10 3 0 0 1 16 130 130 0 0 0 0 0 46 130 129 1 0 0 0 0 4 80 130 14 0 0 0 0 0 40 130 8 0 0 0 0 36 64 11 0 0 0 0 0 102 130 25 5 0 0 0 0 20 92 115 41 0 0 0 0 15 77 57 43 0 0 0 0 21 50 0 0 0 0 0 0 64 61 10 3 0 0 0 0 34 43 25 17 0 0 0 0 24 33 12 42 7 0 0 0;
<CIRCLE 174 145 0.891905 0 1.1977e-06>; 0 0 0 0 0 0 33 45 0 0 0 0 0 0 61 138 12 2 0 0 0 0 23 138 5 2 11 6 0 0 6 138 0 0 0 0 0 0 138 138 2 1 1 0 8 15 132 138 30 30 21 0 5 3 16 102 9 13 27 9 0 0 13 31 0 0 0 0 0 15 138 120 0 0 0 0 19 79 98 23 8 4 4 0 7 16 112 83 5 1 1 0 0 0 57 110 0 0 0 0 0 4 37 24 0 0 0 0 0 12 91 7 0 0 0 0 0 0 77 37 0 0 0 0 0 0 20 23;
<CIRCLE 128 109 3 0 1.18098e-06>; 30 12 1 2 9 4 12 12 2 7 28 63 121 58 24 4 20 53 94 34 31 30 49 45 63 29 10 7 18 3 15 26 12 53 16 7 5 0 0 1 1 20 38 121 121 58 21 4 27 88 109 55 36 27 75 86 73 31 13 9 19 17 16 76 7 48 30 7 3 0 0 0 17 28 35 40 91 73 118 22 13 20 63 52 16 28 121 121 13 3 76 83 10 11 43 93 22 38 18 13 9 0 0 0 20 32 39 10 1 0 12 14 2 3 55 47 2 3 65 20 0 0 30 36 11 26 53 10;
<CIRCLE 78 151 2.12132 0 1.17978e-06>; 2 2 7 8 8 0 0 0 0 0 1 31 86 1 0 0 0 1 43 44 19 0 0 0 0 0 66 54 1 0 0 0 7 12 5 9 12 0 0 0 0 0 13 151 151 0 0 0 0 0 151 151 28 0 0 0 0 0 151 122 0 0 0 0 5 4 3 5 26 1 0 2 0 0 3 82 151 9 0 0 0 0 49 92 140 5 2 2 0 0 28 22 0 2 14 2 2 8 5 2 17 2 3 5 0 0 0 3 151 29 1 0 0 0 0 0 146 20 3 7 0 0 0 0 0 0 11 13;
<CIRCLE 150 94 1.5 0 1.16465e-06>; 16 16 7 2 0 0 130 51 0 0 12 56 28 19 130 28 5 33 40 44 15 8 130 23 9 29 13 0 0 4 102 24 61 33 5 2 3 4 1 7 6 2 15 101 130 36 5 1 17 86 92 79 65 18 31 30 16 109 69 0 0 1 19 20 62 37 6 2 2 2 8 30 20 6 8 35 130 87 17 3 9 9 5 10 46 57 110 74 6 8 1 0 3 16 63 34 19 17 12 4 4 0 5 18 2 4 26 99 97 4 0 0 4 77 83 38 20 4 4 7 4 54 35 0 0 3 15 9;
<CIRCLE 149 89 3.56762 0 1.14056e-06>; 13 8 0 15 154 18 5 0 52 55 42 4 9 3 20 6 6 28 114 15 1 0 29 9 113 18 45 23 5 0 12 49 1 3 4 7 95 152 154 7 3 14 13 1 7 25 154 54 2 6 24 2 5 7 154 68 38 4 7 0 0 0 145 154 20 24 29 16 14 27 47 14 33 14 1 10 47 14 92 22 14 18 4 10 43 13 54 20 7 16 7 0 0 1 21 13 24 23 12 13 13 7 16 33 30 7 2 16 30 22 5 25 15 5 8 17 23 20 7 13 6 5 9 16 1 1 2 3;
<CIRCLE 150 91 0.891905 0 1.12135e-06>; 0 3 21 12 0 3 126 26 0 1 6 49 50 16 126 12 0 6 31 54 15 10 88 6 9 24 19 1 0 1 45 9 5 7 20 19 13 5 1 2 2 3 14 126 90 0 0 1 0 28 115 121 18 0 0 0 15 119 53 1 0 0 0 1 5 3 0 3 32 18 8 2 0 0 6 107 126 16 1 0 13 35 79 79 79 10 12 11 26 101 55 0 0 0 12 22 27 5 0 1 29 17 8 6 0 0 0 3 126 113 13 0 4 0 0 1 38 63 121 54 8 0 0 0 0 0 89 91;
<CIRCLE 92 151 10.0908 0 1.10137e-06>; 1 15 16 20 10 0 0 0 0 0 2 92 112 0 0 0 0 2 10 87 72 6 1 0 0 2 5 20 31 26 38 4 0 1 42 50 12 0 0 0 0 0 37 132 117 0 0 0 1 38 132 132 28 0 0 1 26 21 80 64 10 2 16 44 0 0 132 132 11 0 0 0 0 0 64 132 132 4 6 3 6 20 56 38 18 3 20 28 132 47 31 6 0 0 13 77 0 0 105 76 0 0 0 0 2 0 28 38 5 1 4 5 2 0 0 0 1 0 12 14 80 24 6 0 0 0 2 8;
<CIRCLE 159 192 3 0 1.07889e-06>; 128 15 4 4 1 0 0 6 35 65 73 19 3 0 0 0 0 128 126 0 0 0 0 0 0 123 128 0 0 0 0 0 128 3 0 6 14 0 0 10 34 20 65 69 79 0 0 0 0 128 128 12 6 0 0 0 0 113 92 0 0 0 0 0 128 2 0 1 24 0 0 9 25 3 10 25 128 0 0 0 0 62 93 19 47 0 0 0 0 114 128 3 0 0 0 0 22 0 0 0 2 0 0 0 2 0 0 1 27 0 0 0 0 0 1 2 8 0 0 0 0 3 8 1 0 0 0 0;
<CIRCLE 173 145 1.26134 0 1.07608e-06>; 2 1 2 4 0 0 14 17 0 0 0 0 0 0 38 55 2 0 0 0 0 1 42 144 2 0 4 5 0 0 18 144 0 0 0 0 0 0 103 119 0 0 0 0 3 8 144 144 25 18 14 0 6 8 49 144 8 9 24 16 0 0 19 68 0 0 0 0 0 0 144 144 0 0 0 0 6 45 144 96 5 4 4 0 8 28 132 74 3 1 1 0 0 0 60 82 0 0 0 0 0 0 41 27 0 0 0 0 0 1 43 17 0 0 0 0 0 1 46 12 0 0 0 0 0 0 13 6;
<CIRCLE 150 95 1.06066 0 1.05377e-06>; 13 10 10 9 13 8 1 4 2 2 17 125 123 3 1 1 4 57 120 106 31 0 0 0 13 125 64 0 0 0 0 2 37 20 0 0 23 17 10 5 0 0 3 49 125 86 14 1 21 26 35 36 98 49 92 65 30 51 31 0 0 1 79 74 76 22 13 10 15 8 4 18 2 2 7 41 125 112 22 1 3 6 5 9 28 58 125 70 1 2 3 10 7 6 76 57 7 6 28 15 8 0 2 7 0 4 26 108 88 2 0 0 7 57 65 33 12 1 1 2 8 41 30 1 1 1 10 7;
<CIRCLE 179 122 16.9706 0 1.05177e-06>; 0 0 9 94 54 3 0 0 52 50 71 69 17 3 2 3 132 77 7 0 0 0 1 39 57 22 21 0 0 0 21 32 0 0 8 103 94 12 1 0 73 24 11 21 32 25 21 48 132 132 25 0 0 0 9 68 23 94 132 0 0 0 5 7 25 11 40 121 20 0 0 2 132 23 13 6 2 1 20 132 42 19 1 0 0 8 72 132 3 6 12 0 0 16 31 10 32 2 2 19 11 0 0 1 132 31 0 0 0 0 0 14 47 24 0 0 0 4 6 8 1 0 0 0 0 9 8 0;
<CIRCLE 150 120 1.5 0 1.02127e-06>; 0 0 97 67 1 0 13 11 0 3 81 111 34 3 1 0 0 38 99 34 12 0 4 10 1 15 64 7 1 1 4 5 0 0 69 37 4 11 48 23 0 3 42 67 111 101 31 5 7 53 106 16 28 21 66 65 7 30 71 1 0 0 69 85 0 0 0 3 5 20 61 18 0 0 5 10 51 111 85 8 0 0 29 23 8 28 111 107 1 0 74 47 0 0 77 71 0 3 8 36 7 3 5 1 0 0 36 111 21 6 6 0 0 0 111 109 2 1 13 5 0 0 89 81 0 2 24 4;
<CIRCLE 151 93 1.78381 0 9.89768e-07>; 2 2 0 0 0 0 171 63 0 0 2 11 8 16 171 45 2 9 6 5 1 5 171 71 1 2 1 0 2 11 171 34 42 24 2 5 7 2 54 20 3 5 23 107 110 23 47 4 12 101 75 39 16 6 26 18 5 58 43 3 5 6 13 6 61 22 2 2 9 3 1 17 11 4 6 32 144 77 21 5 11 23 11 7 19 29 82 57 6 22 10 0 0 8 34 13 26 15 3 7 9 1 0 14 2 7 24 85 80 12 3 1 6 70 51 17 7 5 14 15 5 26 10 0 0 7 16 9;
<CIRCLE 130 81 1.26134 0 9.87686e-07>; 2 0 3 5 5 5 4 4 1 0 3 10 144 11 3 3 0 0 0 5 144 18 0 0 1 0 0 1 10 0 0 0 0 2 55 30 4 1 0 0 0 0 50 58 128 21 0 0 0 0 2 23 144 98 0 0 1 2 3 1 26 8 0 0 0 4 54 15 2 14 45 0 0 0 48 63 36 47 41 0 0 0 4 36 144 144 56 0 0 2 2 0 20 67 128 0 3 1 1 0 0 14 65 5 1 0 3 0 0 54 124 5 0 0 2 5 1 102 144 0 0 0 4 5 0 35 144 10;
<CIRCLE 251 94 1.5 0 9.83855e-07>; 0 3 66 13 5 1 0 0 4 21 59 3 0 1 0 1 3 14 34 8 5 0 0 1 1 8 12 9 14 1 0 5 5 70 133 9 0 0 0 0 0 49 133 46 0 0 0 0 0 133 133 8 0 0 0 0 0 40 131 35 4 0 0 0 51 121 50 31 0 0 0 0 2 32 93 133 12 0 0 0 19 133 112 28 1 0 0 0 0 48 133 33 0 0 0 0 41 55 22 34 2 0 0 0 1 11 16 125 16 0 0 0 10 95 45 10 1 0 0 0 0 25 116 8 0 0 0 0;
<CIRCLE 150 105 1.78381 0 9.68311e-07>; 54 28 4 2 1 0 3 42 21 7 12 61 111 51 9 3 6 28 28 21 36 39 72 41 4 17 6 0 0 13 51 15 74 32 6 5 10 3 1 19 6 4 21 114 116 54 12 4 11 111 89 54 40 26 58 53 20 76 26 1 0 3 25 55 92 17 2 2 4 9 37 100 6 0 1 30 92 116 67 18 4 7 31 30 26 54 116 72 7 8 43 33 4 0 31 63 2 0 92 57 1 1 40 58 0 2 79 116 47 12 7 6 4 35 104 65 17 2 1 2 2 16 58 15 7 0 0 3;
<CIRCLE 151 172 3.56762 0 9.02565e-07>; 16 0 10 11 0 1 15 18 139 1 1 0 0 0 18 110 105 9 0 0 0 0 109 112 7 6 0 0 0 6 88 48 29 0 0 0 0 5 10 6 139 31 2 0 0 0 0 11 139 117 28 0 0 0 0 2 8 89 30 0 0 2 6 1 25 0 0 0 0 1 8 6 139 40 9 1 0 0 0 8 34 122 101 4 0 0 0 0 0 130 117 0 0 0 0 0 19 0 0 0 0 0 4 3 139 4 1 6 7 0 0 7 16 23 54 39 28 0 0 0 0 76 77 2 0 0 0 0;
<CIRCLE 150 102 1.26134 0 8.6724e-07>; 59 23 12 4 3 3 9 24 8 4 10 37 118 75 17 1 5 7 5 9 27 40 99 61 2 1 2 8 9 7 59 33 14 10 29 11 5 1 7 16 1 6 41 118 118 2 0 0 8 105 118 48 22 1 2 3 6 72 64 2 1 2 21 9 23 4 1 7 30 14 6 16 0 1 13 62 118 76 22 1 0 68 75 24 49 33 118 82 4 76 57 0 0 0 72 100 25 15 0 0 9 21 28 26 0 0 1 13 54 118 79 6 0 0 36 28 7 26 118 68 1 3 51 17 0 0 70 55;
<CIRCLE 150 104 1.78381 0 8.6523e-07>; 65 29 3 1 1 1 3 35 25 7 7 43 116 67 11 3 8 20 15 16 45 49 90 54 6 19 6 0 0 11 53 21 61 35 7 6 8 1 2 27 7 6 26 116 116 28 5 3 9 116 103 61 38 17 31 34 16 76 28 0 0 7 24 34 104 21 2 1 6 10 22 73 7 0 1 21 115 116 64 15 6 18 27 22 28 61 116 91 11 16 34 27 2 0 39 83 10 1 60 40 1 1 51 83 0 1 55 116 53 26 16 9 3 23 79 65 20 5 8 4 1 11 51 19 8 1 0 2;
<CIRCLE 186 130 1.5 0 8.64782e-07>; 5 14 16 2 0 0 0 1 2 9 12 10 3 1 2 1 5 4 3 6 1 0 4 13 6 2 2 0 0 0 7 13 2 70 146 0 0 0 0 0 13 77 99 1 0 0 3 28 19 17 15 0 0 0 38 135 1 0 0 0 0 0 110 140 9 31 59 0 0 0 10 145 29 37 27 0 0 0 63 166 9 4 5 9 0 0 91 166 0 0 10 21 0 0 50 67 0 0 0 1 0 0 26 166 0 0 2 16 1 0 36 166 0 0 4 27 4 0 13 25 0 0 6 19 1 0 21 19;
<CIRCLE 259 90 5.04538 0 8.39417e-07>; 1 0 0 0 9 26 16 3 1 0 0 0 21 16 22 17 0 0 0 0 56 14 1 0 0 0 0 0 0 0 0 0 0 62 177 0 1 7 10 1 0 25 177 30 31 8 15 2 0 1 55 63 56 2 0 0 0 0 0 0 0 0 0 0 1 137 177 3 0 0 0 0 0 87 177 29 1 0 0 0 0 25 177 57 1 0 0 0 0 0 0 0 0 0 0 0 4 30 75 3 0 15 80 32 1 36 132 12 2 43 79 2 2 40 74 0 0 3 35 3 0 0 0 0 0 0 0 0;
<CIRCLE 242 95 2.12132 0 8.36773e-07>; 0 16 85 7 0 0 0 0 11 34 74 5 1 0 0 0 2 9 67 13 4 0 0 0 1 13 35 2 1 0 0 0 0 77 140 7 0 0 0 0 0 67 140 33 0 0 0 0 0 87 140 19 0 0 0 0 0 73 140 18 0 0 0 0 5 99 75 29 0 0 0 0 9 68 110 108 2 0 0 0 15 131 109 71 0 0 0 0 0 81 126 72 0 0 0 0 2 60 47 19 0 0 0 0 4 42 54 54 1 0 0 0 5 57 63 44 0 0 0 0 0 20 63 41 0 0 0 0;
<CIRCLE 259 92 4.24264 0 8.03949e-07>; 0 1 4 0 2 17 25 2 0 0 1 1 27 13 22 11 0 0 0 4 70 8 0 0 0 0 0 0 0 0 0 0 0 52 180 0 0 1 5 0 0 33 180 41 22 3 5 0 0 1 92 96 42 1 0 0 0 0 2 1 0 0 0 0 0 72 180 4 0 0 0 0 0 83 180 22 0 0 0 0 0 24 180 53 0 0 0 0 0 0 6 0 0 0 0 0 1 15 94 6 1 17 59 8 1 42 141 13 1 25 44 2 2 50 88 0 0 1 18 3 0 0 2 0 0 0 0 0;
<CIRCLE 148 91 5.04538 0 7.75281e-07>; 0 0 2 84 144 7 0 0 56 40 33 30 131 9 11 13 38 40 88 6 1 1 17 29 144 40 17 4 1 1 2 26 0 1 1 38 143 114 39 1 10 19 9 3 60 94 144 37 14 11 35 0 5 9 144 106 99 17 5 0 0 0 49 132 12 8 6 34 90 24 14 5 53 13 3 11 33 22 68 26 18 4 3 10 35 15 45 18 10 29 6 3 0 0 6 9 5 10 6 16 28 16 29 14 17 2 6 37 23 14 16 36 4 6 25 40 20 11 1 3 10 24 22 8 0 0 0 0;
<CIRCLE 158 191 2.52269 0 7.56954e-07>; 136 9 3 7 8 0 0 5 19 37 42 23 20 0 0 0 0 108 85 0 0 0 0 0 0 102 115 0 0 0 0 0 136 3 0 8 30 0 0 10 20 15 69 62 101 0 0 0 0 131 136 14 8 0 0 0 0 99 68 0 0 0 0 0 136 3 0 1 45 0 0 13 17 2 9 23 136 4 0 0 0 75 82 20 76 0 0 0 0 119 136 6 1 0 0 0 67 3 0 0 11 0 0 0 4 0 0 5 80 0 0 0 0 0 2 4 28 0 0 0 0 3 13 5 2 0 0 0;
<CIRCLE 148 154 1.06066 0 7.42308e-07>; 0 0 0 0 0 0 29 17 9 0 0 0 0 0 30 95 3 0 0 0 0 0 135 149 0 0 0 0 0 7 149 30 16 0 0 0 2 2 5 9 149 1 0 0 0 0 2 149 86 5 0 0 0 0 53 149 2 0 1 1 0 0 117 26 38 0 0 0 3 0 0 3 149 7 0 0 0 0 0 27 149 32 0 0 0 0 0 14 8 5 6 8 0 0 0 1 28 0 0 0 0 3 3 5 149 2 0 0 0 0 0 9 146 17 0 0 0 0 0 0 10 6 2 3 0 0 0 0;
<CIRCLE 101 144 2.12132 0 6.23113e-07>; 0 0 6 19 50 11 0 0 1 2 4 22 99 18 0 0 2 7 13 36 36 0 0 0 9 6 2 33 37 0 0 0 0 0 115 132 11 0 0 0 0 22 132 132 31 0 0 0 0 90 132 65 12 0 0 0 17 14 20 49 12 0 0 0 0 0 132 132 0 0 0 0 0 32 132 132 0 0 2 0 2 132 132 11 0 0 1 1 7 121 103 5 0 0 0 0 0 0 24 19 0 2 22 1 0 1 4 5 0 0 37 8 1 21 11 0 0 0 41 11 1 52 33 0 0 0 27 4;
<CIRCLE 251 118 1.06066 0 6.00551e-07>; 1 21 18 14 6 1 3 1 12 5 6 33 97 0 0 0 111 15 0 11 19 0 0 1 16 10 1 47 19 0 0 0 2 7 2 2 5 71 140 8 10 2 1 9 68 140 104 5 81 11 1 6 15 31 68 23 14 6 4 31 37 17 15 3 0 0 4 3 0 74 140 0 0 0 3 1 1 140 140 1 5 0 0 0 1 140 140 15 2 0 0 1 10 121 140 6 0 0 11 13 2 1 3 0 0 3 21 4 1 14 18 0 0 3 12 1 0 30 61 0 0 0 7 1 0 32 98 0;
<CIRCLE 216 126 1.78381 0 5.88122e-07>; 8 5 2 18 12 5 54 37 1 2 5 12 6 4 122 122 3 1 7 6 4 42 122 28 4 3 0 0 0 12 100 106 1 0 6 23 2 2 122 120 0 0 30 85 9 7 99 81 13 9 53 38 7 17 73 122 5 1 1 0 0 5 46 122 0 0 15 34 1 0 44 64 0 0 2 24 7 7 122 122 3 0 2 6 1 2 122 122 0 1 9 4 0 0 15 71 0 0 0 0 0 0 59 92 1 2 2 0 0 0 32 54 0 0 4 11 1 0 6 9 0 0 6 9 1 0 0 0;
<CIRCLE 235 96 1.78381 0 5.8575e-07>; 2 120 123 1 0 0 0 0 0 24 123 6 0 0 0 0 4 49 123 3 0 0 0 0 1 18 110 10 2 0 0 0 39 123 92 2 0 0 0 0 2 102 123 11 0 0 0 0 0 40 123 79 0 0 0 0 9 101 123 15 0 0 0 0 44 87 36 1 0 0 0 0 29 100 55 24 1 0 0 0 5 27 46 123 15 0 0 0 45 105 34 25 1 0 0 0 10 81 19 0 0 0 0 0 9 73 46 14 0 0 0 0 2 15 41 70 8 0 0 0 19 56 25 13 0 0 0 0;
<CIRCLE 158 190 1.26134 0 5.71232e-07>; 0 14 25 30 62 2 0 2 0 35 54 3 7 4 3 2 2 33 24 0 1 3 9 1 1 34 17 0 1 3 2 0 0 6 16 15 135 12 0 0 0 47 135 59 72 3 0 0 0 135 135 19 11 0 2 0 1 130 98 0 1 6 7 0 0 0 0 7 135 9 0 0 0 2 8 23 135 21 0 0 2 90 78 15 77 13 1 1 6 135 123 0 0 0 0 0 0 0 0 3 135 8 0 0 0 0 0 9 135 10 0 0 2 4 3 8 78 1 0 0 4 19 15 1 0 0 0 0;
<CIRCLE 149 118 3 0 5.69744e-07>; 40 52 43 4 0 2 33 75 44 11 4 31 58 60 17 46 22 22 18 32 40 50 33 40 14 7 14 41 5 4 5 13 12 10 68 48 0 2 109 109 7 1 91 109 40 42 26 49 9 35 109 101 27 29 25 31 9 14 30 36 10 9 12 20 0 0 44 41 3 4 77 17 0 0 28 84 42 101 68 9 7 10 64 103 22 55 78 58 4 12 106 108 5 9 13 25 2 2 25 72 9 1 9 3 0 1 42 109 33 10 3 0 0 0 45 102 25 26 28 3 0 1 45 86 30 29 26 1;
<CIRCLE 251 117 1.5 0 4.92997e-07>; 6 22 59 21 0 0 0 0 8 9 44 96 46 0 0 0 70 55 29 45 14 0 0 0 33 44 33 33 3 0 0 0 4 7 17 15 2 71 134 3 16 6 10 34 67 78 81 4 79 24 3 32 25 21 30 11 67 31 9 32 10 4 5 3 0 0 5 1 0 101 145 0 1 0 3 2 6 145 145 3 7 1 0 2 6 145 145 14 21 6 1 2 5 75 145 21 0 1 12 10 1 2 3 0 0 2 14 12 2 17 20 0 0 1 14 3 0 36 77 0 0 0 10 2 0 36 112 0;
<CIRCLE 101 143 1.78381 0 4.43052e-07>; 0 0 6 13 60 19 0 0 2 3 2 12 98 19 0 0 8 14 10 23 33 1 0 0 2 1 0 38 52 0 0 0 0 0 94 129 22 0 0 0 0 25 131 136 40 2 0 0 0 106 94 60 18 0 0 0 3 4 14 67 27 0 0 0 0 0 136 136 0 0 0 0 1 44 136 136 0 0 1 0 3 136 123 22 1 0 0 0 3 86 95 19 2 0 0 0 0 0 47 39 0 1 6 0 0 2 10 14 0 2 13 4 4 52 20 0 0 0 13 7 0 73 70 0 0 0 7 0;
<CIRCLE 123 153 1.06066 0 4.38584e-07>; 5 13 21 15 14 0 0 3 70 23 2 1 2 0 0 11 35 16 27 43 2 0 0 1 0 0 94 106 8 0 0 0 1 138 124 3 1 0 0 0 29 139 50 30 4 0 0 0 10 22 96 139 52 1 0 0 0 0 139 139 10 1 10 12 8 84 36 0 0 0 4 19 2 139 99 41 7 1 9 4 0 10 48 139 114 37 22 1 0 0 8 35 22 19 69 42 3 0 0 0 0 0 19 45 0 3 4 2 1 8 35 14 0 0 2 5 7 63 37 0 0 0 0 0 0 35 60 4;
<CIRCLE 242 94 1.78381 0 3.72092e-07>; 2 11 77 9 3 0 0 0 15 39 59 4 2 0 0 3 1 4 60 14 10 0 0 0 5 13 32 2 1 0 0 0 0 56 138 13 0 0 0 0 0 69 138 32 0 0 0 0 2 84 138 15 0 0 0 0 0 52 138 26 0 0 0 0 11 85 73 58 2 0 0 0 16 63 129 129 5 0 0 0 39 138 91 57 0 0 0 0 0 59 109 134 2 0 0 0 11 40 32 42 6 0 0 0 19 35 21 65 13 0 0 0 32 72 36 47 2 0 0 0 0 19 26 75 5 0 0 0;
<CIRCLE 139 108 2.12132 0 2.91843e-07>; 4 18 29 16 33 38 84 36 19 29 18 3 1 0 45 64 61 18 3 8 8 1 1 27 7 5 11 55 67 19 5 2 4 66 117 65 33 12 26 13 27 76 83 11 1 0 18 37 93 23 6 5 15 14 9 48 3 3 6 31 81 95 28 10 7 21 20 14 35 39 117 102 17 25 33 14 0 0 117 117 23 3 55 49 4 7 50 117 0 1 37 117 39 42 14 7 2 5 65 46 0 4 75 22 0 0 105 75 0 0 47 19 0 0 94 66 6 12 29 10 0 3 40 84 36 46 18 3;
<CIRCLE 140 108 1.78381 0 2.87551e-07>; 4 13 24 5 1 3 100 47 12 19 11 12 5 1 34 44 38 26 5 5 6 0 1 25 4 4 14 67 66 8 1 1 6 114 114 10 1 0 7 8 38 49 65 20 6 0 7 27 96 20 2 1 11 11 8 41 2 1 3 18 87 96 33 7 13 34 19 1 1 2 115 115 16 18 27 8 0 0 115 115 27 4 36 29 2 5 61 113 0 0 23 95 44 40 20 8 0 0 71 49 0 0 87 39 0 0 115 80 0 0 40 21 0 0 115 75 3 3 16 9 0 3 56 112 35 19 5 1;
<CIRCLE 41 99 1.06066 0 2.59479e-07>; 30 0 2 15 57 6 0 4 114 11 11 2 7 2 0 7 8 8 22 6 12 2 1 0 0 2 6 0 1 1 4 0 46 40 49 32 12 0 0 1 84 36 69 69 27 2 0 2 43 114 114 41 11 1 0 0 20 29 17 0 0 0 0 0 114 49 11 8 9 6 0 9 58 14 9 34 111 60 1 10 114 114 15 29 70 36 7 0 95 35 1 1 0 0 0 1 114 62 2 26 20 3 0 2 75 15 1 74 114 15 0 5 114 97 2 114 98 9 1 4 114 49 2 1 0 0 0 1;
<CIRCLE 162 71 2.52269 0 2.56406e-07>; 7 1 35 0 1 6 39 22 26 4 30 1 22 17 24 67 130 30 23 2 79 32 7 5 133 26 2 0 0 0 0 1 19 13 8 16 4 3 3 5 55 53 20 22 41 2 1 11 133 7 6 41 133 3 0 2 133 18 6 0 0 0 0 1 2 13 79 30 1 0 3 1 2 43 118 38 4 0 10 4 133 8 32 64 17 0 5 65 133 5 1 0 0 0 0 29 0 1 28 2 0 2 133 26 0 1 24 3 0 2 133 49 39 1 5 2 0 1 86 133 37 3 8 1 0 0 0 45;
<CIRCLE 62 136 1.06066 0 2.50802e-07>; 0 1 55 45 0 1 33 8 5 4 42 27 0 0 34 45 1 1 18 8 1 0 53 23 0 0 4 8 1 1 60 18 0 0 85 66 0 2 45 9 6 16 123 123 4 1 21 24 73 93 123 12 1 0 7 20 17 9 4 16 20 2 4 3 0 0 108 117 13 15 84 9 20 11 99 123 18 10 123 114 123 51 39 6 1 0 41 123 31 4 3 2 20 16 0 8 1 0 2 2 2 12 115 21 0 0 8 17 1 1 123 50 10 22 43 13 0 0 21 45 2 13 45 18 1 2 0 0;
<CIRCLE 148 118 3.56762 0 2.47939e-07>; 41 43 30 34 42 18 18 45 76 22 2 19 56 30 7 44 29 11 8 29 65 40 14 23 16 10 14 25 3 3 5 10 19 16 33 36 19 25 114 114 21 4 52 114 41 38 25 90 13 22 83 114 40 42 18 21 13 17 36 40 5 6 4 8 7 5 30 36 3 5 53 16 0 0 27 105 53 74 46 3 8 7 42 114 48 62 32 24 6 24 114 99 19 10 2 8 13 12 41 85 2 1 4 4 0 0 69 114 23 2 1 0 0 0 70 114 40 16 3 0 0 2 53 114 45 14 21 25;
<CIRCLE 258 118 2.12132 0 2.35654e-07>; 0 16 92 88 3 0 0 0 4 93 128 13 0 0 0 0 9 127 81 0 0 0 0 0 0 24 44 0 0 0 0 0 2 7 11 31 16 112 127 1 21 51 29 5 2 45 110 8 40 104 27 0 0 4 42 13 0 24 39 0 0 1 6 0 0 0 2 5 1 138 138 0 2 0 1 1 0 138 138 5 6 5 2 0 0 82 138 13 0 1 4 0 0 32 128 0 0 0 9 15 0 3 2 0 0 0 11 15 0 11 22 0 0 4 17 2 0 17 56 0 0 1 8 0 0 8 40 0;
<CIRCLE 63 149 0.891905 0 2.33454e-07>; 0 0 19 25 0 0 11 1 0 1 28 24 4 0 32 3 0 6 25 9 1 0 28 18 8 9 5 5 1 0 3 3 0 0 124 106 0 0 4 0 5 32 124 123 0 0 0 6 53 106 124 11 0 0 0 9 41 22 7 4 0 0 0 0 6 0 124 119 2 1 50 59 23 18 92 93 0 0 92 124 124 46 21 2 0 0 20 124 38 20 5 0 0 0 0 6 2 0 1 4 1 4 124 88 1 3 6 1 1 1 106 105 5 7 17 1 0 0 15 58 1 7 21 3 0 0 0 1;
<CIRCLE 122 152 1.78381 0 2.32754e-07>; 61 38 13 6 3 0 0 2 42 21 9 26 16 0 0 1 56 22 11 16 7 2 0 0 0 0 30 64 23 1 0 0 7 134 116 2 0 0 0 0 31 134 106 19 1 0 0 0 35 37 134 134 8 0 0 0 0 0 134 134 5 0 2 6 8 85 38 0 0 0 45 17 12 134 96 20 1 1 12 21 0 27 81 134 57 39 29 2 0 0 47 62 9 13 67 41 0 0 0 0 0 0 79 19 2 1 1 1 0 8 48 27 0 0 1 2 4 47 46 1 0 0 0 0 0 16 82 6;
<CIRCLE 258 119 1.5 0 2.28956e-07>; 61 20 4 38 37 1 0 0 57 32 15 59 10 0 0 0 92 63 23 10 0 0 0 0 2 44 35 2 0 0 0 0 30 6 0 7 20 119 148 18 44 17 6 29 23 64 121 17 83 49 20 4 0 8 60 18 3 35 30 4 0 3 11 1 0 1 7 1 0 126 148 2 2 0 4 1 1 143 148 8 7 2 2 0 0 110 148 14 2 3 3 1 0 72 148 2 0 2 11 4 1 1 2 0 0 0 20 8 3 7 18 0 0 9 16 0 0 19 47 0 0 4 8 0 0 20 76 0;
<CIRCLE 260 92 1.5 0 2.27322e-07>; 3 3 4 7 10 0 0 2 2 2 1 5 30 4 2 11 1 2 1 31 131 2 0 0 3 8 10 5 8 0 0 0 0 57 131 6 1 0 0 0 1 35 101 53 24 0 0 2 0 1 34 131 105 0 0 0 0 3 52 30 3 0 0 0 6 131 131 13 0 0 0 0 0 60 131 74 1 0 0 0 0 1 131 131 8 0 0 0 0 0 84 62 0 0 0 0 16 131 57 12 1 0 0 0 0 37 131 31 0 0 0 0 0 19 131 40 0 0 0 0 0 1 61 38 0 0 0 0;
<CIRCLE 232 94 1.5 0 2.20781e-07>; 1 114 125 2 0 0 0 0 0 45 125 3 0 0 0 1 0 11 123 12 2 0 0 0 7 44 58 1 0 0 0 2 58 125 75 0 0 0 0 0 10 103 125 23 0 0 0 0 3 74 125 16 0 0 0 0 0 39 125 34 0 0 0 0 85 111 13 2 0 0 0 0 31 90 97 45 0 0 0 0 31 111 56 60 1 0 0 0 3 13 75 125 4 0 0 0 47 55 7 1 0 0 0 0 34 48 24 12 0 0 0 0 34 42 18 46 9 0 0 0 6 6 6 62 22 0 0 0;
<CIRCLE 149 129 1.26134 0 2.13912e-07>; 0 0 2 14 4 17 47 8 0 0 12 31 27 60 63 2 0 0 54 45 5 27 128 54 0 0 105 73 0 0 49 44 2 5 18 72 12 2 2 0 0 0 43 128 59 2 0 0 0 0 128 128 15 3 11 8 0 0 128 128 0 0 37 22 2 2 39 102 7 0 0 0 0 0 10 117 128 35 16 2 0 0 29 54 44 40 128 52 7 8 9 11 5 3 97 58 5 17 72 57 5 1 3 2 11 22 29 22 27 8 12 18 3 4 3 11 57 23 51 26 11 17 6 21 27 16 26 9;
<CIRCLE 252 109 1.26134 0 2.08313e-07>; 7 15 46 98 30 0 0 0 2 8 46 58 19 0 1 0 2 74 84 6 0 0 0 0 0 33 89 10 0 0 0 0 0 16 117 74 3 0 0 0 6 29 117 117 27 0 0 0 31 117 117 31 0 0 0 0 8 66 117 29 0 0 0 0 0 29 66 46 16 0 0 0 65 25 23 117 117 0 0 1 117 65 17 56 17 0 0 1 67 47 30 71 20 0 0 0 3 24 17 18 19 23 55 4 57 7 4 32 117 26 16 4 102 27 2 41 22 1 3 4 83 21 5 42 20 0 0 0;
<CIRCLE 251 108 1.06066 0 2.06797e-07>; 3 11 41 100 35 0 0 0 1 1 26 66 31 1 1 0 3 44 59 11 0 0 1 0 0 54 69 4 0 0 0 0 0 9 120 82 2 0 0 0 0 5 120 120 12 0 0 0 9 93 120 54 1 0 0 0 3 76 115 13 0 0 0 0 0 23 94 39 4 0 0 0 8 17 48 120 110 0 0 0 120 114 46 70 24 0 0 0 33 38 51 72 12 0 0 0 1 31 33 26 8 0 0 0 17 8 11 67 120 0 0 0 120 23 0 20 31 0 0 3 29 14 2 71 28 0 0 0;
<CIRCLE 56 151 1.06066 0 1.89237e-07>; 0 1 31 38 0 0 8 15 5 5 37 12 0 0 11 24 1 0 59 45 0 0 12 9 0 3 92 58 1 0 13 1 0 5 31 15 3 2 10 10 0 5 67 141 51 8 5 11 2 0 141 141 28 10 26 18 6 8 141 141 0 0 46 77 1 8 19 9 5 0 0 0 0 2 11 65 115 88 41 0 2 0 34 71 43 78 141 85 3 1 16 15 1 2 141 141 0 1 4 7 2 3 1 0 0 2 33 20 2 14 14 0 0 0 32 32 1 12 53 10 0 1 18 23 1 2 24 9;
<CIRCLE 57 164 0.891905 0 1.87889e-07>; 0 0 3 15 4 0 31 16 0 2 18 13 1 0 37 43 1 3 78 25 0 0 14 46 0 0 102 74 0 0 15 5 2 2 1 28 11 0 11 15 0 0 60 133 56 5 7 1 1 1 133 133 15 4 15 13 7 1 133 112 0 0 20 80 0 4 10 46 35 2 0 0 0 0 4 88 133 86 42 1 1 0 19 51 20 41 133 77 1 0 10 3 0 0 113 133 0 1 3 10 15 3 0 0 0 0 0 1 15 37 45 7 0 0 0 0 0 7 120 49 0 0 0 0 0 0 85 68;
<CIRCLE 122 151 2.52269 0 1.79306e-07>; 30 21 17 42 15 0 0 0 50 48 10 6 1 0 0 0 36 49 45 29 3 0 0 2 0 1 60 109 8 0 0 0 15 126 126 7 0 0 0 0 35 126 100 19 1 0 0 0 29 34 126 126 6 0 0 0 0 0 126 126 9 0 1 7 3 77 42 0 0 0 75 14 12 126 101 23 3 3 31 23 1 22 110 126 35 36 46 7 0 0 57 54 1 4 58 58 2 1 1 0 0 0 55 21 2 2 1 0 0 7 51 17 0 0 0 0 2 32 57 2 0 0 0 0 1 8 59 9;
<CIRCLE 142 109 1.06066 0 1.78426e-07>; 6 7 28 21 21 20 1 8 74 27 3 1 1 2 0 48 44 6 0 1 14 10 7 28 0 0 0 13 96 32 2 0 7 54 110 13 2 0 25 43 69 126 8 0 0 0 27 84 73 50 0 0 6 15 24 57 2 0 0 0 27 82 56 8 1 6 6 0 0 0 126 126 8 10 7 2 0 0 126 126 15 4 11 16 1 1 92 109 0 0 10 62 41 20 36 16 0 0 36 45 4 1 65 35 0 1 126 37 0 0 26 16 0 0 126 85 1 0 6 1 0 0 84 126 11 0 0 0;
<CIRCLE 238 114 2.12132 0 1.7576e-07>; 6 138 31 0 0 0 0 0 1 53 104 66 1 0 0 0 7 97 73 41 0 0 0 0 2 28 80 74 0 0 0 0 19 97 13 0 0 0 5 16 3 30 66 42 3 7 44 12 4 66 58 25 1 9 53 7 0 13 68 67 7 12 10 0 11 8 0 0 0 0 128 138 2 1 1 2 1 10 138 103 1 2 2 2 1 75 138 10 0 0 2 6 6 136 138 0 0 0 2 1 0 0 43 116 0 0 8 9 0 1 42 24 0 0 9 14 0 16 37 0 0 0 4 9 1 39 49 0;
<CIRCLE 122 148 4.24264 0 1.67103e-07>; 0 1 10 67 50 0 0 0 21 62 11 22 6 0 0 0 28 35 18 22 1 1 3 4 0 0 21 88 18 8 3 0 0 50 127 96 10 0 0 0 13 127 88 14 1 0 0 0 9 46 127 127 0 0 0 0 8 1 121 127 0 0 7 29 4 51 66 13 0 0 35 24 9 124 88 14 1 1 18 17 2 13 112 122 7 12 24 6 127 3 38 35 0 1 18 127 0 0 0 0 0 0 24 34 2 1 0 0 0 1 24 20 3 0 0 1 1 15 33 5 127 12 0 0 0 3 9 31;
<CIRCLE 167 123 1.5 0 1.66002e-07>; 13 25 32 5 1 1 25 58 4 2 2 9 8 50 29 27 16 6 3 8 8 22 7 8 16 3 2 1 1 0 2 13 2 2 69 106 1 4 69 67 1 10 121 121 8 9 10 14 38 84 71 37 8 5 0 1 27 22 2 0 1 0 2 12 0 0 121 121 0 6 26 1 3 20 119 97 1 16 30 6 31 121 79 10 4 14 5 0 7 121 121 1 0 0 0 1 0 0 4 7 2 37 106 4 0 0 0 22 36 32 101 20 0 27 58 67 118 25 13 0 0 70 121 9 3 0 1 0;
<CIRCLE 151 171 1.06066 0 1.42048e-07>; 162 4 0 0 0 0 0 1 162 6 0 0 1 0 0 2 25 3 0 1 13 1 0 2 57 4 0 0 0 0 0 3 162 4 0 0 0 0 0 7 162 43 8 1 1 0 0 0 22 23 31 21 10 0 0 0 49 49 8 1 0 0 0 0 162 5 0 0 0 0 0 7 143 43 46 16 5 0 0 0 2 45 155 23 3 0 0 0 5 108 81 0 0 0 0 0 162 5 0 0 0 0 0 3 91 5 4 17 42 0 0 0 0 14 41 26 35 0 0 0 1 53 53 0 0 0 0 0;
<CIRCLE 143 89 0.891905 0 1.41699e-07>; 0 0 0 0 0 2 187 36 0 0 0 0 0 0 187 71 0 0 0 0 0 0 187 73 0 0 0 0 1 2 187 57 0 3 38 11 0 1 156 34 4 37 45 0 0 0 152 51 3 27 25 11 0 0 142 32 0 5 26 20 8 5 84 9 5 7 41 19 4 5 2 7 57 32 23 0 0 0 0 21 33 18 7 5 7 4 0 7 4 4 7 21 27 5 1 2 6 5 6 1 5 6 6 12 34 16 3 0 0 0 0 21 26 27 0 0 1 3 2 3 2 0 0 5 58 15 5 1;
<CIRCLE 260 93 1.5 0 1.34161e-07>; 3 6 12 7 7 0 0 2 2 6 6 9 30 3 1 10 0 2 3 43 130 2 0 0 1 8 16 7 6 0 0 0 0 85 130 5 0 0 0 0 0 43 130 63 16 0 0 0 0 0 54 130 72 0 0 0 0 1 59 38 2 0 0 0 11 130 130 16 0 0 0 0 0 58 130 68 0 0 0 0 0 3 130 130 2 0 0 0 0 0 83 62 0 0 0 0 13 114 52 9 0 0 0 0 0 33 130 21 0 0 0 0 0 26 130 26 0 0 0 0 0 1 57 30 0 0 0 0;
<CIRCLE 164 86 3.56762 0 1.30223e-07>; 39 35 63 7 0 0 3 9 30 42 111 39 14 3 4 14 154 32 17 21 10 1 0 28 75 35 3 0 0 0 0 2 2 19 51 4 0 6 154 42 17 8 63 7 0 0 154 151 154 12 7 2 0 0 57 154 43 32 5 0 0 0 0 9 9 7 1 9 56 24 154 27 13 28 8 2 7 4 154 55 16 29 6 0 0 0 29 45 11 38 4 0 0 0 0 0 14 4 1 18 53 22 4 7 23 8 6 12 6 5 6 16 5 21 11 9 1 1 2 0 12 26 3 0 0 0 0 0;
<CIRCLE 125 119 0.891905 0 1.17678e-07>; 50 62 7 21 14 2 0 0 129 69 0 0 4 19 26 23 34 15 4 1 2 34 129 58 0 0 22 14 0 0 129 71 71 15 0 1 16 35 10 2 129 113 13 0 0 0 0 1 54 92 126 39 0 0 1 3 0 0 129 129 0 0 0 0 16 3 0 0 12 34 4 9 46 57 69 30 11 0 0 6 4 31 129 82 3 0 1 1 0 0 129 109 0 0 10 3 0 1 2 6 19 10 1 2 0 1 7 16 40 22 10 4 0 0 19 14 7 11 69 41 0 0 7 4 0 0 91 45;
<CIRCLE 107 147 0.891905 0 1.12723e-07>; 20 144 27 3 0 0 0 0 0 41 28 65 58 0 0 0 28 19 0 39 47 0 0 0 23 12 0 3 45 3 0 0 13 144 36 0 0 0 1 1 1 144 105 38 14 0 0 0 19 70 59 49 18 0 0 0 20 49 15 5 17 5 0 1 23 100 3 0 0 1 15 6 6 144 144 4 0 0 0 0 1 144 144 8 0 0 0 0 2 144 128 2 0 0 0 0 4 1 0 0 0 1 6 3 2 19 22 0 0 1 2 1 1 41 47 1 1 0 0 0 0 80 92 1 0 0 0 0;
<CIRCLE 42 99 0.891905 0 1.06536e-07>; 111 3 2 3 19 3 0 11 70 15 45 8 2 0 0 1 0 10 28 4 7 2 2 0 0 1 7 0 0 1 5 0 85 34 12 20 10 0 0 2 25 63 126 122 33 3 0 0 59 126 86 11 1 0 0 0 14 18 17 0 0 0 0 0 99 19 3 5 22 9 0 9 34 34 15 52 126 91 5 3 126 126 9 6 16 8 5 0 61 15 0 0 0 0 0 2 126 25 0 3 13 5 0 8 23 15 0 101 126 41 1 3 126 126 0 53 32 3 1 0 77 36 2 1 0 0 0 0;
<CIRCLE 239 113 3 0 1.0032e-07>; 25 123 24 0 0 0 0 0 0 89 123 45 0 0 0 0 0 95 123 48 0 0 0 0 0 57 123 35 0 0 0 0 16 122 14 0 0 0 3 10 4 62 98 29 0 2 28 10 0 51 112 39 2 9 26 1 0 36 107 37 1 5 4 0 11 11 0 0 0 1 96 123 3 5 4 3 0 8 123 93 0 3 7 6 2 89 123 2 1 9 7 6 2 83 123 2 0 0 3 2 0 0 30 101 0 0 11 11 0 1 23 19 0 0 8 16 1 16 23 0 0 0 4 7 0 26 45 0;
<CIRCLE 102 86 1.06066 0 9.51627e-08>; 1 3 11 26 36 8 0 0 2 4 33 78 25 1 0 0 3 19 78 42 7 0 1 4 1 5 47 126 4 0 0 3 13 11 14 36 35 6 0 2 0 0 44 127 127 13 1 0 0 14 127 86 21 10 19 0 0 7 127 95 2 3 6 0 10 17 35 54 43 2 0 0 9 6 29 72 127 72 41 9 4 7 31 16 29 117 127 14 3 7 33 2 23 119 59 5 0 0 25 66 42 0 0 0 95 22 24 32 25 3 8 12 53 10 0 13 63 40 43 21 6 0 0 9 127 52 6 2;
<CIRCLE 106 145 1.78381 0 9.00608e-08>; 0 3 17 53 80 9 0 0 4 25 31 40 33 1 0 0 2 1 4 69 63 0 0 0 51 21 2 12 9 0 0 0 0 34 135 135 10 0 0 0 0 135 135 62 10 0 0 0 4 33 52 81 22 0 0 0 78 20 6 8 3 0 0 3 1 20 104 111 0 1 3 1 8 135 98 10 0 0 2 3 1 135 135 8 0 0 0 0 23 135 77 3 0 0 0 0 0 0 0 1 0 1 26 6 2 13 6 0 0 0 37 12 1 47 45 0 0 2 37 2 4 113 58 0 0 0 14 5;
<CIRCLE 117 91 1.06066 0 8.92475e-08>; 3 0 5 40 23 28 6 2 13 1 23 28 23 34 30 18 9 0 2 0 2 26 122 50 0 2 5 0 1 13 122 22 6 0 1 21 34 80 45 19 43 1 7 17 4 21 122 122 13 0 0 0 21 122 122 120 4 5 8 4 12 79 84 22 30 5 0 0 17 44 19 13 122 51 0 6 5 9 39 89 41 28 2 52 118 89 36 29 49 7 0 7 37 43 80 60 33 20 0 3 9 12 5 6 109 63 1 9 4 4 2 5 35 29 5 59 59 14 0 4 102 14 0 13 45 1 0 5;
<CIRCLE 163 71 1.78381 0 8.7964e-08>; 41 1 0 0 1 2 5 27 41 2 0 1 66 11 6 26 93 1 0 1 140 11 0 1 140 4 0 0 2 0 0 5 36 47 8 5 1 0 0 1 31 51 29 34 63 0 0 1 124 1 3 46 140 0 0 2 140 14 3 1 2 0 0 4 0 41 54 13 1 0 0 0 0 39 107 60 11 0 0 0 140 4 15 88 40 0 0 11 140 3 0 0 0 0 0 17 0 3 53 7 0 0 38 6 0 2 65 15 0 0 62 23 68 1 9 15 0 0 26 140 123 0 1 0 0 0 1 90;
<CIRCLE 138 141 1.26134 0 8.20979e-08>; 0 0 32 49 4 0 0 0 0 1 20 56 21 3 0 0 0 0 28 124 16 3 2 0 8 17 48 46 8 3 9 4 0 9 69 51 1 0 0 0 4 11 86 124 14 1 0 0 29 18 33 82 11 6 6 7 4 2 2 13 22 16 21 4 0 1 12 51 31 7 0 0 17 3 33 118 50 15 33 47 58 10 76 74 1 1 9 84 1 0 124 124 5 7 4 1 0 0 80 94 14 10 0 0 2 0 124 124 6 9 19 16 3 0 124 124 0 0 17 23 0 1 124 124 0 0 38 27;
<CIRCLE 166 85 2.52269 0 7.6663e-08>; 2 38 95 21 0 0 2 0 51 25 91 96 24 0 3 24 160 9 3 17 8 0 0 65 51 11 3 0 0 0 0 5 0 2 49 5 0 1 160 52 22 1 33 11 0 3 160 160 144 4 10 3 0 0 25 160 22 11 16 1 0 0 0 6 8 52 30 14 9 7 160 36 5 20 20 5 9 18 145 47 16 14 10 2 1 1 8 32 21 15 6 0 0 0 0 0 7 31 15 8 11 10 33 21 5 17 15 2 1 8 16 3 13 16 9 1 0 1 1 1 8 12 10 0 0 0 0 0;
<CIRCLE 157 104 1.5 0 7.4036e-08>; 3 13 20 42 68 55 44 20 7 25 12 0 4 17 73 47 2 4 5 1 2 28 66 11 7 2 8 4 0 26 16 6 1 58 102 112 110 22 20 13 11 118 118 0 0 1 34 58 10 76 55 1 0 15 37 48 3 5 5 8 5 42 26 11 0 6 13 20 72 118 118 51 8 29 53 11 0 0 118 118 7 18 57 70 5 0 73 106 2 2 61 118 9 2 12 10 0 3 38 95 56 21 26 8 4 10 88 22 0 0 18 21 3 4 46 49 25 8 2 3 2 0 12 35 26 24 7 0;
<CIRCLE 204 119 4.24264 0 7.39114e-08>; 10 33 1 0 0 0 0 0 74 49 0 0 0 0 0 0 46 76 63 18 0 0 0 0 8 135 71 6 0 0 0 0 21 31 2 0 0 0 0 3 68 39 0 0 0 0 6 36 26 24 19 16 0 1 57 42 17 53 11 4 0 0 65 83 49 44 14 0 0 0 20 135 15 2 0 0 0 0 109 135 3 0 0 0 0 0 135 135 0 0 1 0 0 0 115 135 22 4 1 0 0 0 69 135 0 0 0 0 0 0 110 135 0 0 0 0 1 1 60 77 0 0 1 4 5 0 12 19;
<CIRCLE 219 120 1.26134 0 7.1773e-08>; 9 20 5 15 5 0 0 1 4 7 3 31 16 3 12 1 34 18 1 2 0 0 6 4 9 12 10 2 0 0 1 3 7 8 3 6 3 2 97 130 1 1 5 12 3 45 130 63 7 7 1 2 0 82 130 11 3 4 4 0 0 9 97 120 0 0 38 59 1 0 88 128 3 3 130 88 1 20 63 31 11 5 66 14 3 49 63 58 18 0 2 0 0 5 52 130 0 0 18 58 21 8 22 12 12 4 46 49 13 11 89 124 12 4 16 0 0 0 55 130 2 0 3 2 0 0 17 103;
<CIRCLE 200 124 1.78381 0 6.86931e-08>; 18 19 4 0 0 0 0 4 10 23 13 7 1 0 0 1 73 29 4 1 0 0 0 1 18 13 4 31 14 3 12 6 16 12 5 0 0 0 4 12 12 10 11 5 0 0 41 68 51 13 2 0 0 0 83 133 7 2 1 8 4 4 133 133 5 1 0 0 0 0 126 133 0 0 5 3 0 0 133 133 0 0 20 23 0 0 133 133 0 0 21 47 2 1 52 73 0 0 7 15 0 0 87 133 0 0 31 36 1 0 47 59 2 1 33 28 0 0 38 89 0 0 5 7 0 0 71 113;
<CIRCLE 139 96 1.5 0 6.72434e-08>; 0 5 61 35 10 29 108 0 2 3 37 48 13 10 117 12 54 45 30 8 1 1 115 38 20 14 13 27 24 6 76 13 7 117 117 10 0 0 2 7 9 65 117 19 16 5 5 19 80 80 15 2 3 1 4 34 63 25 1 9 81 29 5 7 17 46 41 4 0 1 117 117 12 39 60 13 1 0 117 117 31 57 27 1 0 0 43 114 44 20 22 36 39 9 4 18 6 44 73 22 3 2 63 21 10 16 40 42 27 6 21 15 72 42 25 4 3 1 2 31 12 3 5 28 71 11 1 7;
<CIRCLE 209 119 2.12132 0 6.66292e-08>; 46 12 1 0 0 0 0 3 86 27 4 17 3 0 0 0 3 4 15 75 13 0 0 0 7 17 14 29 0 0 0 0 41 31 11 0 0 0 0 4 66 35 7 24 7 2 20 19 1 2 13 52 13 5 98 71 6 4 5 8 0 20 122 32 19 8 4 0 0 0 82 122 21 4 1 4 2 2 122 122 0 0 5 30 10 8 122 122 5 3 14 21 2 25 122 102 0 0 10 7 0 0 96 122 0 0 12 18 0 0 63 100 0 0 2 19 9 5 114 100 2 0 2 5 1 1 96 122;
<CIRCLE 160 117 1.5 0 6.54276e-08>; 2 6 57 29 6 1 19 17 4 6 52 28 10 3 6 8 0 0 16 49 40 25 4 0 32 9 7 7 2 11 6 2 4 74 123 8 3 0 6 14 6 42 123 19 3 1 8 23 12 18 20 7 13 27 18 32 12 3 0 0 5 53 18 9 9 31 54 3 5 8 123 123 8 25 49 15 0 2 123 123 11 8 45 70 2 8 59 103 3 8 60 65 16 29 10 6 0 0 77 58 0 2 80 56 0 0 123 123 0 1 38 25 0 0 123 123 0 1 10 2 10 52 108 60 0 3 2 0;
<CIRCLE 164 138 1.5 0 5.7835e-08>; 7 5 2 2 0 7 43 11 0 0 4 23 6 22 63 3 0 0 2 70 69 10 26 4 0 5 23 32 62 5 2 0 7 10 65 65 1 2 4 2 1 2 131 131 3 1 1 0 2 3 61 131 21 1 2 3 0 0 0 23 25 6 24 11 0 0 99 109 0 0 15 17 2 2 68 64 0 1 51 35 6 4 21 10 0 0 52 63 0 0 0 1 0 0 84 131 0 0 2 3 0 3 64 34 0 0 0 0 0 0 111 129 0 0 0 0 0 0 131 131 0 0 0 0 0 13 131 131;
<CIRCLE 112 122 0.891905 0 5.62407e-08>; 34 6 0 4 74 42 5 19 56 25 37 14 0 0 0 11 0 8 83 17 0 0 0 0 5 56 47 6 1 0 0 0 2 0 1 16 68 49 5 10 5 7 72 119 59 1 0 6 36 108 119 50 8 0 0 0 56 40 18 1 0 0 3 46 0 0 1 115 93 5 0 0 3 6 9 119 119 6 0 3 119 88 19 34 43 6 0 23 119 61 2 0 0 0 3 37 0 0 0 61 119 5 0 0 5 4 1 57 102 19 0 5 106 17 0 4 11 4 0 51 117 96 5 0 0 0 0 6;
<CIRCLE 204 120 3.56762 0 5.40947e-08>; 13 27 3 0 0 0 0 0 76 41 0 0 0 0 0 0 51 41 25 43 0 0 0 0 12 96 22 26 0 0 0 0 23 22 3 0 0 0 0 5 65 42 0 0 0 0 9 44 28 20 11 23 1 1 76 54 9 20 6 10 0 0 111 69 31 24 10 0 0 0 42 132 10 4 0 0 0 0 132 132 3 0 0 0 0 0 132 132 0 0 0 0 0 0 132 132 15 3 0 0 0 0 79 132 0 0 0 0 0 0 113 132 0 0 0 0 1 0 73 103 0 0 1 5 2 0 23 34;
<CIRCLE 138 142 1.06066 0 5.10901e-08>; 0 6 46 29 2 0 0 0 0 3 26 76 22 2 0 0 1 3 14 106 16 4 2 0 4 3 6 27 15 12 24 5 0 10 53 57 6 0 0 0 11 9 88 128 16 0 2 6 61 27 41 42 1 1 2 25 6 1 2 9 14 12 10 3 0 0 3 52 44 14 3 0 15 1 19 70 43 19 49 62 48 5 80 79 0 0 10 99 2 0 128 128 1 4 3 3 0 0 95 99 11 10 2 0 1 0 128 128 2 5 15 10 2 0 128 128 0 0 9 12 0 0 128 128 0 0 28 20;
<CIRCLE 35 22 1.06066 0 5.02981e-08>; 13 5 15 37 44 3 13 43 37 4 10 34 18 5 19 95 13 11 63 63 11 2 5 16 42 28 18 10 2 0 0 11 9 1 1 4 8 8 65 129 2 0 0 67 112 92 48 76 24 11 18 61 40 19 99 63 59 35 4 1 1 1 81 51 1 0 0 0 4 13 117 114 3 0 0 0 56 129 75 28 30 0 0 0 9 49 129 129 7 0 0 0 1 22 129 74 1 0 0 0 6 3 11 5 13 0 0 1 74 21 4 4 129 5 1 0 10 6 12 44 21 6 5 6 8 9 23 11;
<CIRCLE 209 118 3 0 4.94867e-08>; 31 24 1 0 0 0 0 0 103 43 6 12 0 0 0 0 10 22 21 83 4 0 0 0 18 123 13 8 0 0 0 0 41 29 2 0 0 0 0 2 77 42 7 17 1 0 13 19 3 7 14 57 3 3 82 31 20 40 5 5 0 3 79 56 12 14 2 0 0 0 72 123 21 7 0 1 0 2 123 123 0 0 0 1 4 14 123 121 1 0 0 0 0 5 123 123 0 0 0 0 0 0 95 123 1 0 0 0 0 1 83 123 0 0 0 1 1 4 104 116 0 0 4 6 0 0 29 74;
<CIRCLE 7 179 10.0908 0 4.56663e-08>; 0 0 0 0 0 0 0 0 0 7 30 4 0 0 0 0 0 9 92 32 0 0 0 0 0 3 61 89 27 0 0 0 0 0 0 0 0 0 0 0 3 46 66 2 0 0 0 0 2 57 167 112 0 0 0 0 0 0 167 167 39 0 0 0 0 0 0 0 0 0 0 0 0 17 129 20 0 0 0 0 0 15 167 167 5 0 0 0 1 0 167 167 1 0 0 0 0 0 0 0 0 0 0 0 0 0 1 1 0 0 0 0 0 0 1 5 1 0 0 0 0 0 0 1 0 0 0 0;
<CIRCLE 34 99 1.06066 0 4.5543e-08>; 18 22 7 0 0 0 0 0 6 3 4 26 19 1 0 0 12 0 7 39 95 7 0 2 122 7 4 2 24 5 0 11 22 11 12 10 2 0 0 4 5 8 53 122 49 0 0 0 40 63 122 109 27 0 0 1 111 37 32 43 22 1 0 3 1 3 27 14 11 2 0 0 4 5 13 100 122 67 0 3 122 83 28 41 66 34 0 16 112 22 6 17 62 33 0 13 5 7 4 2 3 3 0 0 2 3 1 45 122 52 0 1 122 90 5 80 101 20 0 3 122 37 1 30 62 8 0 6;
<CIRCLE 152 186 1.06066 0 4.49241e-08>; 157 21 0 0 5 0 0 5 31 6 0 12 116 7 0 0 1 6 2 5 35 6 3 8 3 16 8 0 2 1 2 3 157 4 0 1 7 0 0 21 34 3 5 51 134 2 0 2 0 32 49 26 32 2 1 3 0 24 35 2 7 4 2 1 157 3 0 0 10 0 0 11 31 0 1 11 157 14 0 4 0 17 43 20 96 8 0 0 0 43 121 34 18 0 0 0 157 3 0 0 8 0 0 10 25 2 0 8 157 3 0 0 0 0 0 5 124 8 0 0 0 3 19 31 126 6 0 0;
<CIRCLE 258 109 1.5 0 4.3533e-08>; 4 54 47 41 7 0 0 0 1 83 115 4 0 0 0 0 0 85 115 8 0 0 0 0 0 24 99 30 0 0 0 0 9 57 115 92 6 0 0 0 9 108 115 20 0 0 0 0 17 115 115 9 0 0 0 0 0 46 88 14 0 0 0 0 82 46 21 84 49 0 0 0 76 67 50 85 11 0 0 0 115 115 47 17 0 0 0 0 3 67 58 3 0 0 0 0 49 11 0 15 32 56 64 11 57 24 9 48 21 21 32 8 99 58 23 7 0 1 11 7 2 43 35 3 0 0 1 0;
<CIRCLE 209 120 1.78381 0 4.35075e-08>; 43 19 2 1 0 0 0 1 67 22 4 21 8 0 0 0 2 8 14 61 26 0 0 0 4 8 9 29 6 1 4 1 59 24 7 3 0 0 0 6 48 25 5 24 13 4 31 26 2 4 7 41 21 7 113 116 2 2 5 8 4 24 123 65 23 5 1 0 0 0 98 123 13 2 3 9 2 2 123 123 0 0 12 60 6 6 123 123 5 4 56 58 9 15 87 71 0 0 18 16 0 0 87 119 0 0 25 42 0 0 42 67 0 0 7 44 7 6 87 78 2 0 5 13 4 5 123 123;
<CIRCLE 126 132 1.06066 0 4.33648e-08>; 13 10 12 28 4 0 1 13 81 33 16 0 0 0 8 90 23 25 20 14 0 4 76 69 3 8 10 10 0 1 52 109 20 58 34 16 1 0 0 5 41 109 124 37 6 0 16 63 34 124 120 0 0 0 29 91 29 59 38 12 2 0 8 25 45 35 16 9 1 0 2 11 98 15 21 19 6 0 59 124 36 28 37 26 0 0 85 124 16 7 52 61 1 0 8 28 77 41 6 0 0 0 0 3 124 60 23 6 0 0 1 30 17 15 99 78 0 0 3 9 0 0 98 73 0 0 0 0;
<CIRCLE 202 122 2.52269 0 4.25954e-08>; 31 13 3 0 0 0 0 1 47 18 3 0 0 0 0 3 78 29 4 22 4 0 0 0 2 3 14 53 8 0 5 2 19 24 2 1 1 0 1 5 34 33 16 0 0 0 17 46 54 24 4 13 5 3 77 108 0 1 7 24 6 8 128 97 13 8 2 1 0 0 85 128 5 2 6 3 0 0 128 128 5 0 9 17 2 1 128 128 0 0 5 29 11 7 123 97 4 1 2 9 1 0 80 128 0 0 14 16 0 0 82 111 0 0 8 7 0 0 78 128 0 0 1 1 0 0 65 83;
<CIRCLE 57 165 1.26134 0 4.23209e-08>; 2 2 19 19 2 0 8 12 0 1 24 24 3 0 28 30 0 1 73 39 0 0 21 36 4 11 87 35 0 0 17 7 6 7 5 10 3 0 6 22 0 1 40 119 69 18 21 7 2 0 119 119 16 11 64 64 25 14 99 44 0 0 35 119 1 12 14 11 7 0 0 0 0 0 2 31 62 51 48 5 0 0 0 8 7 21 119 99 2 0 0 0 0 0 84 119 3 3 0 0 1 0 58 33 0 0 6 3 3 4 119 78 0 0 43 31 0 0 119 110 0 0 117 119 0 0 90 72;
<CIRCLE 240 106 1.78381 0 4.1932e-08>; 28 100 57 20 0 0 0 0 6 34 63 114 18 0 0 0 67 114 60 40 2 0 0 0 7 44 61 114 5 0 0 0 15 114 69 20 1 0 0 0 5 30 78 114 17 0 0 0 50 114 59 33 2 0 0 0 3 20 64 114 8 0 0 0 5 75 67 10 0 0 0 0 5 35 69 109 3 0 0 0 13 114 83 19 0 0 0 0 0 7 96 94 6 0 0 0 9 22 9 3 1 4 54 47 5 8 7 27 9 22 114 20 8 19 21 7 1 35 113 12 2 1 18 33 18 34 40 0;
<CIRCLE 148 32 14.2705 0 4.18987e-08>; 0 0 0 0 0 0 0 0 0 0 0 0 2 0 0 0 1 0 0 0 1 0 0 0 10 1 0 0 0 0 0 0 0 0 0 12 25 10 2 0 0 0 16 56 41 0 0 0 53 17 24 19 18 0 0 1 144 14 0 0 0 0 1 35 0 0 0 80 76 6 1 0 2 11 91 144 86 11 4 3 144 130 110 37 5 3 5 14 144 73 5 0 0 0 4 66 0 0 2 94 79 0 0 0 2 2 8 63 100 49 26 8 115 50 6 7 5 12 28 52 144 144 37 0 0 0 4 29;
<CIRCLE 138 128 1.26134 0 3.88025e-08>; 3 0 7 13 5 10 114 60 0 0 3 9 18 18 114 94 0 0 1 4 2 10 114 91 0 0 0 8 6 27 88 25 9 0 4 21 6 10 50 106 3 6 51 112 31 36 60 33 20 48 114 34 3 2 32 57 1 5 20 87 16 8 18 3 5 12 19 66 34 1 7 17 6 3 36 114 97 34 34 23 64 39 69 57 2 5 25 66 3 6 42 114 15 0 0 0 4 2 21 80 17 0 0 3 0 1 36 77 30 9 8 3 0 1 72 114 6 0 5 6 3 16 102 101 7 0 0 0;
<CIRCLE 88 143 1.5 0 3.77419e-08>; 1 3 5 12 5 2 0 1 1 4 21 15 2 1 1 0 0 4 26 13 6 5 1 0 0 0 4 12 58 10 0 0 4 8 10 24 5 0 0 1 4 7 31 20 7 5 11 2 0 2 61 78 15 5 5 0 0 0 84 109 22 0 0 0 2 3 127 83 3 0 0 1 1 4 134 134 0 0 0 0 0 0 134 134 2 0 0 0 0 0 134 134 0 0 0 0 0 0 134 112 3 0 0 0 0 0 134 126 0 0 0 0 0 0 130 79 0 1 1 0 0 0 38 39 0 0 2 0;
<CIRCLE 148 61 2.52269 0 3.67497e-08>; 0 1 148 53 1 0 0 0 0 6 148 12 1 0 0 0 0 2 148 24 2 0 0 0 0 7 148 12 0 0 0 0 13 6 148 84 51 0 0 5 23 9 148 4 0 1 26 41 4 5 148 3 0 5 58 34 10 10 139 3 15 18 27 61 52 2 0 10 84 0 0 4 123 3 0 1 0 1 10 33 30 10 3 10 6 10 26 21 53 20 4 8 49 9 6 33 41 10 0 2 66 0 0 1 72 34 29 5 0 0 0 4 6 22 50 34 2 0 0 0 8 44 58 30 12 0 0 0;
<CIRCLE 153 136 3.56762 0 3.33234e-08>; 0 0 12 18 3 6 20 6 0 1 10 45 24 36 12 4 6 5 29 36 4 5 6 11 4 24 43 14 1 1 0 0 0 0 18 57 3 2 7 1 0 0 20 87 30 10 2 0 0 0 33 77 21 15 3 0 1 18 49 51 26 4 7 23 0 0 65 96 0 0 0 1 1 0 78 99 3 1 43 31 0 0 52 75 3 1 134 87 0 0 7 20 5 0 134 134 23 0 36 36 0 0 4 28 124 0 10 9 0 0 98 134 22 0 0 0 0 0 134 134 0 0 0 0 0 3 134 132;
<CIRCLE 113 122 1.26134 0 3.25327e-08>; 44 15 0 8 119 33 5 8 58 36 26 13 6 2 0 4 29 41 39 11 6 0 0 0 18 32 14 47 84 25 1 0 11 2 1 20 119 49 4 12 23 34 109 111 45 6 1 9 65 84 99 18 1 0 2 25 21 23 10 3 28 37 14 33 1 1 1 106 119 7 0 0 40 24 15 119 119 12 0 17 119 113 12 7 9 2 1 43 45 32 16 32 36 11 10 25 0 0 0 58 119 6 0 0 37 14 1 23 108 28 0 9 119 67 3 0 2 0 0 19 26 49 24 31 3 0 0 0;
<CIRCLE 160 93 1.06066 0 2.06009e-08>; 36 96 32 0 0 0 8 26 4 22 37 2 10 38 16 21 0 0 9 6 71 98 2 0 26 5 1 2 36 40 7 13 37 137 137 0 0 0 17 21 15 137 137 3 2 5 12 16 10 103 135 22 29 40 0 5 4 7 28 32 24 39 8 2 30 30 19 6 11 9 137 137 19 58 33 2 16 5 101 79 26 65 60 25 0 3 7 29 18 9 63 45 1 1 1 8 4 4 4 20 18 15 66 26 0 1 1 5 17 19 119 25 0 1 9 8 1 67 58 4 34 2 6 6 1 23 13 19;
<CIRCLE 143 135 1.5 0 2.0321e-08>; 5 8 26 71 33 11 8 10 18 40 50 42 2 1 4 12 0 1 15 122 56 2 0 0 0 0 76 122 57 14 24 4 1 0 22 71 33 7 6 6 6 5 86 122 4 1 3 8 2 19 88 115 53 9 2 1 2 4 3 21 67 45 87 15 0 2 53 122 16 0 0 0 5 8 37 122 30 14 8 1 8 61 49 23 14 15 8 4 6 56 62 31 17 12 9 5 16 6 54 107 19 4 7 17 40 11 65 61 5 7 3 24 0 4 108 122 15 15 1 0 0 11 122 122 0 0 4 5;
<CIRCLE 57 166 2.52269 0 1.93806e-08>; 1 14 8 3 0 0 0 0 0 1 9 16 10 7 5 0 5 4 15 7 2 5 19 15 6 7 5 4 28 1 0 5 6 13 8 1 1 0 0 3 1 2 15 34 18 5 7 3 9 14 54 28 6 3 26 34 8 16 14 6 27 6 16 29 3 9 12 5 1 0 20 28 0 1 60 47 9 6 65 30 1 0 145 135 3 4 72 53 1 0 145 145 7 2 16 25 0 0 145 128 0 0 16 18 0 0 145 145 0 0 10 7 0 0 145 145 0 0 2 3 1 0 124 76 0 0 0 2;
<CIRCLE 245 26 2.52269 0 1.90435e-08>; 33 30 10 2 2 0 2 17 43 69 21 19 8 2 1 5 11 33 23 106 54 8 1 5 5 25 33 66 24 8 1 4 8 0 0 0 7 29 83 71 53 5 1 3 22 62 36 105 14 2 1 13 69 106 43 83 6 1 1 6 46 106 39 59 0 0 0 0 18 63 105 43 81 0 0 0 38 90 28 106 33 0 0 0 84 106 33 106 16 0 0 0 55 106 35 69 2 0 0 0 43 53 44 25 98 0 0 0 58 54 4 75 37 0 0 0 68 70 10 63 17 0 0 0 43 62 19 33;
<CIRCLE 101 6 0.891905 0 1.67638e-08>; 31 10 10 36 59 5 2 10 12 18 12 66 98 17 22 35 50 19 11 21 3 1 12 100 21 43 40 28 0 0 0 11 11 1 4 34 79 47 16 29 44 11 1 20 49 34 119 119 13 1 11 119 119 13 88 77 63 44 43 75 21 3 6 25 22 16 44 70 55 16 1 13 68 99 37 52 30 6 15 42 2 10 22 109 119 36 37 26 29 3 0 9 23 13 65 119 24 12 27 20 3 4 11 111 9 8 12 30 30 10 6 41 19 12 8 27 18 13 26 30 36 7 5 19 30 3 20 87;
<CIRCLE 119 83 1.5 0 1.6055e-08>; 0 0 12 45 22 20 3 3 0 0 20 58 65 21 1 0 0 0 27 42 23 22 17 1 2 0 26 36 68 12 5 5 0 0 76 133 4 0 0 0 0 0 133 133 20 8 3 0 0 0 133 124 14 17 26 0 0 1 133 103 25 15 21 0 2 1 23 60 33 12 2 2 0 0 12 54 34 43 71 25 1 0 26 18 10 43 133 14 4 0 24 14 8 84 133 8 9 0 0 6 16 34 27 26 15 2 0 4 8 33 103 107 6 1 0 1 11 63 96 23 23 12 55 22 23 14 72 21;
<CIRCLE 201 61 0.891905 0 1.57705e-08>; 115 29 5 12 1 0 0 8 15 15 39 73 30 0 12 17 70 24 50 8 3 0 12 90 115 89 5 0 0 0 0 20 61 22 10 5 3 7 9 39 106 18 10 16 11 3 57 115 32 4 3 11 51 5 92 115 112 31 1 7 17 2 3 58 33 21 27 8 10 11 6 43 115 56 3 1 1 2 6 78 42 57 23 12 42 3 20 41 110 0 0 1 11 2 10 115 106 17 14 1 0 0 3 89 25 13 7 8 11 0 5 82 82 69 7 1 2 0 5 31 115 38 0 0 0 0 3 67;
<CIRCLE 229 121 2.52269 0 1.56373e-08>; 9 21 13 30 1 0 4 1 28 128 8 0 0 0 2 10 9 78 63 24 1 3 23 16 2 45 56 31 1 6 37 4 5 4 6 11 0 25 148 54 18 18 0 0 0 7 148 148 8 9 3 2 1 5 148 148 1 3 4 5 1 52 148 17 5 2 10 19 4 12 116 148 2 0 4 2 0 3 73 148 0 0 16 12 0 0 46 61 0 0 12 21 0 9 27 2 0 0 2 6 0 0 55 71 0 0 15 14 0 0 5 21 0 0 21 18 1 0 0 0 0 0 14 14 0 0 0 0;
<CIRCLE 119 84 3 0 1.43178e-08>; 0 0 3 34 27 0 0 0 0 0 1 35 62 0 0 0 0 0 3 63 145 0 0 0 9 2 0 23 145 2 0 0 0 0 35 79 9 0 0 0 0 0 34 135 28 4 4 0 0 0 35 108 127 28 23 0 1 2 1 24 145 131 73 0 1 1 14 40 30 29 2 0 6 0 8 32 13 19 59 19 0 0 21 40 39 56 111 3 1 12 52 20 26 140 145 2 8 4 4 22 30 3 0 1 31 14 2 3 8 2 7 11 2 6 18 47 127 44 12 2 11 30 56 22 22 19 27 29;
<CIRCLE 26 7 1.06066 0 1.34451e-08>; 6 34 22 61 54 3 1 3 69 7 2 40 44 1 4 97 85 8 2 1 6 11 19 114 7 6 7 14 25 51 39 16 32 17 7 16 46 72 28 45 114 17 3 13 26 47 17 114 69 13 26 33 82 42 35 114 7 10 33 75 55 25 16 11 70 10 33 15 13 46 26 40 92 64 70 9 11 34 27 63 58 61 92 41 60 20 13 27 9 10 17 37 32 39 60 26 9 14 57 109 50 1 4 14 84 86 59 14 3 2 3 15 53 34 46 23 38 7 15 25 7 18 73 81 27 3 2 3;
<CIRCLE 256 18 8.48528 0 1.29694e-08>; 10 2 0 0 0 0 0 0 1 2 2 0 0 0 0 0 0 0 2 0 0 0 0 0 0 0 0 0 0 0 0 0 194 59 1 0 0 0 1 28 46 62 82 16 1 5 12 12 0 0 72 17 0 4 7 0 0 0 0 0 0 0 0 0 194 6 0 0 0 0 23 194 34 7 11 4 1 41 179 72 0 0 10 4 1 26 103 0 0 0 0 0 0 0 0 0 194 10 0 0 0 4 13 130 29 2 1 0 0 49 98 33 0 0 0 0 0 19 56 0 0 0 0 0 0 0 0 0;
<CIRCLE 117 145 1.26134 0 1.04351e-08>; 51 17 5 19 71 0 0 0 115 33 1 8 8 2 2 2 8 21 15 20 12 6 2 0 61 58 6 1 0 0 0 0 75 22 1 9 63 7 0 4 123 24 5 6 14 8 11 24 26 15 7 52 89 17 11 5 106 41 3 8 3 0 0 1 30 123 84 7 11 5 0 3 73 123 46 17 7 1 0 4 36 16 26 67 60 1 0 11 123 16 2 4 1 0 0 15 1 123 123 1 0 0 1 0 6 123 123 1 0 0 0 0 13 123 123 8 7 0 0 2 44 75 33 67 8 0 0 2;
<CIRCLE 224 26 1.78381 0 1.03799e-08>; 126 1 0 0 0 0 0 30 126 1 0 0 2 3 0 51 40 1 0 3 25 19 4 29 21 2 0 0 0 1 9 32 113 0 0 0 0 0 2 91 126 0 0 0 0 12 6 126 24 0 0 0 4 67 42 86 2 0 0 0 0 9 71 71 113 0 0 0 0 0 5 108 126 0 0 0 1 16 12 126 19 0 0 0 5 66 43 91 4 0 0 0 0 15 65 60 126 0 0 0 0 0 0 69 126 0 0 0 7 15 5 126 14 0 0 0 17 38 18 60 5 0 0 0 2 9 37 38;
<CIRCLE 77 108 2.12132 0 9.80067e-09>; 0 0 5 39 54 0 0 0 0 0 1 47 195 3 0 0 0 6 29 52 57 2 0 0 0 2 46 44 31 2 0 0 0 0 13 49 52 0 0 0 0 0 4 106 195 6 0 0 1 14 50 95 85 4 2 3 0 7 27 38 34 7 0 0 0 1 11 40 47 0 0 0 0 0 2 56 195 21 1 0 1 5 14 38 106 22 12 6 0 4 13 32 41 5 0 0 0 6 21 29 32 0 0 0 0 1 4 60 195 0 0 0 0 2 36 74 83 0 0 0 0 1 62 44 19 3 0 0;
<CIRCLE 100 61 0.891905 0 9.78793e-09>; 45 46 29 24 25 0 10 10 0 8 13 79 112 5 10 16 0 0 11 33 48 22 46 58 18 43 24 52 40 12 8 2 13 2 4 17 43 70 68 25 37 7 6 27 52 26 68 90 3 1 3 62 112 48 66 79 39 5 0 42 112 16 33 24 11 0 16 46 112 108 29 22 48 37 42 32 53 70 14 26 5 8 57 112 112 16 8 13 17 0 0 7 44 17 52 87 32 20 58 93 18 13 4 4 15 3 5 16 112 75 15 5 5 14 23 51 99 14 0 3 38 28 35 43 7 0 1 25;
<CIRCLE 86 71 1.06066 0 8.76081e-09>; 41 79 37 33 28 5 2 3 2 10 26 59 86 26 7 14 17 15 27 41 34 36 33 18 38 51 50 28 12 5 7 6 17 23 27 15 41 60 47 39 45 13 19 42 48 16 56 123 14 5 4 56 123 62 42 75 123 23 12 26 53 22 5 43 27 6 28 42 98 89 32 36 82 29 53 60 51 23 21 96 8 6 32 112 123 26 6 16 52 13 7 38 49 15 4 25 48 22 46 55 7 3 3 13 16 4 9 50 86 10 6 11 1 1 10 69 64 14 8 2 5 3 47 109 53 5 4 8;
<CIRCLE 166 108 2.12132 0 8.27695e-09>; 26 98 26 1 0 12 83 40 14 17 10 3 5 54 65 9 26 42 31 6 7 9 8 3 29 33 38 3 0 0 0 0 61 89 35 29 1 4 65 117 18 13 69 117 20 22 17 36 39 54 66 64 14 7 2 0 59 47 5 0 0 0 0 0 4 50 117 66 14 1 18 28 15 12 53 117 71 42 22 9 104 80 32 13 2 16 14 8 56 69 17 0 0 0 0 2 31 83 117 13 1 0 71 117 18 13 63 70 13 37 60 88 28 38 48 33 12 33 21 11 86 19 2 0 0 0 0 18;
<CIRCLE 77 127 1.78381 0 7.95761e-09>; 3 19 13 16 45 0 0 0 0 2 3 32 181 9 0 0 1 5 32 72 65 3 0 0 0 7 58 45 12 6 2 0 2 28 53 53 40 0 0 0 0 3 17 169 181 15 1 0 11 15 26 121 89 13 11 9 25 20 13 11 9 18 10 7 0 2 33 42 32 16 50 8 0 0 11 61 181 73 9 1 5 3 9 35 90 41 27 10 15 9 9 14 10 8 3 6 6 3 2 25 44 8 12 2 0 0 1 25 181 29 1 0 2 3 12 35 91 18 4 2 6 11 34 23 5 4 1 1;
<CIRCLE 105 115 1.26134 0 7.94979e-09>; 4 25 21 90 95 1 0 0 20 104 62 48 14 0 0 0 40 19 57 106 26 1 0 0 82 31 16 25 10 0 0 0 9 7 5 58 105 44 2 11 88 34 14 22 25 59 50 72 76 16 17 31 69 88 43 11 119 29 6 17 19 1 0 2 16 0 0 6 99 46 2 16 119 0 0 0 64 25 11 97 46 13 0 12 119 64 10 15 80 43 22 13 10 6 1 8 25 5 2 15 72 22 0 3 119 31 3 9 53 1 0 20 7 3 1 21 119 46 3 8 13 11 45 72 37 10 1 9;
<CIRCLE 188 36 0.891905 0 7.3695e-09>; 117 51 3 10 6 0 0 36 24 13 2 55 54 8 10 7 10 4 11 27 32 19 54 41 68 86 29 15 2 0 10 18 67 19 0 7 0 6 10 101 69 20 4 29 12 19 85 111 4 3 5 30 117 74 91 62 117 35 12 31 65 14 5 65 52 16 29 11 5 7 1 25 117 73 58 17 7 2 12 38 11 14 69 97 117 26 20 31 51 0 0 6 43 16 24 117 47 14 21 5 3 2 1 66 19 12 21 46 26 6 1 36 67 20 36 39 8 1 2 27 91 22 8 33 13 0 0 68;
<CIRCLE 216 188 0.891905 0 6.96023e-09>; 35 52 8 0 3 1 0 0 3 13 7 11 57 31 0 0 0 70 30 9 23 17 0 0 2 76 14 0 0 0 0 2 8 120 56 0 0 0 0 0 0 100 41 3 38 33 0 0 0 31 13 6 86 56 0 0 1 94 19 0 5 2 0 0 0 127 127 0 0 0 0 0 0 127 109 4 4 1 0 0 0 52 65 22 41 22 0 0 1 44 18 15 16 10 0 0 0 127 127 0 0 0 0 0 0 127 127 0 0 0 0 0 0 127 127 4 1 0 0 0 0 73 98 15 5 0 0 0;
<CIRCLE 76 89 1.5 0 6.30626e-09>; 0 4 12 15 57 1 0 0 15 2 1 20 173 24 0 5 26 13 40 61 33 17 2 6 3 15 48 69 17 3 1 1 0 0 32 38 58 0 0 0 0 0 21 147 173 19 0 0 6 16 63 162 52 8 3 13 6 23 42 46 19 5 5 8 2 4 28 42 66 1 0 2 1 1 13 69 173 78 6 1 12 4 33 46 53 58 30 49 10 11 23 11 21 39 9 16 8 1 0 14 57 0 0 4 3 1 10 73 173 6 0 2 8 4 38 66 46 9 5 5 17 15 25 13 5 6 1 7;
<CIRCLE 52 11 1.5 0 5.49421e-09>; 68 81 30 34 9 0 0 5 7 21 44 112 69 1 3 13 41 43 54 47 15 2 8 48 33 44 21 12 10 12 27 30 48 19 13 29 33 21 11 75 23 10 13 85 66 21 66 112 22 14 41 97 112 16 41 85 112 66 38 25 7 1 3 20 27 8 43 49 37 26 5 43 48 25 48 77 52 10 13 52 19 4 21 94 112 17 23 85 62 8 18 54 13 5 12 112 60 9 14 28 22 8 14 41 14 4 6 43 63 26 34 21 22 3 14 45 23 15 32 50 13 3 37 112 16 7 5 22;
<CIRCLE 18 9 0.891905 0 5.37435e-09>; 6 18 70 78 27 0 2 11 112 56 64 3 0 0 0 29 94 46 7 0 0 2 8 94 8 5 4 13 42 50 14 17 8 4 3 33 67 13 16 70 128 51 1 0 0 0 15 101 128 68 0 0 0 2 7 79 30 2 7 1 13 66 28 20 24 0 0 2 35 20 18 88 58 4 0 0 0 0 43 128 66 6 5 33 23 2 38 128 13 9 82 65 16 4 4 8 38 1 0 0 2 11 50 56 128 32 6 4 0 0 2 101 17 21 22 98 52 0 4 27 10 13 20 77 54 0 0 0;
<CIRCLE 237 124 6 0 5.28087e-09>; 43 148 72 1 0 0 0 0 5 148 148 0 0 0 0 2 0 67 148 6 0 0 0 0 0 22 148 20 0 0 0 0 19 22 12 1 0 0 74 89 16 57 31 0 0 4 114 142 1 16 94 6 2 63 133 15 1 22 64 0 0 15 71 4 0 0 0 0 1 0 105 129 0 0 4 11 5 2 58 78 0 0 8 27 5 27 45 3 0 0 8 10 1 11 43 0 0 0 0 0 5 13 13 8 0 0 0 4 23 5 0 0 0 0 1 12 25 1 0 0 0 0 4 8 6 0 0 0;
<CIRCLE 101 42 1.06066 0 4.93881e-09>; 51 58 28 43 18 0 0 6 5 4 35 113 67 0 5 14 52 41 45 36 15 0 23 57 26 38 62 27 11 10 3 5 21 9 16 33 24 41 8 40 25 7 11 66 54 17 88 113 13 7 31 113 113 13 48 102 75 30 57 47 13 6 5 20 32 7 32 20 65 80 9 33 58 74 63 59 65 28 23 62 6 9 28 106 113 33 39 68 44 6 2 40 19 5 29 113 27 11 72 44 16 5 3 29 7 11 29 22 52 22 7 14 7 20 42 31 14 6 18 35 2 1 42 113 22 0 4 24;
<CIRCLE 224 25 1.78381 0 3.70222e-09>; 126 4 0 0 0 0 0 22 126 2 0 0 2 2 0 40 46 3 0 6 28 12 2 22 25 5 0 0 0 0 4 24 124 0 0 0 0 0 1 83 126 0 0 0 0 11 4 126 28 0 0 0 8 63 34 80 5 0 0 0 0 7 61 70 106 0 0 0 0 0 6 113 126 0 0 0 0 15 12 126 19 0 0 0 3 69 47 96 3 0 0 0 0 16 72 64 126 0 0 0 0 0 0 72 126 0 0 0 6 15 5 126 15 0 0 0 17 40 20 61 5 0 0 0 1 9 39 40;
<CIRCLE 240 22 1.5 0 2.98676e-09>; 54 10 4 3 1 1 0 12 66 13 0 24 50 0 0 9 90 62 15 11 18 0 0 0 6 15 37 72 44 0 0 0 47 0 0 0 3 18 19 63 49 4 2 22 112 27 4 46 115 17 2 12 26 12 12 57 9 1 2 23 81 77 17 12 12 0 0 0 3 46 69 97 28 0 0 0 115 88 16 76 115 0 0 0 23 23 36 115 8 0 0 0 95 115 45 26 3 0 0 0 7 45 47 55 20 0 0 0 115 82 23 41 115 0 0 0 16 18 15 98 15 0 0 0 115 67 14 20;
<CIRCLE 240 27 1.78381 0 2.94083e-09>; 24 0 0 0 0 2 22 52 32 3 0 10 40 16 6 35 68 16 3 10 17 13 9 37 6 2 3 31 70 48 8 11 2 0 0 0 0 16 108 88 18 0 0 0 68 87 44 62 110 0 0 0 22 40 35 110 8 0 0 0 96 110 27 36 4 0 0 0 2 24 87 63 21 0 0 0 92 110 46 38 110 0 0 0 33 37 18 110 19 0 0 0 110 88 16 40 4 0 0 0 6 17 52 38 25 0 0 0 110 60 17 26 110 0 0 0 39 26 4 99 17 0 0 0 105 54 4 32;
<CIRCLE 95 62 0.891905 0 1.90943e-09>; 1 0 38 117 27 0 0 0 7 1 2 117 75 7 36 19 34 20 16 21 23 9 31 18 0 3 4 35 71 11 25 33 5 1 3 71 96 97 5 12 43 0 1 22 16 30 81 117 13 1 2 16 94 117 69 25 51 18 14 16 29 21 38 59 16 19 7 4 23 88 34 16 34 0 24 70 17 27 58 97 9 3 47 90 99 81 15 10 14 17 26 28 54 75 8 5 20 51 47 16 5 1 6 1 4 6 32 117 45 5 8 1 86 32 41 83 7 5 5 14 18 1 0 13 117 33 8 8;
<CIRCLE 245 41 2.12132 0 1.71037e-09>; 2 0 0 0 31 75 50 15 80 0 0 0 29 52 12 107 24 0 0 0 83 90 16 63 26 0 0 0 35 64 14 71 11 0 0 0 93 86 32 12 107 0 0 0 59 51 2 99 36 0 0 0 101 99 11 64 34 0 0 0 40 57 13 57 6 0 0 0 93 107 22 15 107 0 0 1 65 51 15 107 42 0 0 3 107 47 10 40 37 0 0 0 17 43 13 35 10 0 0 0 102 44 7 8 79 0 0 0 62 30 7 67 16 0 0 0 82 49 13 48 12 0 0 0 1 34 21 42;
<CIRCLE 186 99 0.891905 0 1.36871e-09>; 93 12 7 10 13 0 0 58 14 6 41 63 64 3 10 25 28 11 35 32 3 0 37 91 109 62 10 5 0 0 11 31 80 20 43 31 8 0 0 36 67 33 24 17 44 14 62 92 21 3 23 107 91 20 44 94 86 104 39 50 14 0 2 18 27 10 28 82 3 0 7 25 109 103 61 15 6 0 6 24 12 16 58 109 109 11 7 35 101 10 4 16 21 2 7 109 18 9 2 12 6 7 42 62 10 14 21 14 25 34 27 27 57 17 30 19 3 8 4 43 68 27 40 36 0 0 0 74;
