KOEN1
128
232
<CIRCLE 14 152 2.52269 0 0.000339747>; 0 0 0 32 122 0 0 0 0 0 0 9 122 2 14 11 80 0 0 1 3 1 50 49 122 0 0 1 7 2 5 41 1 0 12 68 107 0 0 1 61 25 2 16 78 3 50 122 25 22 8 0 0 0 122 122 37 1 2 2 6 5 36 64 1 1 52 58 17 0 0 0 49 122 84 34 12 0 1 16 11 122 122 0 0 0 10 13 0 84 82 3 1 2 3 1 0 0 34 21 0 0 0 0 0 10 35 19 0 0 0 0 0 94 64 0 0 0 0 0 0 122 100 0 0 0 0 0;
<CIRCLE 15 152 3 0 0.000336913>; 0 0 0 31 122 0 0 0 1 0 0 13 122 3 13 7 122 1 0 0 1 0 21 54 110 0 0 1 39 22 2 23 1 0 10 66 92 1 0 0 42 28 4 21 85 7 65 110 50 22 9 0 0 0 122 122 34 1 2 2 21 16 10 39 1 1 53 56 8 0 0 0 36 122 102 36 7 0 2 18 9 122 122 0 0 0 13 16 0 81 90 3 2 4 2 1 0 0 25 12 0 0 0 0 0 11 31 12 0 0 0 0 0 94 61 0 0 0 0 0 0 122 107 0 0 0 0 0;
<CIRCLE 18 151 4.24264 0 0.000324971>; 0 0 0 13 119 1 0 0 55 0 0 10 121 4 2 10 121 0 0 0 19 13 8 46 5 0 0 31 90 43 13 6 0 0 6 44 77 2 0 0 37 20 6 25 104 16 46 107 105 13 5 0 12 19 24 121 4 0 1 1 40 112 47 8 0 2 47 36 4 0 0 0 23 121 121 25 4 0 5 26 10 121 121 0 1 3 4 28 0 62 82 3 3 20 9 0 0 0 12 4 0 0 0 0 0 21 32 4 0 0 1 3 0 100 76 0 0 0 5 1 0 119 112 0 0 0 1 0;
<CIRCLE 13 152 2.12132 0 0.000269248>; 0 0 1 33 119 0 0 0 0 0 0 7 110 3 16 18 13 0 0 0 2 2 82 52 119 0 0 0 0 0 26 80 1 0 10 73 108 0 0 0 71 19 0 12 65 3 30 117 25 25 6 0 0 0 119 119 17 2 2 0 0 1 82 83 1 1 45 62 20 0 0 0 54 112 62 28 13 0 0 11 19 119 119 0 0 0 6 13 0 95 84 1 0 0 5 1 0 0 42 30 0 0 0 0 0 10 45 28 0 0 0 0 0 94 77 0 0 0 0 0 0 119 93 0 0 0 0 0;
<CIRCLE 21 145 1.5 0 0.000254431>; 0 0 0 2 4 0 0 0 72 1 0 5 14 0 0 2 166 1 0 0 0 0 0 20 51 0 0 2 14 11 2 5 0 0 0 1 5 2 38 16 69 0 0 0 8 6 98 57 166 1 0 0 0 0 17 102 56 1 0 9 22 3 0 4 5 0 0 0 0 0 166 166 6 0 0 0 0 0 166 140 86 1 1 1 0 2 106 157 17 1 3 18 12 7 3 4 36 64 21 0 0 0 37 69 1 17 13 0 0 0 47 20 0 1 5 2 0 7 24 4 0 0 1 5 3 9 5 0;
<CIRCLE 21 144 1.78381 0 0.000252716>; 3 0 0 1 10 0 0 2 90 1 0 6 8 0 0 1 158 1 0 0 0 2 1 22 30 0 0 0 28 42 2 7 1 0 0 1 11 1 16 8 98 0 0 2 9 3 49 44 158 0 0 0 1 0 6 71 40 0 0 6 47 7 0 3 13 0 0 0 3 1 134 158 16 0 0 0 0 1 158 158 121 1 0 1 0 1 79 158 15 1 1 15 28 10 1 3 77 94 25 0 0 0 29 84 3 44 32 0 0 0 66 34 0 5 11 3 1 5 26 11 0 0 2 5 5 14 3 0;
<CIRCLE 21 150 6 0 0.000237391>; 0 0 0 5 92 2 0 0 57 0 3 15 122 7 7 33 62 0 5 7 39 38 91 54 2 0 2 16 44 29 35 31 0 0 5 25 70 1 0 0 81 20 10 28 122 16 20 109 92 12 6 4 53 94 29 104 1 0 0 7 35 78 93 51 0 1 35 19 4 0 0 0 22 122 122 23 7 1 4 32 11 122 122 1 1 21 8 23 0 46 94 16 9 38 26 0 0 0 4 1 0 0 1 2 0 19 24 1 0 0 19 27 0 89 73 0 0 11 37 6 0 78 122 8 0 4 5 0;
<CIRCLE 110 103 3.56762 0 0.000233471>; 32 25 17 0 0 0 9 27 97 61 11 0 0 0 0 3 31 23 1 6 44 8 1 0 0 0 0 7 101 38 2 0 3 41 130 1 0 0 1 2 35 130 130 0 0 0 1 5 106 130 26 5 5 11 6 5 6 4 9 39 83 78 9 1 2 7 40 3 8 10 90 32 113 41 31 3 6 5 22 64 130 60 8 20 23 0 0 52 8 3 13 103 91 1 0 0 1 0 0 66 42 11 37 9 97 20 1 17 12 2 2 38 111 109 34 23 10 0 1 9 1 7 35 81 43 0 0 0;
<CIRCLE 20 144 2.52269 0 0.000194746>; 0 0 0 9 140 3 0 1 58 2 0 1 7 3 2 3 140 5 0 0 2 8 3 26 13 0 0 9 63 42 3 7 0 0 0 16 140 1 6 5 62 0 0 3 9 2 46 39 140 0 0 1 5 2 12 70 24 0 0 6 87 54 2 3 35 10 0 23 103 3 26 75 28 18 4 0 0 1 140 140 72 2 2 2 4 3 80 124 7 0 0 6 32 29 4 2 35 59 39 30 15 0 0 13 20 140 120 0 0 0 13 21 0 88 82 3 1 2 9 3 0 11 23 5 3 7 1 0;
<CIRCLE 7 120 1.26134 0 0.000176776>; 0 0 0 0 23 13 0 0 0 0 0 0 138 138 0 0 0 0 0 0 123 63 0 0 0 0 0 0 5 2 0 0 0 0 15 7 5 1 0 0 0 0 10 38 138 127 0 0 0 0 0 17 138 138 0 0 0 0 0 0 15 6 0 1 0 0 77 26 1 9 6 0 0 0 61 138 89 18 0 0 0 0 2 138 138 26 0 0 0 0 0 2 18 6 4 2 0 0 4 4 6 49 32 0 0 0 2 27 138 84 5 0 0 0 0 22 138 7 0 0 0 0 0 0 3 3 4 2;
<CIRCLE 22 145 0.891905 0 0.000172898>; 0 0 0 0 12 1 0 0 134 0 0 0 3 1 0 11 156 1 0 0 0 0 0 21 64 2 1 1 4 0 0 4 0 0 0 0 4 6 68 7 115 0 0 0 0 1 61 85 156 1 0 0 0 0 3 81 68 3 1 1 2 1 0 7 0 0 0 0 0 0 156 62 15 0 0 0 0 0 156 151 116 1 0 0 0 0 45 156 32 4 9 9 0 0 0 8 0 0 0 0 0 0 114 37 0 0 0 0 0 0 119 24 2 0 0 0 0 6 39 24 1 0 3 3 0 3 6 2;
<CIRCLE 114 132 1.78381 0 0.000167181>; 31 0 0 2 4 0 0 88 16 11 10 37 27 1 4 8 92 103 47 15 4 0 5 3 8 26 59 71 30 0 0 0 14 2 3 22 13 0 0 35 59 5 1 20 24 9 102 99 19 27 35 1 0 77 130 38 0 6 59 32 1 91 130 0 22 8 17 46 4 3 30 20 130 63 5 9 0 0 27 98 45 89 50 0 0 36 130 27 0 12 57 0 0 88 130 0 3 0 0 1 0 2 78 46 53 29 5 0 0 0 17 61 9 63 76 0 0 0 0 0 0 20 108 0 0 0 0 0;
<CIRCLE 12 152 1.5 0 0.000164559>; 0 0 0 27 120 0 0 0 4 0 0 4 51 0 18 35 0 0 0 0 0 0 109 84 7 0 0 0 0 1 120 60 5 0 6 59 120 3 1 1 120 15 0 7 34 2 18 107 44 23 3 0 0 0 109 120 0 2 1 0 0 0 108 43 3 3 20 46 44 12 2 1 88 102 34 13 11 8 4 11 29 120 115 0 0 0 2 9 0 84 71 0 0 0 1 1 2 2 23 50 3 0 0 2 0 10 45 38 1 0 0 0 0 93 99 3 0 0 0 0 0 120 105 0 0 0 0 0;
<CIRCLE 109 109 1.26134 0 0.0001585>; 2 0 6 4 32 16 5 3 13 5 7 3 2 1 3 4 132 63 1 0 0 0 2 5 138 39 0 0 0 0 0 23 13 1 0 9 49 15 11 17 24 3 0 0 5 28 122 90 138 1 0 0 18 65 64 31 138 0 0 0 0 2 1 34 28 20 0 13 17 0 1 8 85 138 6 6 22 21 30 44 138 25 6 12 138 61 15 11 138 0 0 0 2 0 0 6 2 4 0 5 5 0 0 0 67 69 3 4 3 0 0 8 113 24 3 11 34 15 3 32 138 10 1 0 1 0 0 20;
<CIRCLE 9 109 3.56762 0 0.000156364>; 0 0 0 1 0 0 0 0 0 0 2 37 18 2 0 0 0 0 16 49 14 0 0 0 0 0 22 27 5 0 0 0 0 0 0 0 4 5 0 0 0 0 23 100 129 31 0 0 0 0 145 128 22 1 0 0 0 0 145 51 0 0 2 0 0 0 0 1 9 5 0 0 0 0 4 47 145 91 0 0 20 0 59 46 145 32 11 32 18 0 51 11 0 16 135 42 0 0 0 2 6 1 0 0 0 0 0 41 145 19 0 0 91 4 0 11 145 11 2 17 145 6 0 0 4 17 60 46;
<CIRCLE 108 103 3.56762 0 0.000151335>; 23 19 19 0 0 0 16 32 95 62 14 0 0 0 0 6 50 35 3 4 27 4 1 1 0 0 0 6 99 36 3 0 2 29 136 3 0 0 1 2 21 136 136 0 0 0 2 5 112 136 48 2 3 4 3 6 17 12 10 34 56 68 11 1 2 6 45 3 6 8 106 38 62 31 37 4 9 8 35 53 136 70 9 9 11 0 1 70 33 8 14 94 81 1 0 2 0 0 0 64 42 11 51 11 68 9 1 32 22 5 5 36 136 106 24 11 4 0 1 16 6 21 40 79 38 0 0 0;
<CIRCLE 25 122 3.56762 0 0.000141676>; 0 0 53 72 66 11 0 0 0 0 132 38 1 1 6 2 0 0 132 26 0 1 13 0 0 1 105 11 0 0 8 4 5 0 5 25 132 40 0 4 60 1 17 5 12 8 69 66 8 0 12 2 1 41 132 17 0 0 5 5 8 15 132 14 9 0 0 17 132 9 0 1 132 10 0 0 13 3 10 30 72 1 0 9 50 50 55 24 0 0 0 87 57 17 26 1 4 0 0 15 132 4 7 6 132 0 0 0 7 2 12 59 83 0 0 6 83 53 3 25 0 0 0 31 60 61 35 14;
<CIRCLE 11 110 4.24264 0 0.000136826>; 0 0 0 1 1 0 0 0 0 0 3 35 24 5 0 0 0 0 22 43 20 1 0 0 0 0 28 20 10 10 4 0 0 0 0 0 9 5 0 0 0 0 33 117 144 23 0 0 0 0 154 119 19 1 2 1 0 0 154 46 0 1 9 0 0 0 0 2 18 4 0 0 0 0 5 42 154 48 0 0 49 0 45 32 110 14 40 71 14 0 33 7 1 31 154 35 0 0 0 2 16 0 0 0 1 0 0 23 154 5 0 0 154 1 0 2 98 3 5 34 92 0 0 7 45 35 45 35;
<CIRCLE 23 120 2.52269 0 0.000136163>; 0 0 95 55 31 7 0 0 0 0 132 23 0 1 7 1 0 0 114 23 0 2 10 0 0 1 73 8 0 0 4 0 6 0 1 9 120 46 1 3 72 6 2 1 0 7 87 70 12 1 1 0 0 59 132 21 0 0 0 0 0 23 132 3 7 0 0 26 124 13 5 1 132 51 0 0 0 3 17 25 124 17 0 0 8 50 107 24 0 0 0 4 39 47 94 0 1 0 0 2 89 5 3 3 132 14 0 0 1 3 3 10 132 7 0 0 17 34 8 30 0 0 0 36 88 33 0 0;
<CIRCLE 8 109 3 0 0.000135553>; 0 0 0 1 0 0 0 0 0 0 3 45 14 1 0 0 0 0 19 57 7 0 0 0 0 0 28 30 1 0 0 0 0 0 0 0 5 8 1 0 0 0 21 95 142 43 2 0 0 0 144 138 27 1 0 0 0 0 144 48 0 0 0 0 0 0 0 1 9 7 0 0 0 0 5 40 144 135 0 0 7 0 55 48 144 55 2 10 16 0 53 10 0 8 79 39 0 0 1 3 3 2 0 0 0 0 3 77 144 36 0 0 31 2 0 26 144 24 1 7 144 17 0 0 0 6 48 46;
<CIRCLE 26 123 4.24264 0 0.000133461>; 0 0 31 68 67 9 0 0 0 0 131 53 4 0 4 1 0 0 131 29 0 1 10 0 0 2 110 12 0 0 5 3 3 0 5 26 131 25 0 3 50 0 27 13 33 8 60 69 6 0 22 5 4 38 131 19 1 1 10 11 20 21 80 10 9 0 0 15 131 3 0 1 131 1 0 0 36 4 11 43 56 0 0 23 90 51 45 25 2 0 0 67 61 17 16 26 5 1 0 25 131 8 12 17 122 2 0 0 14 6 24 131 40 0 0 3 64 86 14 29 0 0 0 6 21 53 76 37;
<CIRCLE 36 138 1.26134 0 0.000130861>; 0 0 0 0 27 58 4 0 0 0 0 32 66 45 0 0 0 0 2 135 23 10 0 0 0 0 2 135 4 0 0 0 0 0 0 3 55 63 14 0 0 0 0 135 135 73 4 0 0 1 17 135 38 32 23 0 0 0 11 25 1 2 2 0 0 0 0 12 58 22 1 0 0 0 0 14 135 135 34 0 0 0 1 6 19 135 135 0 0 0 3 0 0 135 67 3 0 0 0 23 33 6 0 0 0 0 0 22 55 27 3 0 0 0 0 1 20 87 31 0 0 0 0 0 3 133 72 3;
<CIRCLE 6 120 1.78381 0 0.00012952>; 0 0 0 0 8 8 0 0 0 0 0 6 145 121 0 0 0 0 8 25 145 71 0 0 0 0 13 5 4 2 0 0 0 0 6 1 2 1 0 0 0 0 19 38 145 93 0 0 0 0 0 26 145 145 0 0 6 0 0 0 20 9 2 3 0 0 12 4 0 4 3 0 0 0 38 132 119 38 5 0 0 0 1 138 145 21 0 0 5 1 0 3 23 7 7 1 0 0 0 1 2 7 4 0 0 0 0 10 145 66 7 0 0 0 0 10 145 17 0 0 0 0 0 0 6 5 6 5;
<CIRCLE 41 139 5.04538 0 0.000121317>; 43 0 26 14 48 8 41 43 9 0 30 10 11 36 117 18 4 1 17 20 30 22 56 21 7 0 9 4 5 26 40 37 117 0 0 2 66 7 12 52 67 0 0 41 117 79 44 29 13 0 0 61 56 24 39 117 15 0 0 5 27 27 19 81 80 46 21 2 22 8 36 117 29 11 14 2 52 117 48 39 0 0 0 3 17 87 117 57 0 0 0 5 20 34 49 19 9 117 110 2 0 0 1 10 0 117 117 2 2 9 3 1 0 40 82 23 12 22 7 0 0 1 40 39 5 12 12 0;
<CIRCLE 22 119 1.78381 0 0.00011997>; 0 0 39 10 3 2 0 0 0 0 42 7 0 3 12 2 0 0 29 12 0 5 17 0 0 3 15 2 0 1 6 0 11 0 0 0 14 8 2 6 85 7 0 0 0 5 112 98 14 1 0 0 0 77 152 33 0 0 0 0 0 54 152 1 15 3 0 2 22 9 9 2 152 85 0 0 0 2 18 36 152 31 0 0 0 43 152 41 0 0 0 0 8 81 152 0 1 0 0 0 6 9 9 5 152 55 0 0 0 9 3 2 152 47 0 0 0 11 6 15 3 0 0 0 33 44 5 3;
<CIRCLE 40 139 5.04538 0 0.00011222>; 40 0 25 15 61 8 34 40 12 0 30 9 9 35 116 21 3 1 18 20 30 23 62 19 6 0 9 4 7 24 38 36 116 0 0 3 81 6 10 48 83 0 0 34 116 75 42 33 11 0 0 66 64 28 41 104 15 0 0 6 25 24 18 89 75 46 21 4 27 7 37 116 35 13 16 2 49 115 40 47 0 0 1 2 18 91 116 53 0 0 0 5 20 36 47 21 9 116 104 3 0 0 1 10 0 116 116 1 1 8 3 2 0 46 86 20 11 21 7 0 0 1 38 38 6 13 12 0;
<CIRCLE 35 138 0.891905 0 0.000112093>; 0 0 0 0 16 63 9 0 0 0 0 33 78 37 0 0 0 0 3 133 37 4 0 0 0 0 7 133 2 0 0 0 0 0 0 3 64 44 7 0 0 0 0 71 133 47 0 0 0 0 5 133 110 47 11 0 0 1 14 41 1 8 14 0 0 0 0 11 60 17 0 0 0 0 0 4 133 133 8 0 0 0 0 7 49 133 119 0 0 0 0 0 0 133 118 0 0 0 0 9 28 11 0 0 0 0 0 15 52 41 2 0 0 0 0 3 27 100 38 0 0 0 0 0 0 133 65 0;
<CIRCLE 111 102 3 0 0.000111872>; 34 41 13 0 0 0 0 5 86 62 8 0 0 0 0 3 21 17 1 9 37 6 3 1 0 0 0 9 80 45 9 0 4 57 136 2 0 0 0 1 38 136 136 1 0 1 1 2 93 136 24 3 4 6 10 5 5 3 17 20 46 74 23 3 9 10 44 2 5 9 45 35 115 61 42 2 2 7 33 81 136 64 7 12 26 0 2 60 9 2 41 90 71 5 0 1 4 2 0 49 40 13 39 10 136 34 1 7 7 1 3 35 136 81 19 20 28 0 0 16 2 5 17 51 75 5 0 0;
<CIRCLE 113 131 1.26134 0 0.000110236>; 5 0 0 2 4 0 0 20 2 0 1 50 39 1 1 1 67 25 28 18 11 1 2 40 42 39 91 17 3 0 0 13 1 0 0 20 18 1 0 2 24 1 1 39 41 5 64 93 13 18 35 4 2 77 133 58 6 24 84 4 0 78 133 1 18 4 11 79 14 0 0 2 133 51 5 21 3 0 12 133 53 71 20 0 0 33 133 77 0 13 18 0 0 86 133 0 9 2 7 35 1 4 61 43 133 48 2 2 0 0 17 86 38 101 35 0 0 0 0 2 0 34 69 0 0 0 1 0;
<CIRCLE 114 133 2.12132 0 0.000106448>; 41 0 0 1 2 0 0 108 26 33 15 22 17 2 7 25 44 126 57 25 6 1 10 2 0 15 60 102 16 0 0 0 28 4 7 17 4 0 0 71 86 8 3 14 16 5 86 101 27 26 23 4 0 74 126 51 0 2 30 39 7 126 126 0 13 6 10 15 2 3 65 30 126 46 6 5 0 0 28 102 56 94 81 0 0 24 88 21 0 12 92 2 0 81 124 0 0 0 0 0 0 0 58 33 24 17 4 0 0 0 13 41 5 42 61 0 0 0 0 0 0 16 86 0 0 0 0 0;
<CIRCLE 29 127 6 0 9.90636e-05>; 0 0 12 47 55 5 0 0 0 0 119 74 18 1 4 1 0 0 119 28 1 3 13 1 0 0 114 22 1 2 5 0 2 0 3 22 119 11 0 1 59 0 37 26 91 13 64 72 7 0 36 16 38 50 119 19 3 0 18 10 15 23 42 36 5 0 1 28 119 5 4 8 119 0 0 3 84 22 17 119 26 0 0 18 111 107 57 41 5 0 0 6 18 26 50 89 5 21 47 34 25 2 3 9 39 119 77 3 8 9 8 79 4 50 64 3 8 67 39 11 0 2 15 10 8 43 39 6;
<CIRCLE 22 148 8.48528 0 9.7428e-05>; 0 0 0 2 26 0 0 0 1 0 26 92 127 5 9 14 1 0 93 47 11 41 46 20 0 1 78 21 2 16 36 21 0 0 2 9 28 0 0 0 34 19 16 33 127 17 15 78 30 16 5 0 19 127 102 91 0 0 0 1 5 58 127 39 0 0 17 6 1 0 0 0 23 127 127 22 10 1 3 19 19 127 127 5 2 36 28 17 0 24 127 49 7 33 38 1 0 0 1 0 0 0 1 3 7 20 20 0 0 1 32 58 2 67 77 0 7 28 39 14 6 44 117 10 4 5 0 0;
<CIRCLE 21 119 1.26134 0 9.60283e-05>; 0 0 0 0 1 1 0 1 0 0 0 1 2 3 22 5 0 0 0 5 2 7 41 0 0 0 0 3 0 4 16 0 13 1 0 0 2 2 1 3 131 23 0 0 0 3 101 91 30 6 0 0 0 64 154 44 0 0 0 0 0 100 154 0 8 2 0 0 3 7 4 3 154 125 0 0 1 4 5 14 154 70 0 0 0 14 81 28 3 0 0 0 0 58 138 3 0 0 0 0 2 8 7 3 154 55 0 0 4 10 0 1 154 82 0 0 0 0 3 7 13 0 0 0 0 19 13 5;
<CIRCLE 37 138 1.78381 0 9.41808e-05>; 12 0 0 0 28 53 6 7 0 0 0 28 91 35 0 0 0 0 0 131 32 2 0 0 0 0 0 118 20 0 0 0 26 0 0 0 51 81 4 8 0 0 0 119 131 85 3 0 0 0 6 131 42 41 15 0 0 0 1 30 5 3 6 19 30 0 0 5 72 19 0 3 0 0 0 11 131 131 28 0 0 0 0 6 16 131 130 0 0 0 0 0 0 48 119 114 12 0 0 17 37 8 1 2 0 0 0 7 51 47 11 0 0 0 0 0 9 100 67 0 0 0 0 0 0 28 112 42;
<CIRCLE 7 109 2.52269 0 9.16799e-05>; 0 0 0 1 0 0 0 0 0 0 3 45 11 2 0 0 0 0 21 62 4 0 0 0 0 0 35 30 0 0 0 0 0 0 0 0 4 11 2 0 0 0 16 87 145 61 5 0 0 0 145 145 37 2 0 0 0 0 145 46 0 0 0 0 0 0 0 0 8 8 0 0 0 0 3 27 145 145 0 0 0 0 45 52 145 81 0 1 8 0 49 9 1 3 28 21 0 0 4 2 1 1 0 0 0 0 17 92 145 56 0 0 3 0 0 44 145 54 1 1 104 15 0 0 2 2 23 36;
<CIRCLE 15 113 7.13524 0 8.80326e-05>; 0 0 0 0 0 0 0 0 0 0 3 19 45 10 0 0 0 0 18 23 80 45 11 1 3 0 23 6 10 22 46 16 0 0 0 0 4 0 0 0 0 0 35 125 134 5 0 1 0 0 134 119 27 8 30 11 0 0 134 36 1 14 24 0 0 0 0 0 9 0 0 0 17 0 3 34 134 10 2 21 72 0 21 17 91 51 95 125 0 0 14 4 56 77 77 34 0 0 1 3 3 0 0 0 24 23 35 49 134 9 6 37 88 58 29 1 34 60 26 126 0 5 11 2 26 94 93 25;
<CIRCLE 12 153 1.06066 0 8.3269e-05>; 12 0 0 19 99 0 0 4 64 0 0 1 2 0 30 117 9 0 0 0 0 0 126 127 0 0 0 0 0 0 127 73 33 1 0 21 77 17 7 5 127 54 1 0 0 0 4 65 69 66 12 0 0 0 25 79 2 8 5 0 0 0 16 14 7 1 6 22 23 27 11 4 63 127 51 7 1 1 4 5 13 127 127 0 0 0 0 0 0 117 90 0 0 0 0 0 0 0 10 50 10 0 0 0 0 8 49 22 0 0 0 0 0 81 95 5 0 0 0 0 0 127 111 0 0 0 0 0;
<CIRCLE 98 88 8.48528 0 8.10791e-05>; 1 6 31 14 13 5 1 2 101 36 32 12 9 1 0 11 126 12 0 1 36 7 2 29 1 0 0 6 131 7 0 0 0 0 14 5 12 41 39 8 127 23 16 3 9 24 32 79 131 48 3 1 61 22 7 65 0 1 0 7 131 19 1 0 0 1 131 30 1 9 18 8 27 81 126 6 0 6 26 28 102 131 27 18 41 4 2 5 4 14 5 64 131 4 0 0 0 0 10 3 2 20 78 39 9 4 4 0 1 27 67 50 79 35 8 15 11 17 16 46 4 6 5 52 89 54 6 2;
<CIRCLE 21 118 0.891905 0 7.96279e-05>; 0 0 0 0 1 1 2 1 0 0 0 0 1 3 29 4 0 0 0 3 1 6 40 0 0 0 0 3 1 5 21 0 30 2 0 0 1 1 2 14 70 3 0 0 0 2 132 108 7 0 0 0 0 40 148 34 0 0 0 0 0 79 148 0 52 14 0 0 2 4 0 2 148 100 0 0 0 0 20 50 118 35 0 0 0 14 148 61 4 0 0 0 0 69 148 4 13 6 0 0 3 10 1 0 148 111 0 0 0 0 0 0 148 73 0 0 0 0 1 5 20 0 0 0 0 4 17 8;
<CIRCLE 116 117 3 0 7.84856e-05>; 11 30 69 2 1 6 16 23 123 123 28 0 1 0 8 53 79 21 29 45 34 3 2 8 0 0 25 81 81 13 0 0 45 18 1 18 23 9 19 25 123 55 5 2 3 0 5 60 85 25 17 62 122 4 0 8 0 0 8 50 93 11 0 0 46 2 0 27 12 0 0 70 99 120 26 4 3 1 7 31 14 98 80 101 22 2 5 1 0 0 69 90 31 3 0 0 24 1 2 2 1 2 8 62 52 14 4 2 3 5 62 66 8 17 23 23 3 70 123 15 0 0 27 34 7 95 78 0;
<CIRCLE 105 104 6 0 7.59028e-05>; 11 1 4 4 11 28 61 24 124 16 3 0 0 0 17 80 57 13 0 0 53 19 11 23 0 0 0 5 124 15 0 0 1 5 124 14 0 4 28 9 42 124 124 1 0 0 13 19 94 124 28 8 41 17 0 2 3 4 1 30 124 33 0 0 12 2 54 7 5 6 69 79 56 28 37 9 30 23 65 28 124 97 23 38 14 2 1 14 5 8 10 122 124 2 0 0 28 1 0 2 15 16 20 34 20 1 0 9 38 28 34 39 54 23 12 11 3 17 26 72 0 2 11 54 25 84 36 2;
<CIRCLE 98 87 8.48528 0 7.22785e-05>; 1 6 34 14 12 4 1 2 97 39 34 12 8 1 0 10 125 13 0 2 36 7 2 27 1 0 0 6 131 7 0 0 0 0 11 4 13 41 38 8 131 20 13 3 10 24 31 79 131 41 2 0 61 22 7 67 0 0 0 6 131 19 1 0 0 1 131 30 1 9 18 7 29 83 127 6 0 7 26 28 99 131 27 17 43 4 2 5 4 14 5 60 131 5 0 0 0 0 13 4 2 19 75 39 9 5 6 0 1 26 65 50 82 39 8 15 11 16 15 43 4 6 5 55 93 50 6 2;
<CIRCLE 117 117 3 0 7.09213e-05>; 17 38 68 2 1 6 16 26 126 118 21 1 2 0 6 49 53 13 35 57 38 5 2 5 0 0 20 76 89 13 0 0 62 22 1 14 18 7 15 30 126 57 7 5 9 0 4 55 54 18 17 68 126 5 0 5 0 0 6 47 91 10 0 0 55 4 0 19 9 0 0 73 92 126 35 7 3 1 8 23 9 75 81 116 25 2 4 1 0 0 70 83 32 3 0 0 26 2 3 2 1 1 7 59 50 17 6 2 2 8 77 66 5 14 24 28 4 82 126 9 0 0 29 34 7 94 76 0;
<CIRCLE 114 117 1.06066 0 6.83624e-05>; 30 85 13 20 78 12 0 2 145 0 0 5 55 9 0 20 145 1 0 0 1 0 0 2 2 0 0 4 28 0 0 0 93 30 2 8 8 10 4 25 145 20 1 2 8 12 5 97 145 45 15 1 0 0 0 12 1 3 6 23 40 0 0 0 68 5 0 0 0 0 0 42 96 111 50 5 0 0 1 20 34 145 145 2 0 0 0 1 4 98 46 30 41 0 0 0 12 1 0 1 1 0 0 13 1 11 27 40 18 0 0 0 60 114 59 17 4 0 0 10 78 112 14 18 15 0 0 4;
<CIRCLE 119 105 10.0908 0 6.33671e-05>; 46 10 15 10 19 19 13 17 141 14 3 1 30 11 6 62 6 0 0 6 141 18 2 5 0 0 0 3 85 4 3 0 22 23 103 14 4 24 31 26 132 141 41 7 40 9 9 41 12 31 5 47 141 17 1 2 0 2 6 16 83 3 3 0 2 8 47 6 1 17 85 63 106 93 23 16 12 25 36 54 25 28 12 108 141 67 10 7 0 1 14 20 40 36 42 0 0 1 33 25 2 18 62 13 10 4 62 25 2 11 32 36 3 1 39 32 27 59 27 16 0 0 1 6 4 41 99 6;
<CIRCLE 134 127 6 0 6.13705e-05>; 102 119 43 2 3 2 3 5 41 39 4 59 119 26 0 0 0 1 0 37 119 4 0 0 5 10 6 4 16 0 0 0 119 48 11 9 11 6 9 36 43 35 33 119 76 25 10 6 0 0 2 119 119 20 13 0 0 5 18 8 9 4 10 0 44 9 11 2 3 8 36 95 14 9 51 47 19 119 62 22 0 0 20 52 28 119 119 0 0 0 3 3 3 59 114 4 4 3 84 32 0 0 15 13 1 3 119 55 1 4 24 16 0 0 45 38 5 12 38 35 0 0 1 4 1 9 49 26;
<CIRCLE 119 110 7.13524 0 6.04985e-05>; 75 15 15 1 3 10 31 59 106 47 5 0 28 14 6 45 1 3 0 6 129 27 2 1 1 0 0 9 129 1 1 2 13 54 129 4 0 4 26 20 123 129 45 8 18 5 3 4 21 33 6 67 129 18 0 0 1 4 3 28 129 0 0 0 12 4 8 0 26 27 50 51 129 56 12 14 12 14 15 49 21 22 16 129 115 52 11 5 0 1 5 44 71 33 22 0 2 0 7 6 7 17 46 19 24 6 40 12 2 10 28 62 4 3 50 40 23 83 20 9 0 0 4 11 12 68 58 6;
<CIRCLE 133 128 5.04538 0 5.83232e-05>; 117 88 21 7 3 1 2 20 37 17 6 99 109 14 0 1 0 0 0 43 117 2 0 0 3 6 4 5 29 0 0 0 117 61 20 12 4 3 10 44 14 26 55 117 56 31 19 4 0 0 13 117 107 18 14 0 0 4 13 14 16 2 12 0 52 14 9 1 0 6 36 87 8 10 47 32 12 117 94 12 0 0 28 53 16 117 117 0 0 0 6 12 6 57 117 2 6 6 75 27 0 0 8 11 1 4 117 63 1 4 13 8 0 0 89 60 3 15 36 27 0 0 12 14 3 11 39 34;
<CIRCLE 116 133 2.52269 0 5.25803e-05>; 47 1 0 5 3 0 0 83 59 101 30 14 8 0 3 19 22 112 68 72 29 0 1 0 0 8 69 80 22 1 0 0 33 4 5 14 6 0 1 78 74 19 4 12 13 13 114 86 13 28 47 29 3 96 114 14 0 0 35 59 10 114 114 0 24 5 7 11 1 3 67 41 114 63 19 3 0 3 38 80 11 56 114 0 0 48 110 6 0 5 80 4 1 114 114 0 2 0 0 0 0 0 34 26 12 17 9 0 0 0 5 17 0 23 58 1 0 0 0 0 0 7 73 8 0 0 0 0;
<CIRCLE 6 108 2.12132 0 4.85536e-05>; 0 0 0 1 0 0 0 0 0 0 3 39 11 3 0 0 0 0 13 63 4 0 0 0 0 0 31 32 0 0 0 0 0 0 0 0 2 10 2 0 0 0 6 65 130 60 6 0 0 0 147 147 39 1 0 0 0 0 147 55 0 0 0 0 0 0 0 0 6 10 0 0 0 0 1 25 147 147 0 0 0 0 51 96 147 73 0 0 0 0 82 20 3 2 3 3 0 0 2 1 1 1 0 0 0 0 11 41 147 86 0 0 0 0 0 23 147 120 0 0 26 1 0 0 14 6 4 17;
<CIRCLE 130 103 1.26134 0 4.50974e-05>; 0 0 0 0 2 13 14 0 0 0 0 0 140 140 3 0 0 0 0 6 140 91 0 0 0 0 0 12 19 0 0 0 0 1 51 1 0 1 0 0 0 0 50 28 140 69 0 0 0 0 4 29 140 120 0 0 0 0 0 6 44 4 0 0 1 3 140 51 12 1 0 0 0 0 140 140 28 3 0 0 0 0 51 140 140 12 0 0 0 0 0 5 49 3 0 0 28 4 35 30 75 9 5 17 4 0 23 29 45 39 4 5 0 0 5 18 52 16 0 0 0 0 0 1 31 3 0 0;
<CIRCLE 129 102 2.12132 0 4.4464e-05>; 0 0 0 9 28 32 40 5 0 0 0 5 63 125 46 0 0 0 0 15 111 66 0 0 0 0 0 19 61 0 0 0 31 21 18 4 0 5 21 13 0 0 38 28 109 116 20 2 0 0 2 26 125 110 0 0 0 0 0 16 97 2 0 0 66 9 39 49 63 5 1 9 0 0 125 125 58 6 0 0 0 0 24 125 125 10 0 0 0 0 0 14 114 0 0 0 51 3 1 27 125 4 0 4 3 2 10 38 104 26 9 3 0 0 2 41 98 17 0 0 0 0 1 16 87 0 0 0;
<CIRCLE 119 120 1.78381 0 3.8666e-05>; 126 23 4 4 8 10 9 25 126 6 0 6 33 1 0 11 12 2 0 34 126 3 0 5 16 2 0 10 47 24 5 11 126 64 17 2 0 0 0 37 103 126 72 26 28 0 0 5 26 36 16 94 126 0 0 0 35 29 15 41 67 5 0 1 21 24 20 29 14 0 0 13 99 126 62 22 7 0 0 2 19 52 49 94 81 0 0 0 5 20 75 85 17 1 0 0 12 1 0 17 21 5 37 27 30 38 40 4 1 29 123 15 2 13 88 52 3 35 71 0 0 1 32 63 5 23 22 0;
<CIRCLE 136 125 8.48528 0 3.84567e-05>; 96 129 34 0 2 2 6 35 26 63 5 20 129 21 1 5 0 1 1 25 129 4 1 0 0 1 3 6 13 5 3 0 91 111 29 0 1 17 29 30 75 94 24 119 129 18 2 10 0 1 7 91 129 30 8 0 0 2 24 16 4 6 9 0 25 5 21 8 1 23 56 59 26 10 51 49 58 85 11 39 0 0 4 23 59 129 91 4 0 0 3 1 1 57 129 1 3 2 57 29 0 1 20 15 1 1 56 24 3 1 36 23 0 0 5 16 5 9 47 22 0 0 9 44 3 15 53 3;
<CIRCLE 57 175 1.26134 0 3.77006e-05>; 0 20 25 6 3 0 0 0 0 1 12 7 1 0 0 0 0 0 31 65 2 0 0 0 0 0 113 107 0 0 0 0 0 138 138 0 0 0 0 0 0 109 126 39 7 0 0 0 0 3 42 138 73 0 0 0 0 1 100 138 7 0 0 0 0 138 94 0 0 0 0 0 0 138 138 32 2 0 0 0 0 16 107 138 51 0 0 0 0 3 18 20 7 0 0 0 1 8 2 0 0 0 2 7 1 32 29 1 0 0 0 3 0 11 45 9 0 0 0 0 0 7 22 1 0 0 0 0;
<CIRCLE 56 174 2.12132 0 3.70533e-05>; 0 24 53 48 2 0 0 0 0 1 14 54 2 0 0 0 0 0 17 33 1 0 0 0 0 0 50 43 2 0 0 0 0 137 137 6 0 0 0 0 0 137 137 30 0 0 0 0 0 7 113 137 1 0 0 0 0 0 137 137 0 0 0 0 0 105 80 0 0 0 2 2 1 137 137 16 0 0 0 1 0 25 137 137 1 0 0 0 3 7 50 44 0 0 0 0 0 1 0 0 0 1 18 4 1 15 12 0 0 0 9 4 0 9 28 3 0 0 1 1 6 9 14 1 0 0 0 0;
<CIRCLE 128 101 3 0 3.56351e-05>; 20 10 1 7 31 3 1 0 0 0 0 13 113 45 8 0 0 0 0 24 89 20 0 0 0 0 0 22 109 0 0 0 56 123 20 2 5 5 8 3 7 4 15 17 59 108 35 4 0 0 2 21 123 91 1 0 0 0 0 21 123 0 0 0 123 71 8 8 15 0 2 44 19 4 59 117 80 8 0 2 0 0 15 101 123 11 0 0 0 0 0 20 123 0 0 0 123 52 11 14 23 0 0 19 8 7 16 63 107 7 0 0 0 0 4 42 92 7 0 0 0 0 0 23 114 0 0 0;
<CIRCLE 99 89 8.48528 0 3.53703e-05>; 1 5 28 13 14 6 2 2 113 35 27 10 8 2 0 14 118 9 0 1 42 9 3 30 0 0 0 5 130 7 0 0 0 0 18 6 11 41 40 7 130 29 20 2 7 21 31 82 124 53 4 1 71 23 7 57 0 0 0 8 130 18 0 0 0 1 130 29 1 8 19 10 29 88 119 5 0 6 27 27 102 130 25 22 47 4 2 4 3 11 5 67 130 4 0 0 0 0 7 2 2 18 80 41 10 3 2 0 1 28 66 48 74 31 9 16 13 17 15 47 2 4 5 48 86 60 7 1;
<CIRCLE 64 119 1.78381 0 3.45618e-05>; 0 0 0 12 75 19 4 3 0 0 0 3 7 6 14 2 0 0 2 2 1 5 10 0 3 0 0 1 1 0 5 16 8 0 0 23 48 9 4 13 38 0 0 0 6 37 110 124 3 0 0 0 57 127 76 15 88 3 0 0 10 9 4 81 48 0 0 10 10 0 0 55 127 0 0 0 14 37 20 127 10 0 0 0 127 127 17 22 127 23 0 0 32 61 5 23 73 0 0 1 0 0 0 127 76 0 0 0 11 9 2 127 1 0 0 5 113 127 3 5 29 2 0 0 34 89 42 28;
<CIRCLE 78 118 3 0 3.433e-05>; 0 0 125 22 1 0 0 0 0 0 125 27 0 0 9 4 0 1 125 18 0 0 34 15 2 4 93 3 0 0 49 24 4 0 4 1 7 49 48 23 58 1 2 1 2 15 64 125 15 1 1 1 1 0 125 125 0 0 0 31 20 12 125 57 27 0 0 0 41 125 37 74 125 26 0 0 20 69 21 60 94 41 1 18 21 1 39 32 0 0 0 125 78 10 14 4 9 0 0 16 60 32 4 31 44 7 0 3 27 36 21 20 88 25 0 4 25 8 1 10 2 0 0 18 76 70 12 5;
<CIRCLE 57 176 1.06066 0 3.39246e-05>; 0 52 49 2 0 0 0 0 0 8 24 12 1 0 0 0 0 0 24 133 15 0 0 0 0 0 111 133 2 0 0 0 0 133 133 0 0 0 0 0 0 133 133 48 7 0 0 0 0 6 42 133 96 0 0 0 0 1 26 117 23 0 0 0 1 110 67 0 0 0 0 0 0 133 133 18 0 0 0 0 0 15 118 127 24 0 0 0 0 3 23 19 7 0 0 0 1 7 1 0 0 0 1 7 1 24 21 0 0 0 0 2 0 10 38 5 0 0 0 0 0 5 21 1 0 0 0 0;
<CIRCLE 127 127 4.24264 0 3.38855e-05>; 116 53 12 0 1 1 3 28 95 32 11 77 49 1 0 6 0 0 0 83 116 2 0 0 0 0 0 19 110 0 0 0 116 51 7 3 3 0 4 43 34 60 70 97 25 14 14 8 0 0 30 116 75 16 3 0 0 0 4 69 66 3 5 0 52 7 1 0 0 0 25 102 20 15 23 15 7 89 96 37 0 0 16 44 19 116 116 0 0 0 3 24 9 74 116 0 15 7 26 8 0 0 15 26 8 15 106 31 0 6 3 2 0 0 116 66 4 33 21 2 0 0 50 46 5 27 38 9;
<CIRCLE 64 121 2.52269 0 3.38459e-05>; 14 0 20 13 44 20 13 32 0 0 23 9 27 13 14 3 1 0 18 5 1 8 9 5 3 0 8 3 1 0 43 42 12 0 0 56 83 8 14 23 51 0 0 4 23 43 71 127 37 1 0 0 57 127 53 42 127 17 0 0 2 5 48 127 34 0 0 62 32 1 0 69 127 0 0 1 18 31 9 127 28 1 0 2 127 127 23 34 127 44 0 0 7 34 21 27 47 0 0 5 2 0 0 127 43 0 0 13 30 2 2 127 0 0 0 36 93 37 10 3 34 7 2 4 9 17 23 16;
<CIRCLE 89 78 3.56762 0 3.31611e-05>; 6 4 11 13 61 2 0 2 27 5 28 46 13 2 0 2 135 1 1 6 4 0 0 25 63 0 0 0 0 0 10 45 1 0 2 17 85 34 27 0 41 3 10 18 10 13 69 28 135 2 0 0 0 0 11 87 135 1 0 0 0 0 8 40 0 0 1 0 9 51 117 1 6 2 2 0 0 11 135 53 112 15 2 0 0 0 40 125 135 20 0 0 0 0 0 14 0 0 94 12 0 0 8 0 1 6 135 10 0 0 9 4 14 58 135 1 0 0 1 4 39 135 91 0 0 0 0 0;
<CIRCLE 64 118 1.5 0 3.22718e-05>; 0 0 0 6 46 15 0 0 0 0 0 3 5 2 7 0 0 0 1 2 1 1 5 0 1 0 1 1 0 0 0 2 7 0 0 4 29 16 5 17 25 0 0 0 5 31 129 114 0 0 0 0 43 128 97 10 33 0 0 2 12 8 0 35 58 0 0 5 6 1 1 46 129 0 0 0 15 40 38 129 9 0 0 0 129 129 28 18 85 17 0 0 49 57 0 17 80 0 0 1 1 0 0 129 102 0 0 0 8 13 3 129 1 0 0 0 117 129 1 5 32 3 0 0 65 129 13 22;
<CIRCLE 121 22 4.24264 0 3.21968e-05>; 82 14 0 0 0 0 0 6 57 2 0 0 4 13 12 42 0 0 0 6 100 34 6 2 0 0 0 45 112 0 0 0 101 76 0 0 0 0 0 2 119 120 40 18 13 12 8 25 1 5 26 120 120 27 4 2 0 0 0 85 120 0 0 0 34 39 0 0 0 0 0 22 34 105 74 27 6 21 27 45 0 5 52 120 67 53 9 1 0 0 0 51 120 4 0 0 92 27 2 0 0 0 0 21 91 15 2 8 25 25 22 47 1 1 1 12 120 68 8 1 0 0 0 6 120 8 0 0;
<CIRCLE 146 137 1.06066 0 3.20324e-05>; 0 0 0 2 2 6 14 0 4 0 0 0 0 3 6 12 9 0 0 0 0 1 26 20 0 0 0 0 0 6 23 0 0 0 0 0 0 137 137 0 6 0 0 0 0 81 137 64 6 0 0 0 0 14 137 137 0 0 0 0 0 51 137 4 0 0 18 6 3 137 137 0 0 0 3 1 0 137 137 23 0 0 0 0 0 43 137 68 0 0 0 0 0 39 137 2 0 0 34 6 0 3 0 0 0 0 27 6 0 14 18 0 0 0 26 17 0 17 34 0 0 0 50 18 0 12 40 0;
<CIRCLE 64 123 3 0 3.10509e-05>; 12 2 43 10 24 11 14 36 0 0 47 16 32 18 20 7 3 0 43 8 0 14 17 18 4 0 23 6 0 0 79 61 8 0 0 61 83 15 38 30 51 0 0 9 29 45 58 125 60 1 0 0 38 125 51 63 125 22 0 0 0 4 66 117 32 0 0 94 37 1 1 98 104 0 0 5 24 24 9 125 26 1 0 8 104 125 26 32 125 39 0 0 4 17 15 20 19 0 0 9 3 1 21 125 20 0 0 36 42 1 4 114 1 0 0 35 67 13 12 10 36 3 0 0 4 5 19 40;
<CIRCLE 137 142 5.04538 0 2.88361e-05>; 96 67 32 31 9 6 11 28 1 6 40 121 75 25 10 0 0 1 8 91 95 8 10 0 0 4 17 4 3 1 6 0 53 23 21 5 2 28 54 82 1 4 51 55 19 121 121 3 0 0 22 55 17 121 121 0 0 0 5 6 4 64 121 3 11 13 121 48 0 0 7 12 0 3 121 104 2 17 29 16 0 0 103 78 7 28 67 48 0 0 8 12 5 19 72 50 0 0 51 22 0 0 66 39 0 0 20 13 0 0 80 52 0 0 2 4 0 0 46 39 0 0 0 6 0 0 10 9;
<CIRCLE 90 78 3 0 2.80766e-05>; 4 8 27 24 34 0 0 0 38 4 33 49 14 0 0 5 148 2 0 4 3 0 0 30 84 1 0 0 0 0 9 40 0 0 1 22 50 26 48 0 61 6 7 9 7 7 77 34 148 4 0 0 0 0 10 97 148 9 0 0 0 0 3 32 0 0 0 0 4 35 148 1 10 2 0 0 0 6 148 74 131 10 0 0 0 0 48 148 148 14 0 0 0 0 0 22 0 1 41 4 0 0 15 0 2 14 69 2 0 0 15 7 22 60 74 0 0 0 2 7 67 98 47 0 0 0 0 0;
<CIRCLE 44 142 1.5 0 2.67413e-05>; 0 0 6 133 51 24 7 0 0 0 8 63 3 4 3 0 0 0 0 9 5 0 2 23 15 0 0 0 0 0 1 133 0 0 0 14 37 133 106 0 0 0 3 2 0 133 116 13 0 0 0 0 0 8 86 133 4 0 0 0 0 2 27 133 0 0 0 1 28 95 26 0 0 0 0 0 4 133 133 14 0 0 0 0 0 19 133 133 0 0 0 8 13 9 17 51 0 0 0 0 9 28 51 0 0 0 0 0 1 22 99 2 0 0 0 0 0 19 78 17 0 0 0 5 21 57 14 1;
<CIRCLE 122 22 3.56762 0 2.50593e-05>; 107 19 0 0 0 0 0 19 37 1 0 0 6 23 22 50 0 0 0 7 115 47 5 0 0 0 0 39 115 0 0 0 115 114 1 0 0 0 0 5 76 108 56 21 17 15 9 20 0 1 26 115 115 26 2 0 0 0 0 87 115 0 0 0 27 66 4 0 0 0 3 27 12 103 115 37 3 24 43 24 0 1 76 115 39 46 8 0 0 0 1 51 76 3 0 0 68 3 0 0 0 0 2 40 61 8 2 5 28 48 57 51 0 0 0 7 115 98 12 0 0 0 0 4 86 12 0 0;
<CIRCLE 92 45 3 0 2.49077e-05>; 0 11 54 0 0 0 0 0 2 23 45 0 0 0 0 0 7 16 6 0 0 0 1 10 19 4 0 0 0 0 3 40 0 16 166 24 7 2 4 0 19 112 166 2 0 3 2 0 134 159 53 0 0 0 0 9 91 3 0 0 0 0 0 27 11 0 34 13 24 27 75 33 103 30 57 5 30 79 51 10 166 41 7 0 2 3 1 45 77 2 0 0 0 0 2 36 28 12 21 20 17 7 9 16 101 0 8 49 75 19 5 7 166 0 0 1 4 0 1 45 32 0 0 0 0 0 12 50;
<CIRCLE 88 118 5.04538 0 2.44856e-05>; 0 0 123 22 0 2 8 0 0 4 123 19 0 1 19 5 18 85 123 1 0 0 7 11 71 123 52 1 5 4 0 4 6 0 88 19 4 19 42 35 17 2 90 13 4 5 123 112 23 19 58 22 30 24 118 40 123 81 21 10 7 2 4 35 28 0 0 1 19 65 51 79 97 12 0 17 38 24 39 67 21 1 0 60 88 38 36 44 93 44 12 8 3 4 19 82 3 0 0 7 31 18 33 32 21 1 0 0 10 15 39 39 3 0 1 1 11 36 76 27 37 10 15 3 0 2 29 61;
<CIRCLE 91 79 2.12132 0 2.44106e-05>; 0 0 15 19 17 0 0 0 62 17 10 5 1 0 0 8 155 6 0 0 0 0 0 48 133 12 0 0 0 0 0 15 0 0 0 6 12 16 97 1 75 5 0 1 1 2 108 62 155 1 0 0 0 0 11 123 131 8 0 0 0 0 0 29 0 0 0 0 0 13 155 8 9 0 0 0 0 0 155 106 116 3 0 0 0 0 50 155 106 5 0 0 0 0 0 26 0 4 6 0 0 0 25 3 5 20 5 0 0 0 21 13 25 44 2 0 0 0 3 11 61 48 0 0 0 0 0 0;
<CIRCLE 77 117 2.12132 0 2.42532e-05>; 0 0 35 7 0 0 0 0 0 0 32 10 2 0 11 6 0 0 20 6 1 0 48 14 2 1 10 0 0 0 60 35 7 0 0 0 9 47 26 10 61 0 0 0 1 2 61 139 15 0 0 0 0 0 139 139 0 0 0 1 0 0 139 108 23 0 0 0 81 139 23 18 139 38 0 0 7 19 8 79 122 53 0 0 1 0 55 53 2 3 0 35 22 1 39 10 3 0 0 2 83 134 12 8 106 23 0 0 10 45 34 34 123 69 0 0 1 0 0 2 10 8 0 36 68 11 0 0;
<CIRCLE 111 101 1.78381 0 2.26214e-05>; 32 53 25 0 0 0 0 0 62 64 24 0 0 0 0 2 16 23 6 4 4 5 2 4 0 0 0 8 14 14 25 6 2 60 162 2 0 0 0 0 17 162 162 1 0 0 0 0 64 162 37 0 0 1 1 2 22 13 4 0 0 1 10 15 6 3 45 5 25 22 11 13 77 90 47 2 3 3 38 27 162 139 3 0 0 1 4 34 55 11 22 14 15 7 0 9 26 9 0 7 23 8 13 27 68 24 2 2 6 26 88 64 162 0 0 0 3 10 15 47 47 0 1 9 70 14 0 7;
<CIRCLE 76 181 3 0 2.24058e-05>; 0 0 102 115 0 0 0 0 0 0 117 117 0 0 3 4 0 0 117 105 0 0 32 23 0 0 74 45 0 0 60 39 4 8 105 117 0 0 0 0 72 23 55 28 0 0 22 86 14 11 10 5 0 0 117 117 0 0 0 0 0 0 101 64 5 11 17 2 0 1 0 0 77 117 24 0 0 0 1 14 16 117 85 0 0 0 9 15 0 60 38 0 0 1 4 3 0 0 0 0 0 12 4 0 0 26 11 0 1 3 0 0 0 101 69 0 0 0 0 0 0 117 93 0 0 0 0 0;
<CIRCLE 121 21 5.04538 0 2.22113e-05>; 41 7 0 0 0 0 0 2 41 1 0 0 3 7 6 24 0 0 0 5 66 17 3 2 0 0 4 43 62 0 0 0 88 51 0 0 0 0 0 2 129 106 27 16 16 16 10 36 2 6 19 125 129 33 6 4 0 0 2 85 129 0 0 0 32 39 6 0 0 0 0 15 55 109 62 29 10 23 25 51 0 7 46 129 98 55 10 2 0 0 0 45 129 2 0 0 120 52 15 0 0 0 0 17 108 21 3 11 30 18 14 39 2 2 1 17 129 49 6 2 0 0 0 10 129 3 0 0;
<CIRCLE 73 178 8.48528 0 2.21684e-05>; 23 33 22 1 11 128 89 57 0 0 7 10 7 71 139 39 1 0 19 20 2 30 105 36 26 8 54 19 6 16 25 55 9 139 139 6 2 22 21 7 3 58 139 98 9 30 27 0 21 29 137 86 2 4 24 22 2 3 69 24 0 0 49 35 2 44 59 0 17 51 45 15 22 90 139 9 11 10 0 0 97 139 18 2 0 0 6 15 23 26 0 1 1 0 21 16 0 0 0 0 5 5 1 1 3 2 0 0 3 1 0 0 15 10 0 0 0 0 0 0 5 2 0 0 0 0 0 0;
<CIRCLE 91 45 3.56762 0 2.19835e-05>; 2 7 37 1 0 0 0 0 4 16 37 0 0 0 0 0 8 14 5 0 0 0 0 9 25 33 3 0 0 0 5 42 0 9 160 62 16 1 2 0 12 95 160 4 0 4 3 0 120 158 59 0 0 0 0 9 131 8 0 0 0 0 2 46 8 1 25 28 76 17 37 24 73 29 60 11 25 68 52 17 160 50 9 0 3 5 2 51 117 11 0 0 0 0 1 41 11 10 21 19 60 5 3 8 82 6 26 60 33 10 3 8 160 1 0 3 4 0 1 50 47 0 0 0 0 0 16 65;
<CIRCLE 94 116 3.56762 0 2.19417e-05>; 0 0 129 24 0 0 2 1 0 9 129 9 0 0 9 7 5 69 129 0 0 0 9 12 87 129 68 0 0 0 2 18 10 0 30 5 0 0 102 84 1 2 23 7 9 10 129 72 22 9 11 20 31 23 82 35 129 38 4 2 2 0 4 62 106 17 0 2 3 7 40 69 8 4 0 96 77 13 62 20 31 1 0 94 52 9 9 51 111 69 9 1 0 0 6 45 62 11 0 1 6 7 6 17 15 4 0 17 75 54 10 3 17 0 0 7 15 28 39 65 49 7 1 0 0 0 26 71;
<CIRCLE 96 114 2.12132 0 2.08424e-05>; 2 3 73 3 0 0 7 8 7 4 74 3 0 0 24 21 33 11 43 1 5 11 13 51 13 17 39 5 9 21 40 35 0 0 0 0 0 0 134 101 1 0 0 4 8 11 134 86 11 3 1 28 73 35 105 55 74 61 2 7 15 6 31 41 0 0 0 17 8 2 134 52 0 0 0 134 51 12 97 15 4 1 0 134 105 11 13 5 101 30 0 11 9 0 0 52 3 4 0 57 50 1 0 0 0 0 0 134 66 3 0 0 17 0 0 75 15 0 0 53 51 0 0 2 2 0 0 120;
<CIRCLE 5 108 1.78381 0 2.06289e-05>; 0 0 0 0 0 0 0 0 0 0 2 25 14 6 1 0 0 0 8 56 8 0 0 0 0 0 29 34 0 0 0 0 0 0 0 0 1 9 3 0 0 0 2 41 120 82 9 0 0 0 114 148 58 4 0 0 0 0 148 75 0 0 0 0 0 0 0 0 3 7 0 0 0 0 0 16 148 146 1 0 0 0 34 103 148 84 0 0 0 0 71 30 11 3 0 0 0 0 0 0 1 0 0 0 0 0 6 7 148 90 0 0 0 0 0 6 148 148 0 0 1 0 0 0 31 16 0 0;
<CIRCLE 46 120 2.52269 0 2.01779e-05>; 0 2 91 9 0 0 5 1 5 2 91 8 0 0 7 8 30 2 54 10 13 9 12 52 0 0 30 11 36 17 7 5 0 0 0 0 0 23 132 7 3 0 0 5 6 7 132 61 22 0 0 51 77 15 76 65 17 0 0 21 49 7 16 39 0 0 0 10 50 49 118 1 0 0 1 132 45 10 99 12 4 0 0 132 85 7 16 10 78 0 0 10 8 0 2 132 0 0 0 73 112 30 0 0 0 0 0 132 40 1 0 1 18 0 0 51 15 0 0 98 57 0 0 1 2 0 0 132;
<CIRCLE 97 113 1.78381 0 2.01704e-05>; 2 1 27 1 0 0 6 7 15 1 24 0 0 0 14 23 59 3 10 2 18 13 9 59 7 3 12 4 31 27 41 34 1 0 0 0 0 0 134 82 4 0 0 3 8 9 134 95 20 1 0 31 85 25 85 69 86 68 2 13 24 8 28 46 0 0 0 21 2 2 134 60 0 0 0 134 51 14 134 19 0 0 0 134 130 11 19 2 70 48 1 11 12 0 0 22 0 0 0 87 28 0 1 0 0 0 0 134 49 0 0 0 6 0 0 85 24 0 0 13 59 0 0 1 0 0 0 101;
<CIRCLE 98 112 1.06066 0 1.97577e-05>; 0 0 0 0 0 0 9 8 26 0 0 0 0 0 14 32 120 0 0 12 14 0 2 69 13 0 0 23 82 14 3 8 0 0 0 0 0 0 136 48 6 0 0 0 6 7 136 136 26 0 0 42 92 17 78 94 19 5 0 44 52 0 0 4 0 0 1 10 1 1 136 39 0 0 0 93 59 13 136 49 0 0 0 136 136 13 26 5 3 2 0 22 34 0 0 0 0 0 5 73 3 0 5 0 0 0 2 136 57 0 0 0 0 0 0 131 67 0 0 0 1 0 0 8 4 0 0 0;
<CIRCLE 92 79 1.78381 0 1.95833e-05>; 1 4 5 3 6 0 0 0 99 30 3 1 1 0 0 10 156 5 0 0 0 0 0 56 100 17 0 0 0 0 0 12 0 1 0 1 3 5 97 5 126 3 0 0 2 2 88 78 156 0 0 0 0 0 5 102 84 4 0 0 0 0 0 31 0 0 0 0 0 4 156 19 18 0 0 0 0 0 156 136 135 1 0 0 0 0 37 154 87 2 0 0 0 0 0 22 1 5 2 0 0 0 36 7 11 15 0 0 0 0 27 20 32 29 0 0 0 0 4 14 59 32 0 0 0 0 0 1;
<CIRCLE 75 181 2.52269 0 1.92698e-05>; 0 0 119 119 0 0 0 0 0 0 119 113 0 0 5 8 0 0 119 83 0 0 47 35 0 0 46 27 0 0 79 52 3 7 65 79 0 0 0 0 88 21 25 9 0 0 18 95 22 10 3 1 0 0 119 119 0 0 0 0 0 0 100 65 4 9 14 1 0 0 0 0 101 119 22 0 0 0 0 14 25 119 79 0 0 0 6 14 1 57 34 0 0 0 4 3 0 0 1 0 0 6 2 0 0 31 11 0 0 1 0 0 0 119 74 0 0 0 0 0 0 119 99 0 0 0 0 0;
<CIRCLE 48 119 1.5 0 1.92442e-05>; 1 2 0 0 0 0 7 1 26 2 2 1 0 0 13 28 114 1 0 33 25 1 3 105 4 0 0 47 96 11 2 9 0 0 0 0 0 0 137 56 8 0 0 6 10 8 137 120 29 0 0 98 106 13 52 97 0 0 0 46 58 4 0 0 0 2 7 8 2 3 137 31 0 0 1 137 62 10 110 18 0 0 0 137 119 7 12 2 3 0 0 21 17 0 0 3 1 2 5 71 12 0 0 0 0 0 0 137 66 0 0 0 0 0 1 79 22 0 0 0 18 0 0 5 2 0 0 35;
<CIRCLE 77 116 1.26134 0 1.86598e-05>; 0 0 0 0 1 0 0 0 0 0 0 0 3 2 15 4 0 0 0 0 1 1 51 7 0 0 0 0 0 0 56 17 15 1 2 3 0 0 0 25 56 0 0 0 0 0 120 156 9 0 0 0 0 0 156 123 0 0 0 0 0 1 156 76 87 9 0 1 4 1 0 68 156 36 0 0 0 0 12 156 81 51 0 0 0 0 81 46 2 7 0 0 3 3 74 6 84 32 0 0 13 17 0 12 156 93 0 0 0 0 0 11 94 68 0 0 0 0 0 0 13 14 0 0 2 1 0 0;
<CIRCLE 123 107 1.78381 0 1.84305e-05>; 66 115 7 0 0 1 1 3 13 5 15 1 0 0 9 12 0 0 22 7 41 43 7 0 0 0 2 11 141 76 0 0 141 46 1 1 2 4 1 36 14 4 64 47 49 13 0 5 0 0 141 89 22 2 0 0 0 0 42 122 106 10 0 0 141 0 0 0 9 6 2 30 15 0 4 31 141 18 0 4 7 0 32 41 83 25 9 17 0 0 8 31 62 27 1 0 141 47 11 5 8 0 0 13 16 12 7 58 141 0 0 0 46 17 0 26 80 11 2 9 0 0 3 47 78 15 2 0;
<CIRCLE 48 118 1.78381 0 1.82675e-05>; 2 3 17 0 0 0 1 0 24 2 14 1 0 0 2 18 67 0 4 12 26 12 19 99 0 0 1 12 81 27 10 7 0 1 0 0 0 0 134 33 19 0 0 1 5 6 134 111 52 0 0 70 84 9 39 90 3 0 0 37 75 9 2 6 0 0 3 7 3 9 134 35 0 0 1 128 65 18 134 39 0 0 0 134 134 11 23 8 28 0 0 19 20 0 0 29 0 0 5 75 19 2 2 0 0 0 1 134 66 0 0 0 2 0 0 97 28 0 0 4 56 0 0 3 1 0 0 114;
<CIRCLE 34 80 0.891905 0 1.7508e-05>; 0 0 0 2 117 7 0 0 0 0 0 9 158 4 0 0 22 2 0 3 108 3 0 1 37 4 0 0 0 0 0 2 0 0 0 5 143 4 0 0 0 0 0 3 158 87 11 0 10 0 0 1 83 52 95 30 14 0 0 0 0 0 102 42 0 0 0 7 98 11 1 0 0 0 0 1 87 144 87 0 0 0 0 0 7 60 158 29 0 0 0 0 0 0 158 46 0 0 0 0 24 32 13 0 0 0 0 0 1 16 76 2 0 0 0 0 0 7 96 4 0 0 0 0 0 6 57 6;
<CIRCLE 55 79 1.06066 0 1.73114e-05>; 46 68 3 3 7 0 0 1 5 12 8 114 145 0 0 0 0 12 64 103 63 0 0 0 66 16 19 12 10 0 0 4 70 12 0 0 14 2 10 53 8 2 1 33 145 82 15 6 0 20 16 31 110 55 82 13 100 27 8 0 0 0 52 44 10 1 9 2 3 7 63 83 1 0 9 8 67 145 89 8 0 0 1 3 17 136 145 6 18 0 0 0 0 14 145 64 1 2 41 4 0 0 6 4 0 0 35 20 2 14 9 0 0 0 5 16 2 21 34 0 0 0 0 1 1 10 39 3;
<CIRCLE 74 179 16.9706 0 1.70602e-05>; 0 0 4 70 123 14 5 0 16 19 32 99 86 49 78 12 123 123 23 35 70 7 31 38 5 13 7 68 123 50 13 1 8 101 123 30 40 10 9 1 14 123 123 23 19 52 117 9 41 37 65 19 26 18 51 34 3 2 3 23 97 123 57 2 24 48 25 0 0 0 0 0 43 102 88 1 0 0 0 0 64 32 23 1 1 1 1 3 3 0 0 17 55 6 2 1 0 0 0 0 0 0 0 0 0 0 0 0 0 0 0 0 0 0 0 0 0 0 0 0 0 0 0 0 0 0 0 0;
<CIRCLE 93 44 2.52269 0 1.64447e-05>; 0 12 46 0 0 0 0 0 3 23 32 0 0 0 0 0 6 11 3 0 0 0 2 10 11 0 0 0 0 0 2 29 0 26 164 6 1 0 0 0 20 127 164 1 0 0 0 0 111 144 42 0 0 0 0 9 47 1 0 0 0 0 0 21 2 2 62 8 5 44 91 10 143 46 82 3 16 54 29 9 164 47 7 0 0 0 0 34 43 0 0 0 0 0 2 28 15 1 3 21 24 22 40 10 140 0 0 21 98 34 10 10 164 0 0 0 1 0 1 45 18 0 0 0 0 0 9 35;
<CIRCLE 56 172 3.56762 0 1.63279e-05>; 0 22 38 7 8 24 15 0 0 0 5 27 27 50 14 0 0 0 3 13 14 33 36 0 0 0 13 12 1 9 28 2 0 133 133 6 1 0 0 0 0 98 133 58 5 0 0 0 0 4 133 133 4 0 0 0 0 0 133 117 0 0 2 5 0 102 82 0 0 5 14 0 1 133 133 18 0 0 4 1 5 24 133 133 0 0 0 0 58 31 59 33 0 0 12 52 0 0 0 0 0 48 43 0 0 8 8 0 0 15 22 1 3 11 15 2 0 6 3 0 30 89 16 0 0 0 0 3;
<CIRCLE 99 112 1.06066 0 1.63266e-05>; 0 0 0 0 0 0 11 8 70 0 0 0 0 0 11 59 95 0 0 26 47 1 0 49 13 1 0 14 71 23 15 20 0 0 0 0 0 0 133 70 17 0 0 3 26 15 133 133 20 0 0 71 114 10 31 45 54 28 0 23 27 0 2 14 0 0 1 21 4 2 133 45 0 0 0 133 121 18 115 35 0 0 0 123 133 7 8 0 6 12 1 8 10 0 0 0 0 0 5 109 10 0 3 0 0 0 0 133 82 0 0 0 0 0 0 71 43 0 0 0 4 0 0 6 1 0 0 1;
<CIRCLE 35 79 1.78381 0 1.5833e-05>; 0 0 0 0 84 9 1 0 1 0 0 7 167 6 0 0 73 13 0 4 69 0 0 0 81 7 0 0 2 0 0 1 0 0 0 0 105 9 0 0 1 0 0 1 167 57 15 1 70 3 0 0 74 21 68 45 72 1 0 0 2 1 48 48 0 0 0 4 76 14 0 0 0 0 0 0 139 150 123 2 3 0 0 0 9 38 167 68 4 0 0 0 0 1 167 85 0 0 0 9 19 8 0 0 0 0 0 5 9 28 32 0 0 0 0 3 3 12 51 2 0 0 0 1 0 5 20 4;
<CIRCLE 141 142 4.24264 0 1.55153e-05>; 9 27 50 81 18 33 27 8 0 0 29 128 57 44 18 0 0 1 6 70 47 10 29 0 0 3 16 1 0 4 14 0 14 14 37 11 7 102 84 20 0 0 31 42 19 128 128 0 0 0 14 33 12 120 128 0 0 0 2 5 5 76 125 2 2 10 128 65 0 2 2 1 0 0 128 119 5 22 25 14 0 0 89 77 8 24 55 44 0 0 5 10 5 19 71 53 0 0 53 28 0 0 60 37 0 0 22 14 0 0 84 63 0 0 3 3 0 0 54 52 0 0 0 4 0 0 16 15;
<CIRCLE 127 120 1.78381 0 1.52568e-05>; 39 2 0 24 111 3 0 1 32 5 1 25 111 16 6 19 4 0 1 31 98 40 3 4 0 0 6 25 37 3 0 0 18 83 43 81 111 0 0 0 72 54 13 69 111 1 0 1 9 10 19 82 111 30 7 0 2 2 11 29 20 18 25 7 55 111 58 60 47 0 0 0 12 27 71 111 61 0 0 0 0 34 111 84 22 13 4 0 0 5 97 72 8 12 13 1 12 32 83 20 1 34 93 1 0 0 65 102 7 39 54 0 0 6 66 63 7 22 15 0 0 1 72 66 0 3 4 0;
<CIRCLE 76 116 1.06066 0 1.44592e-05>; 0 0 0 0 0 0 0 0 0 0 0 0 2 2 16 8 0 0 0 0 1 1 70 15 0 0 0 0 0 0 90 10 12 1 2 3 0 0 0 17 62 0 0 0 0 0 58 149 20 0 0 0 0 0 149 149 0 0 0 0 0 0 149 46 65 3 0 1 1 0 0 59 149 13 0 0 0 0 3 149 139 43 0 0 0 0 49 80 9 18 0 0 0 0 79 11 82 30 0 0 5 4 0 9 149 87 0 0 0 0 0 15 116 75 0 0 0 0 0 0 25 27 0 0 0 0 0 0;
<CIRCLE 36 78 3 0 1.43457e-05>; 0 0 0 1 61 8 0 0 5 2 0 11 157 4 0 0 109 30 1 6 60 0 0 9 117 11 0 6 31 19 6 39 0 0 0 0 70 23 0 0 5 1 0 5 157 57 15 3 127 15 0 3 69 17 48 65 144 24 2 29 39 14 16 43 0 0 0 5 61 16 0 0 0 0 0 2 140 148 98 5 8 0 0 1 11 38 157 104 12 0 0 3 9 36 72 80 0 0 4 39 15 1 0 0 0 0 9 34 10 13 10 0 0 0 17 19 1 4 21 1 0 0 20 9 0 1 3 1;
<CIRCLE 124 23 2.52269 0 1.42851e-05>; 82 14 0 0 0 0 6 45 2 0 0 0 17 48 23 12 0 0 0 16 130 48 0 0 0 0 0 55 89 0 0 0 90 130 25 0 0 0 0 4 4 37 102 42 28 10 1 1 0 0 20 130 130 10 0 0 0 0 0 94 66 0 0 0 9 115 78 0 0 3 28 12 0 38 130 67 4 24 43 0 0 2 95 130 19 21 9 0 0 1 6 38 19 1 0 0 47 0 1 0 0 5 61 66 4 0 6 2 25 107 130 11 0 0 3 3 57 107 20 0 0 0 0 1 22 14 1 0;
<CIRCLE 17 181 14.2705 0 1.35728e-05>; 0 0 0 0 0 0 0 0 2 6 15 76 137 17 15 3 4 11 57 102 88 93 137 14 37 59 39 12 2 18 127 51 0 0 0 0 0 0 0 0 15 132 137 28 26 4 8 7 20 137 137 26 13 49 106 14 28 50 137 45 5 22 81 17 0 0 0 0 0 0 0 0 27 27 16 0 0 0 0 8 28 86 115 2 1 0 0 6 82 59 61 2 0 0 0 3 0 0 0 0 0 0 0 0 0 0 0 0 0 0 0 0 0 0 0 0 0 0 0 0 0 0 0 0 0 0 0 0;
<CIRCLE 27 88 10.0908 0 1.30959e-05>; 0 0 0 0 2 4 0 0 0 0 1 13 103 31 1 0 3 14 55 39 90 5 1 4 19 25 80 23 13 3 0 2 0 0 0 1 6 3 0 0 0 0 8 30 126 46 1 0 2 0 28 17 107 63 53 21 36 7 30 12 25 57 47 31 0 0 0 9 37 0 0 0 0 0 83 126 126 13 15 13 0 0 126 85 14 48 52 13 6 17 126 29 1 16 49 39 0 0 2 8 44 0 0 0 31 19 18 35 126 32 32 88 14 9 14 6 19 126 126 67 0 0 5 4 2 26 126 59;
<CIRCLE 56 78 1.78381 0 1.28383e-05>; 125 16 0 3 1 0 0 2 31 9 2 80 125 0 0 0 75 1 3 46 110 1 0 5 125 0 0 1 39 0 0 13 125 37 0 5 5 2 7 39 20 17 6 119 125 46 9 8 125 18 22 66 51 17 29 32 125 3 0 0 55 1 1 29 21 2 3 0 1 6 70 120 3 0 4 7 61 125 78 22 35 1 0 1 13 75 125 77 61 0 0 0 24 17 29 69 0 1 6 1 0 2 7 7 0 0 7 6 4 14 6 0 0 0 0 0 1 13 36 5 0 0 0 0 0 4 17 10;
<CIRCLE 92 128 2.12132 0 1.28052e-05>; 20 12 0 2 4 1 91 34 0 0 0 92 27 3 59 17 0 0 0 128 68 5 15 1 20 1 0 70 34 0 0 27 64 50 0 9 21 1 0 0 0 1 0 128 128 24 0 0 3 0 0 128 65 19 6 21 47 0 0 15 2 0 1 128 114 33 0 3 16 5 0 3 5 2 0 19 128 128 2 0 8 0 0 9 43 128 63 58 51 8 5 5 0 1 13 128 52 7 2 4 3 0 2 26 2 2 1 14 54 38 11 0 2 0 0 0 16 73 97 7 9 5 3 3 0 4 102 18;
<CIRCLE 91 128 1.5 0 1.27377e-05>; 6 6 0 3 16 4 0 0 0 0 1 103 48 1 0 0 0 0 0 145 59 0 0 0 0 0 1 121 28 0 0 0 19 21 1 12 36 1 0 0 0 0 0 145 145 32 0 0 0 0 3 145 59 27 2 0 6 0 8 26 3 0 2 30 50 15 1 2 25 12 0 4 0 0 0 19 145 145 3 0 0 0 0 14 44 145 59 4 15 3 0 0 0 21 50 145 50 14 5 11 7 1 0 2 0 0 1 43 78 34 1 0 0 0 0 11 75 110 31 1 13 16 0 0 8 30 55 28;
<CIRCLE 56 164 10.0908 0 1.23361e-05>; 8 0 17 46 118 15 22 41 4 0 56 22 14 95 88 41 1 4 50 8 1 19 105 69 57 49 15 4 3 21 36 42 38 108 93 26 55 14 11 51 20 102 118 12 11 118 105 41 0 3 73 49 6 41 118 22 8 3 64 30 1 11 41 34 7 80 72 1 0 4 31 45 2 118 118 12 9 27 25 8 34 95 118 46 3 3 2 5 28 36 26 13 0 0 27 28 6 0 0 0 0 3 10 21 1 1 3 0 11 18 9 3 19 31 4 0 2 1 0 0 18 21 0 0 0 0 0 0;
<CIRCLE 74 182 2.12132 0 1.20415e-05>; 0 0 121 121 0 0 0 0 4 1 119 65 0 0 6 23 0 0 49 31 0 0 84 79 0 0 10 5 0 0 120 81 3 11 44 25 0 0 0 0 121 37 10 0 0 0 6 88 59 29 4 0 0 0 98 121 0 2 0 0 0 0 85 50 4 8 10 1 0 0 0 0 101 121 16 0 0 0 0 4 37 121 90 0 0 0 1 6 2 98 54 0 0 0 2 2 0 0 1 0 0 3 1 0 0 29 9 1 0 0 0 0 0 121 67 0 0 0 0 0 0 121 107 0 0 0 0 0;
<CIRCLE 94 129 4.24264 0 1.17969e-05>; 10 0 59 8 0 3 63 88 2 4 49 8 12 14 118 73 67 23 27 12 24 21 61 34 118 69 11 11 5 0 0 33 110 8 0 1 5 36 43 93 37 8 0 75 115 28 65 36 67 4 0 63 64 19 16 80 118 94 28 11 1 3 17 65 46 3 0 2 18 19 25 50 29 3 0 7 59 77 39 19 24 0 0 2 15 42 106 105 82 17 8 0 0 8 43 118 0 0 0 1 1 3 74 32 0 0 7 7 0 10 69 11 1 0 34 17 0 4 66 26 15 14 78 25 0 0 6 18;
<CIRCLE 37 78 3.56762 0 1.11943e-05>; 0 0 0 3 80 5 0 0 6 3 0 14 146 2 0 0 121 17 1 6 42 0 1 27 56 3 0 11 57 47 8 31 0 0 0 0 84 26 0 0 6 2 0 5 146 66 19 6 146 20 1 3 48 16 45 76 80 13 2 40 66 33 18 29 0 0 0 11 65 19 0 0 0 0 0 5 112 144 91 7 10 0 0 2 6 31 146 105 6 0 1 3 11 58 75 40 0 0 39 57 12 0 0 0 0 0 71 48 8 8 5 0 0 0 98 29 1 3 11 1 0 0 100 19 0 2 3 0;
<CIRCLE 197 159 10.0908 0 1.04797e-05>; 0 1 12 57 132 46 25 0 0 1 28 24 4 17 35 0 47 7 25 12 1 7 8 2 139 6 2 0 0 0 0 16 0 0 6 19 32 119 139 14 0 0 6 27 8 128 139 2 47 2 8 27 18 137 124 23 139 36 15 0 0 6 11 40 0 0 13 92 11 2 35 15 2 1 78 139 13 19 27 1 63 9 49 102 17 29 12 16 72 30 17 0 0 2 2 18 0 0 3 61 27 0 0 0 5 1 19 85 16 0 0 0 43 2 5 5 0 0 0 5 20 4 1 0 0 0 0 0;
<CIRCLE 94 43 1.5 0 1.04705e-05>; 0 13 53 0 0 0 0 0 9 32 32 0 0 0 0 0 10 15 3 0 0 0 2 9 1 0 0 0 0 0 2 11 0 40 160 1 0 0 0 0 18 154 160 1 0 0 0 0 94 153 38 0 0 0 0 3 14 3 0 0 0 0 2 9 0 11 101 10 5 4 4 1 160 87 95 7 3 1 0 3 160 53 5 0 0 0 0 20 28 0 0 0 0 0 3 14 0 0 0 0 23 61 50 1 160 1 0 0 16 18 1 10 160 0 0 0 0 0 0 27 19 0 0 0 0 0 2 15;
<CIRCLE 6 153 0.891905 0 1.04613e-05>; 0 2 66 27 10 0 0 0 0 0 9 91 134 0 0 0 18 1 0 46 134 0 0 2 134 1 0 2 2 0 9 106 0 3 60 58 4 0 0 0 0 0 18 134 134 10 0 0 27 1 0 37 134 43 17 8 134 41 0 1 0 2 5 40 0 7 123 103 3 0 0 0 0 17 48 79 57 23 0 0 3 0 5 31 47 75 27 7 86 99 35 9 3 4 10 12 13 16 75 17 0 0 14 24 18 27 25 31 10 0 1 15 0 1 13 96 24 0 0 0 0 6 54 32 1 0 0 0;
<CIRCLE 57 78 2.52269 0 1.01658e-05>; 121 18 1 0 0 0 1 15 63 4 1 35 121 46 6 20 121 0 0 13 82 28 3 33 48 0 0 10 121 0 0 6 121 21 0 2 1 1 18 46 57 21 5 110 121 43 17 16 121 10 5 41 60 13 20 47 48 0 0 14 121 27 7 8 15 0 0 0 0 3 102 103 7 1 2 7 38 121 83 35 47 0 0 1 12 44 121 91 10 0 0 0 50 85 75 13 0 0 4 4 1 1 7 3 0 0 6 4 3 5 3 0 0 0 7 1 0 3 13 3 0 0 9 2 0 4 14 0;
<CIRCLE 154 142 2.52269 0 9.57941e-06>; 1 0 10 23 1 32 75 9 2 0 1 1 0 11 89 13 0 0 1 0 0 18 52 0 0 0 3 0 0 7 17 0 0 0 19 13 1 122 132 9 0 0 36 31 3 64 132 13 0 0 26 42 11 111 132 0 1 1 5 6 1 59 113 5 0 0 132 111 0 8 12 3 0 0 132 117 2 9 40 28 0 0 83 73 6 10 67 70 4 2 8 7 0 7 72 80 0 0 40 24 0 0 64 65 0 0 12 6 0 0 92 98 0 0 2 1 0 0 62 64 0 0 2 2 0 0 19 18;
<CIRCLE 36 38 1.78381 0 9.23059e-06>; 0 0 0 12 10 4 7 0 0 1 36 56 12 1 0 0 0 12 59 8 0 0 0 0 0 7 31 0 0 0 0 0 0 0 0 29 87 1 1 1 0 10 115 154 137 0 0 0 0 97 157 24 6 0 0 0 0 68 157 0 0 0 0 0 0 0 0 4 152 3 0 0 1 2 16 48 157 7 0 5 8 40 88 15 46 12 11 24 12 51 104 0 0 3 2 11 0 0 0 1 129 1 0 0 6 0 0 2 157 5 0 3 19 0 0 0 43 12 8 17 25 0 0 0 2 4 8 24;
<CIRCLE 157 141 2.52269 0 9.22028e-06>; 2 1 6 17 1 8 48 13 1 1 2 0 0 11 54 3 0 1 4 0 0 9 23 0 0 1 5 0 0 3 6 0 0 0 10 10 0 77 136 23 0 0 20 25 7 99 136 5 0 0 11 23 7 107 136 0 0 0 1 0 0 55 120 2 0 0 136 118 1 16 38 4 0 0 136 120 7 20 58 31 3 2 50 60 7 22 80 80 3 2 2 1 0 16 104 72 0 0 44 26 0 0 69 76 0 0 14 6 0 0 98 102 0 0 3 1 0 0 63 67 0 0 2 3 0 0 18 16;
<CIRCLE 124 24 1.78381 0 9.21442e-06>; 19 12 0 0 0 0 2 9 0 0 0 1 19 20 2 0 0 0 0 26 133 27 0 0 0 0 0 70 98 0 0 0 13 130 87 0 0 0 0 0 0 14 133 55 12 1 0 0 0 0 28 133 111 1 0 0 0 0 1 125 53 0 0 0 0 73 133 5 1 6 16 2 1 19 133 66 7 10 11 2 2 6 110 133 14 7 4 2 3 8 17 43 5 0 0 0 3 0 5 1 0 22 128 25 0 1 11 4 9 94 125 4 2 2 5 6 23 86 32 4 4 2 1 2 6 16 6 3;
<CIRCLE 221 145 12 0 9.03076e-06>; 0 0 12 29 95 8 1 0 25 4 15 15 7 6 0 2 149 5 2 0 0 0 0 40 64 0 0 0 0 0 0 12 0 0 11 22 45 103 149 0 43 7 17 15 6 98 110 11 149 25 6 0 0 9 12 39 62 12 7 0 0 0 0 2 0 0 16 117 17 58 135 3 28 6 39 129 38 110 85 15 149 56 27 4 4 14 14 41 12 25 38 0 0 0 0 0 0 0 11 114 45 0 0 0 43 7 26 61 7 0 0 0 59 8 3 0 0 0 0 1 1 2 3 0 0 0 0 0;
<CIRCLE 61 79 1.06066 0 8.68684e-06>; 0 10 54 91 56 0 0 0 87 23 28 18 14 0 0 5 157 4 0 0 1 0 0 33 25 0 0 1 82 3 0 5 0 16 13 28 99 50 69 10 131 37 12 0 0 0 74 59 157 8 0 0 2 0 5 55 29 1 0 3 110 1 0 1 0 0 1 3 16 121 157 5 24 0 0 0 0 20 157 86 116 3 0 0 1 1 55 120 12 2 0 0 65 23 1 4 0 0 4 14 2 19 29 0 0 0 0 1 2 14 55 5 3 0 0 0 0 1 28 26 1 0 0 0 4 19 8 9;
<CIRCLE 205 157 7.13524 0 8.66059e-06>; 0 1 19 6 0 27 71 0 0 0 19 13 0 24 45 0 23 5 22 4 0 10 12 1 141 6 2 0 0 0 0 16 0 0 0 4 1 66 141 9 0 0 2 21 10 141 141 0 19 0 3 18 18 141 119 19 141 24 4 0 0 8 17 57 0 0 22 114 3 6 16 3 2 1 80 141 11 26 18 0 41 5 37 92 20 32 13 22 68 24 7 0 0 2 5 37 0 0 57 141 6 0 0 0 21 2 51 101 0 0 0 12 71 5 7 6 0 0 0 21 37 13 1 0 0 0 0 5;
<CIRCLE 35 38 1.26134 0 8.46113e-06>; 0 0 2 29 27 2 2 1 0 2 60 72 13 0 0 0 0 23 91 6 0 0 0 0 0 15 46 0 0 0 0 0 0 0 0 24 113 0 0 0 0 4 71 109 155 0 0 0 2 99 155 40 21 0 0 0 0 77 155 0 0 0 0 0 0 0 0 4 136 3 0 0 0 0 5 31 155 5 0 0 29 25 50 20 99 9 11 44 10 29 79 0 6 18 10 11 0 0 0 3 104 2 0 0 3 0 0 5 155 6 0 1 75 0 0 1 85 5 1 29 15 0 0 0 35 13 1 10;
<CIRCLE 60 41 2.52269 0 8.38353e-06>; 0 8 32 0 0 0 0 0 0 4 27 1 0 0 0 0 0 6 16 0 0 0 0 0 1 4 8 0 0 0 0 0 19 90 118 3 1 1 1 10 6 41 122 69 20 9 1 3 34 107 119 21 6 1 0 0 2 11 117 57 14 0 0 0 122 20 9 2 7 9 8 69 37 14 25 40 122 92 9 24 122 48 20 16 66 16 0 23 15 3 38 75 122 0 1 4 122 13 1 8 13 2 2 12 45 8 2 76 122 5 0 3 122 3 1 12 77 2 0 20 22 0 0 10 122 5 1 15;
<CIRCLE 35 37 2.52269 0 8.23438e-06>; 0 0 0 0 5 11 4 0 0 0 4 18 10 6 3 0 0 2 25 16 3 0 0 0 0 1 16 2 0 0 0 0 0 0 0 4 19 12 7 0 0 2 64 140 111 2 2 0 0 68 160 51 12 0 0 0 0 65 160 0 0 0 0 0 0 0 0 1 50 14 3 0 0 1 18 63 160 6 1 0 1 57 148 38 112 8 11 10 55 93 129 0 0 0 2 35 0 0 0 1 57 3 0 0 0 0 0 6 160 3 0 1 8 1 0 1 102 8 26 27 120 3 0 0 1 3 14 44;
<CIRCLE 57 41 1.5 0 8.07021e-06>; 0 21 47 0 0 0 0 0 0 9 35 6 0 0 0 0 0 10 61 5 0 0 0 0 0 16 27 0 0 0 0 0 22 114 74 0 0 0 1 17 8 50 72 120 28 7 1 3 4 45 127 78 11 5 0 0 54 116 89 1 0 0 0 0 74 11 1 0 0 3 25 110 10 5 7 38 99 127 33 27 35 18 37 24 70 122 11 3 127 38 8 0 7 3 0 13 127 1 0 0 1 0 2 22 23 1 0 29 127 34 4 6 32 0 0 16 127 32 0 4 127 0 0 0 12 2 0 25;
<CIRCLE 30 87 10.0908 0 7.99768e-06>; 0 0 0 0 3 6 0 0 0 0 2 18 112 29 2 0 3 17 65 37 70 3 1 4 27 29 81 22 12 2 0 2 0 0 0 2 11 5 0 0 0 0 8 27 124 52 3 0 3 1 24 14 90 59 55 24 55 10 25 11 26 53 44 36 0 0 0 18 52 0 0 0 0 0 102 124 124 17 18 13 0 0 124 75 11 44 51 12 10 26 124 24 1 16 47 40 0 0 3 11 67 1 0 0 33 17 16 34 124 43 40 98 9 5 15 6 17 124 124 57 1 1 6 4 1 22 117 62;
<CIRCLE 57 40 0.891905 0 7.9223e-06>; 0 15 20 1 2 0 3 1 0 4 23 15 3 1 6 1 0 6 74 12 0 0 0 0 0 15 69 0 0 0 0 0 22 122 30 14 0 0 0 1 1 18 70 139 21 1 2 0 0 6 139 106 4 0 0 0 1 73 139 0 0 0 0 0 40 35 8 15 14 10 17 34 0 7 16 139 139 55 4 0 0 4 106 79 38 43 24 0 34 66 98 0 0 4 7 0 7 0 0 0 10 32 64 54 0 0 0 0 100 139 23 0 0 0 0 0 46 139 46 0 54 0 0 0 33 26 7 2;
<CIRCLE 72 125 3 0 7.59526e-06>; 1 0 13 9 33 17 25 16 9 0 16 4 2 36 30 26 25 0 9 3 0 1 115 120 1 0 3 1 0 1 127 82 63 0 0 9 19 27 34 127 57 1 0 0 59 127 51 67 127 43 0 0 3 19 45 107 28 16 0 44 32 2 76 33 78 0 0 6 18 8 4 127 13 0 0 17 120 121 21 30 127 35 0 0 11 30 23 31 62 25 0 21 74 27 0 2 9 0 0 39 35 1 5 79 1 0 0 43 57 7 15 17 27 1 0 0 5 4 34 64 28 4 0 3 16 13 8 16;
<CIRCLE 211 156 5.04538 0 7.57775e-06>; 0 0 5 3 0 35 87 0 0 0 4 9 1 27 49 0 4 3 9 2 0 8 12 0 135 2 2 0 0 0 0 19 0 0 1 8 2 103 135 0 0 0 2 22 11 135 135 0 3 0 2 20 18 135 133 5 135 12 2 0 0 14 40 64 0 0 27 106 2 5 5 0 1 0 72 135 11 22 14 2 35 8 27 109 18 32 20 27 56 16 4 0 0 4 21 44 0 0 64 135 0 0 0 1 23 2 51 101 0 0 0 23 54 10 4 9 0 0 0 49 31 7 0 0 0 0 0 20;
<CIRCLE 150 5 1.78381 0 7.53578e-06>; 0 0 0 1 6 0 0 0 0 0 6 9 0 0 0 0 0 0 19 10 0 0 0 0 0 0 17 6 0 0 0 0 0 0 1 41 98 0 0 0 0 0 67 163 98 0 0 0 0 0 163 163 19 0 0 0 0 0 163 45 0 0 0 0 0 0 0 45 134 0 0 0 0 0 4 77 163 0 0 0 5 1 47 53 131 0 0 4 4 1 39 2 0 0 1 7 0 0 0 28 86 0 0 0 0 0 0 17 163 0 0 0 9 0 0 5 119 0 0 1 10 0 0 0 0 0 0 2;
<CIRCLE 116 35 2.12132 0 7.29724e-06>; 8 32 0 0 0 0 0 5 10 130 75 0 0 2 11 4 0 50 130 24 1 6 13 0 0 0 120 130 9 5 3 0 16 0 0 0 0 0 3 50 30 3 9 0 0 6 108 104 1 1 32 5 4 95 130 14 0 0 18 13 23 126 51 0 68 0 0 0 0 0 0 24 130 7 0 0 0 1 19 68 27 4 1 2 44 66 80 19 0 0 0 2 130 91 10 0 55 1 0 0 0 0 0 8 130 42 2 0 0 0 0 1 21 29 21 28 42 1 0 0 0 0 0 27 130 2 0 0;
<CIRCLE 72 126 3 0 7.13939e-06>; 3 0 6 8 33 19 30 24 13 0 8 2 4 49 36 32 41 0 4 2 0 2 121 129 2 0 1 2 1 1 129 85 74 0 0 9 17 26 29 129 56 1 0 0 70 129 47 66 129 50 0 0 4 23 34 87 33 20 1 48 40 3 51 23 72 0 0 8 21 6 3 129 9 0 0 23 124 99 19 24 129 29 0 0 12 28 24 34 66 23 0 16 71 30 0 3 6 0 0 45 37 2 6 65 1 0 0 43 50 5 20 22 21 0 0 0 3 3 39 70 22 3 0 3 13 10 12 18;
<CIRCLE 262 15 1.78381 0 6.98196e-06>; 140 0 0 0 9 7 1 44 0 0 1 4 116 63 3 1 0 0 14 5 31 42 48 0 0 0 3 0 0 0 12 0 140 0 0 1 15 7 2 44 0 0 19 113 140 58 5 0 0 0 140 110 45 40 65 2 0 0 55 0 0 0 15 1 140 0 0 0 7 14 6 36 0 0 1 18 103 140 59 0 0 0 29 20 34 121 140 6 0 0 7 0 0 1 72 2 113 0 0 2 2 1 1 20 0 0 1 13 6 23 14 0 0 0 2 13 2 20 55 0 0 0 0 1 0 1 9 0;
<CIRCLE 226 148 8.48528 0 6.87856e-06>; 0 0 21 23 3 2 3 0 37 9 29 12 0 0 0 0 153 8 2 0 0 0 0 22 86 3 2 0 0 0 0 5 0 0 6 5 2 103 153 0 54 5 9 4 4 100 94 19 153 23 3 0 0 4 10 50 71 19 19 0 0 0 0 1 0 0 33 129 19 74 96 0 30 4 25 80 38 100 59 26 153 60 20 0 1 7 12 54 14 43 79 0 0 0 0 0 8 2 60 153 3 0 0 1 81 8 25 31 0 0 0 11 65 13 3 0 0 0 0 7 2 4 12 1 0 0 0 0;
<CIRCLE 108 95 3 0 6.8181e-06>; 70 4 0 0 0 0 17 66 123 10 0 0 0 0 0 16 68 10 0 4 17 2 3 7 0 0 0 10 110 5 1 0 21 50 51 0 0 0 1 6 91 121 50 0 0 0 0 1 59 83 14 6 15 2 1 2 1 2 0 10 76 54 20 1 3 30 142 4 0 0 1 4 15 142 142 3 0 3 5 7 142 142 76 0 1 1 3 13 38 25 22 24 15 29 19 5 4 4 19 2 6 7 77 36 37 20 15 5 8 11 32 51 142 42 4 1 6 0 10 85 58 5 18 48 71 2 0 7;
<CIRCLE 72 77 3 0 6.75595e-06>; 85 0 0 9 78 53 7 32 77 0 0 8 146 4 0 20 12 19 45 36 77 1 0 1 29 4 44 64 19 0 0 3 112 7 3 50 80 18 12 27 78 1 0 21 146 33 7 16 0 0 5 49 116 38 50 0 53 7 12 17 11 8 60 23 29 1 0 5 17 59 104 61 18 0 0 0 64 121 108 31 0 0 0 1 18 84 146 1 11 1 0 0 0 11 146 71 0 0 18 4 0 4 13 2 0 0 35 5 0 7 23 1 0 1 50 5 0 2 49 1 2 14 52 2 0 0 35 11;
<CIRCLE 116 22 3 0 6.73857e-06>; 87 36 0 0 0 0 0 2 124 14 0 0 0 0 8 65 5 0 0 0 23 55 30 25 0 0 0 14 120 34 0 0 59 70 0 0 0 0 0 0 125 125 17 0 0 0 1 14 15 44 71 48 48 25 6 7 0 0 8 125 125 13 0 0 10 24 0 0 0 0 1 10 25 125 66 0 0 1 25 27 1 54 125 93 6 30 40 3 0 0 51 125 26 19 3 0 20 3 0 0 0 0 1 25 84 2 1 0 0 3 46 88 12 1 6 5 43 112 103 21 0 0 2 4 63 77 6 0;
<CIRCLE 214 155 4.24264 0 6.62273e-06>; 0 0 1 4 1 40 85 0 0 0 2 5 1 30 50 0 4 2 6 1 0 9 12 0 134 1 1 0 0 0 0 21 0 0 0 6 2 120 134 0 0 0 0 16 16 134 134 0 2 0 0 9 14 134 125 5 134 6 0 0 0 12 44 73 0 0 33 104 3 11 10 0 1 0 54 134 23 35 17 1 34 11 20 82 21 39 29 16 57 15 2 0 0 4 30 49 0 0 70 134 0 0 0 0 21 2 51 112 0 0 0 23 49 5 5 11 0 0 0 61 30 1 0 0 0 0 0 28;
<CIRCLE 62 41 1.5 0 6.56053e-06>; 0 6 30 6 0 0 0 0 0 12 62 3 0 0 0 0 0 21 28 0 0 0 0 0 0 4 15 5 0 0 0 0 4 26 76 116 26 6 0 1 10 70 134 51 6 4 0 0 74 134 82 4 2 0 0 0 9 11 45 68 29 0 0 0 4 2 8 36 92 134 20 12 69 28 39 16 53 95 10 5 134 42 6 2 14 1 0 16 21 1 3 35 134 3 0 1 10 0 0 25 134 31 2 3 64 0 0 11 134 26 1 8 134 0 0 0 18 1 0 32 10 0 0 18 134 0 0 2;
<CIRCLE 20 181 14.2705 0 6.49217e-06>; 0 0 0 0 0 0 0 0 2 7 17 86 137 21 21 4 4 10 59 93 69 93 137 15 42 68 36 11 2 13 117 53 0 0 0 0 0 0 0 0 18 137 137 30 29 5 11 8 18 137 137 28 11 52 112 13 30 46 137 43 5 18 74 19 0 0 0 0 0 0 0 0 31 33 19 0 0 0 0 9 27 85 121 2 1 0 0 5 85 55 51 2 0 0 0 3 0 0 0 0 0 0 0 0 0 0 0 0 0 0 0 0 0 0 0 0 0 0 0 0 0 0 0 0 0 0 0 0;
<CIRCLE 71 127 1.06066 0 6.42085e-06>; 0 0 0 0 113 124 0 0 11 3 0 0 90 124 1 2 124 48 0 0 3 4 1 28 124 65 0 0 0 0 0 7 0 0 0 0 89 121 0 0 7 0 0 0 124 124 12 9 112 0 0 0 9 48 21 98 107 40 0 0 0 0 1 19 0 0 0 19 71 18 0 0 0 0 0 18 124 124 26 3 17 0 0 0 7 68 123 47 37 16 0 0 2 25 42 9 0 0 0 53 57 0 0 0 2 0 0 36 40 8 4 1 11 5 24 8 4 11 39 17 5 3 12 9 29 33 18 3;
<CIRCLE 92 80 1.5 0 6.27502e-06>; 1 2 0 2 7 0 1 0 107 15 4 0 2 0 0 11 156 2 0 0 0 0 0 51 64 4 0 0 0 0 0 21 0 0 0 0 2 3 154 10 94 0 0 0 0 1 153 98 156 0 0 0 0 0 14 122 73 0 0 0 0 0 0 28 0 0 0 0 0 1 156 28 9 0 0 0 0 0 156 114 96 1 0 0 0 0 49 143 78 2 0 0 0 0 0 12 2 5 0 0 0 0 19 7 14 13 0 0 0 0 14 12 27 23 0 0 0 0 2 8 45 25 0 0 0 0 0 0;
<CIRCLE 142 142 4.24264 0 6.1741e-06>; 6 22 49 90 20 36 26 6 0 0 26 128 60 41 18 0 0 1 6 60 41 9 30 0 0 3 16 0 0 4 12 0 10 12 38 13 8 116 87 15 0 0 29 44 19 128 128 0 0 0 13 31 12 113 128 0 0 0 2 3 4 75 123 3 1 8 128 69 0 3 3 1 0 0 128 119 5 23 28 16 0 0 80 71 8 24 57 47 0 0 4 8 5 18 77 53 0 0 49 27 0 0 62 39 0 0 20 12 0 0 83 64 0 0 2 2 0 0 52 50 0 0 0 4 0 0 14 14;
<CIRCLE 38 40 5.04538 0 6.12957e-06>; 1 0 0 0 6 29 18 5 0 0 4 8 5 17 3 0 0 1 13 5 4 6 0 0 0 1 4 0 1 1 1 0 0 0 0 2 39 39 0 0 0 6 79 128 130 12 0 0 13 90 158 42 14 0 0 1 3 43 148 16 4 0 0 0 0 0 0 1 70 45 1 0 4 3 16 50 158 15 1 4 123 52 57 28 90 12 3 49 53 35 56 39 71 9 1 10 0 0 0 4 100 19 0 0 14 3 0 16 158 8 0 2 143 10 0 13 75 19 5 42 45 2 0 14 74 34 6 27;
<CIRCLE 73 44 3.56762 0 6.05226e-06>; 0 7 40 2 0 0 0 0 1 10 33 2 0 0 0 0 4 10 38 0 0 0 0 0 5 12 16 0 0 0 0 1 18 53 124 32 25 9 1 4 20 62 132 80 24 0 0 1 0 21 132 55 10 1 2 0 22 119 132 1 0 1 0 0 73 13 6 37 97 18 1 13 81 13 12 45 132 11 3 14 8 2 77 39 65 37 71 34 132 53 66 5 16 49 30 15 60 3 1 22 67 39 5 22 69 3 1 5 132 12 2 20 18 16 36 37 54 11 10 16 132 3 11 40 31 12 4 12;
<CIRCLE 151 5 2.12132 0 6.02175e-06>; 0 0 0 0 2 0 0 0 0 0 1 4 0 0 0 0 0 0 5 3 0 0 0 0 0 0 3 3 0 0 0 0 0 0 0 46 105 0 0 0 0 0 71 163 86 0 0 0 0 0 163 131 8 0 0 0 0 0 163 53 0 0 0 0 0 0 0 61 163 0 0 0 0 0 10 109 163 0 0 0 6 2 72 51 86 0 0 4 4 1 48 5 0 0 1 7 0 0 0 37 110 0 0 0 0 0 0 18 163 0 0 0 12 0 0 3 82 0 0 1 12 0 0 0 0 0 0 3;
<CIRCLE 71 78 2.52269 0 5.96356e-06>; 118 0 0 13 71 27 3 26 78 0 0 13 150 0 0 11 2 10 15 29 113 0 0 0 0 4 52 42 15 0 0 0 150 9 5 40 50 13 18 38 83 0 0 17 150 34 7 14 0 0 0 45 116 43 62 0 0 1 2 16 24 15 81 2 37 0 0 1 10 41 113 74 18 0 0 0 67 109 90 25 0 0 0 0 16 79 150 1 0 0 0 0 1 21 150 13 0 0 6 1 0 3 11 2 0 0 12 2 0 5 18 1 0 0 16 1 0 1 40 1 0 7 15 0 0 0 33 5;
<CIRCLE 72 127 0.891905 0 5.92316e-06>; 0 0 0 0 125 126 0 0 35 5 0 0 42 63 5 15 126 32 0 0 0 0 0 53 126 57 0 0 0 0 0 6 0 0 0 0 126 126 0 0 29 0 0 0 76 126 28 38 122 0 0 0 0 8 11 103 95 45 0 0 0 0 0 8 0 0 0 19 126 67 0 0 3 0 0 2 65 126 75 16 22 0 0 0 0 23 118 52 41 21 0 0 0 18 32 4 0 0 0 59 60 1 0 0 4 1 0 8 21 23 24 7 7 1 9 3 3 17 76 26 7 1 2 4 28 51 22 3;
<CIRCLE 125 91 1.78381 0 5.55648e-06>; 1 2 1 24 63 11 0 1 0 0 0 16 130 25 0 0 0 0 0 21 130 10 0 0 0 0 0 20 77 0 0 0 0 2 3 47 70 11 1 1 0 0 0 65 130 40 13 0 0 0 0 64 130 44 6 0 0 0 0 44 73 2 0 0 1 4 2 17 25 25 32 12 0 0 0 6 30 113 130 13 0 0 0 4 127 130 62 0 0 0 0 19 121 48 0 0 53 58 5 0 0 2 7 15 4 2 23 1 2 13 27 14 0 0 14 13 130 130 8 0 0 0 0 9 130 79 0 0;
<CIRCLE 230 151 5.04538 0 5.34862e-06>; 0 2 11 8 0 3 3 0 29 6 17 3 0 0 0 1 156 5 2 0 0 0 0 33 93 2 3 7 0 0 0 6 0 0 0 2 5 128 156 0 45 1 1 1 4 80 84 18 156 15 3 0 0 2 13 73 73 18 20 3 0 0 0 3 1 0 32 151 25 78 65 1 38 7 11 51 19 73 79 34 155 64 27 0 0 3 30 67 14 79 117 0 0 0 1 0 20 2 46 109 0 0 0 23 57 8 5 13 0 0 0 57 33 5 2 0 0 0 3 31 1 10 19 0 0 2 14 3;
<CIRCLE 233 153 3 0 5.30259e-06>; 0 0 1 0 0 3 5 0 46 0 1 1 0 0 1 5 167 1 0 0 0 0 0 56 104 3 4 4 0 0 0 8 0 0 1 3 6 127 123 0 64 0 1 1 0 48 102 31 167 16 2 0 0 1 13 94 81 22 23 1 0 0 0 4 23 26 24 82 25 65 50 2 30 11 2 0 0 55 137 34 166 79 36 0 0 2 31 71 15 89 142 0 0 0 1 0 67 8 6 35 4 0 0 36 35 5 1 0 0 0 3 21 30 8 6 0 0 0 8 28 0 15 29 0 0 6 19 2;
<CIRCLE 122 36 3.56762 0 5.2718e-06>; 66 106 3 0 0 0 0 1 41 118 104 32 9 4 2 5 0 2 52 118 106 7 0 0 0 0 0 72 87 0 0 0 33 26 2 0 0 0 5 55 20 43 78 21 8 55 88 57 0 0 43 96 55 110 17 0 0 0 0 27 85 10 0 0 118 9 0 0 0 0 1 33 113 30 5 17 55 36 34 39 0 0 1 19 118 76 7 0 0 0 0 4 118 12 0 0 74 6 0 0 0 0 1 30 54 37 11 28 31 0 0 4 0 0 2 29 118 8 0 0 0 0 0 5 118 4 0 0;
<CIRCLE 122 36 1.5 0 5.2718e-06>; 1 7 34 8 6 21 89 16 3 10 64 19 20 63 79 19 18 19 53 28 31 48 41 29 14 9 12 23 25 30 9 9 35 0 0 0 1 36 135 82 0 0 0 0 10 135 135 20 0 0 0 0 78 135 91 14 1 0 0 0 37 87 14 4 135 2 0 1 19 20 8 38 24 1 0 1 69 51 32 41 1 0 0 0 135 92 6 5 0 0 0 0 106 28 0 0 104 32 4 8 9 0 0 1 25 18 9 20 51 2 0 3 2 2 2 22 135 6 0 0 0 0 0 3 100 1 0 0;
<CIRCLE 73 43 3 0 5.23331e-06>; 0 7 34 1 0 0 0 0 0 9 25 2 0 0 0 0 2 10 33 0 0 0 0 0 2 11 17 0 0 0 0 0 27 71 129 35 20 10 0 2 24 53 128 88 31 0 0 0 0 22 138 44 9 0 0 0 2 62 138 1 0 0 0 0 105 16 8 25 100 29 1 16 87 10 12 59 138 3 1 15 7 2 98 43 65 19 66 35 32 29 118 5 11 57 53 5 115 7 1 35 66 10 1 14 80 1 0 2 138 13 0 15 51 12 12 10 44 13 25 41 37 1 6 34 63 34 21 5;
<CIRCLE 216 155 3.56762 0 5.18159e-06>; 0 0 0 3 1 46 95 0 0 1 1 2 1 31 54 0 0 1 2 0 0 9 12 0 131 0 0 0 0 0 0 17 0 0 1 8 2 120 131 0 0 0 1 21 19 131 131 0 0 1 1 10 12 131 131 1 131 3 0 0 0 20 65 63 0 0 31 107 2 8 6 0 2 1 43 131 28 32 12 0 44 21 17 75 16 36 34 9 46 10 0 0 0 9 47 38 0 0 72 131 0 0 0 0 13 0 40 123 0 0 0 38 51 2 3 11 0 0 0 69 25 0 0 0 0 0 0 27;
<CIRCLE 26 195 10.0908 0 5.17616e-06>; 0 0 18 12 12 0 0 0 53 132 132 39 70 16 13 64 26 132 132 15 11 131 108 45 0 4 85 52 7 39 102 17 0 0 10 0 0 0 2 6 14 121 113 2 0 8 61 95 3 132 132 14 16 45 45 15 42 118 132 47 4 3 1 5 0 0 0 0 0 0 0 3 13 0 0 0 1 5 18 41 1 2 4 0 19 30 15 6 23 35 4 0 3 1 0 0 0 0 0 0 0 0 0 0 0 0 0 0 0 0 0 0 0 0 0 0 0 0 0 0 0 0 0 0 0 0 0 0;
<CIRCLE 263 15 1.5 0 5.12394e-06>; 16 0 0 0 28 17 3 8 0 0 8 13 91 84 21 0 0 0 38 5 7 21 92 1 0 0 6 0 0 0 15 0 12 0 0 12 42 17 2 6 0 0 85 162 162 66 16 0 0 2 162 75 20 23 85 8 0 0 64 0 0 0 14 1 7 0 0 1 26 44 9 6 0 0 5 26 140 162 135 0 0 0 39 12 17 78 162 24 0 0 6 0 0 0 71 4 4 0 0 4 2 7 3 4 0 0 2 8 3 40 40 0 0 0 1 7 4 21 91 0 0 0 0 0 0 1 12 0;
<CIRCLE 234 154 2.12132 0 4.91343e-06>; 0 0 3 0 0 3 6 0 57 0 1 2 0 0 1 7 165 0 0 0 0 0 0 61 123 5 4 1 0 0 0 10 0 0 1 0 0 84 141 0 65 0 0 0 0 42 120 46 165 15 1 0 0 0 13 110 100 30 21 0 0 0 0 4 15 29 9 1 0 51 75 0 15 2 2 0 0 46 151 41 155 82 29 0 0 0 26 78 18 93 139 0 0 0 0 0 49 13 4 0 0 0 1 11 16 4 3 0 0 0 3 8 24 13 8 0 0 0 6 20 0 16 39 0 0 4 19 2;
<CIRCLE 115 35 2.52269 0 4.88016e-06>; 9 29 0 0 0 0 0 1 36 134 44 0 0 0 3 3 3 90 134 31 3 3 5 0 0 1 100 134 33 2 1 0 8 1 0 0 0 0 3 32 37 14 15 0 0 4 71 99 5 9 80 10 6 88 134 24 0 0 39 32 26 115 44 0 39 1 0 0 0 0 0 24 134 10 0 0 0 0 13 60 58 10 4 5 58 61 77 27 0 0 0 5 134 83 11 0 36 0 0 0 0 0 0 17 134 35 1 0 0 0 0 4 38 41 24 36 44 0 0 0 0 0 1 30 134 3 0 0;
<CIRCLE 158 141 2.12132 0 4.72242e-06>; 2 0 0 0 0 7 83 18 0 0 0 0 0 22 79 0 0 0 1 0 0 15 39 0 0 0 1 0 0 6 13 0 0 0 9 10 0 44 132 19 0 0 14 25 10 121 132 0 0 0 8 21 7 110 132 0 0 0 1 0 0 60 125 1 0 0 132 114 1 12 30 2 0 0 132 125 10 20 35 19 3 3 47 60 7 18 58 63 5 3 3 0 0 14 86 74 0 0 49 26 0 0 58 65 0 0 19 6 0 0 99 105 0 0 2 1 0 0 81 87 0 0 1 2 0 0 31 31;
<CIRCLE 139 122 3 0 4.4942e-06>; 0 0 21 72 82 8 0 0 0 0 2 49 117 2 0 0 0 0 0 22 122 0 0 0 6 5 0 2 14 0 0 0 0 3 46 90 71 5 0 0 0 0 27 74 105 7 0 0 0 0 3 60 122 0 0 0 0 7 9 5 11 0 0 0 0 4 69 98 10 58 50 0 0 0 108 119 16 43 30 0 0 0 28 103 34 9 18 2 0 2 8 5 2 1 14 2 0 3 34 6 4 119 119 0 0 0 16 13 5 122 122 0 0 0 5 9 1 97 122 7 0 0 2 4 1 34 122 5;
<CIRCLE 146 136 1.78381 0 4.46213e-06>; 0 0 45 51 0 2 2 0 2 1 14 46 4 0 0 1 6 1 3 2 0 0 2 3 0 0 1 0 0 0 2 0 0 0 6 7 0 121 129 0 1 0 0 3 0 63 129 24 2 0 0 0 0 13 129 41 0 0 0 0 0 28 97 0 0 0 29 7 3 120 129 0 0 0 7 4 2 129 129 13 0 0 8 7 0 40 129 27 0 0 11 12 3 64 129 0 0 0 70 23 0 0 0 0 0 0 112 65 0 8 8 0 0 0 129 90 0 8 17 0 0 0 114 65 2 6 11 2;
<CIRCLE 60 42 3 0 4.32367e-06>; 0 12 46 1 0 0 0 0 0 5 35 1 0 0 0 0 0 7 21 1 0 0 0 0 1 5 14 0 0 0 0 0 24 98 118 0 0 0 1 10 13 54 118 54 25 13 2 6 34 102 118 36 11 1 0 0 1 10 118 63 13 0 0 0 118 19 7 1 3 3 9 55 70 15 14 40 118 56 7 28 118 34 13 29 106 11 0 22 6 2 52 70 118 4 12 12 86 10 0 4 6 2 4 30 66 12 2 71 118 15 2 9 118 5 1 12 106 5 0 18 27 3 1 2 118 12 6 24;
<CIRCLE 242 154 4.24264 0 4.21675e-06>; 23 3 6 2 0 3 4 2 162 2 0 0 0 0 0 45 162 6 5 5 0 0 0 15 0 0 8 7 0 0 0 0 21 0 0 2 5 94 104 22 162 24 2 0 0 4 30 110 159 59 46 1 0 0 0 8 0 12 32 2 0 0 0 0 36 8 9 32 11 38 53 28 127 57 15 0 0 2 30 75 26 125 153 0 0 0 3 3 0 62 154 0 0 0 0 0 49 4 2 4 0 0 0 52 40 2 0 0 0 0 2 40 3 7 11 0 0 2 18 9 0 10 28 0 0 4 16 0;
<CIRCLE 235 154 1.5 0 4.19057e-06>; 0 0 1 1 0 1 1 0 67 0 0 0 0 0 0 8 169 1 0 0 0 0 0 64 107 8 2 0 0 0 0 8 0 0 0 0 0 60 118 0 86 0 0 0 0 20 96 44 169 8 0 0 0 0 8 102 89 27 9 0 0 0 0 3 0 0 3 0 0 64 120 0 24 2 1 0 0 37 169 56 169 81 32 0 0 0 26 95 21 87 115 0 0 0 0 0 0 1 13 2 0 1 2 0 12 9 4 0 0 1 7 4 14 30 18 0 0 0 4 9 0 29 67 1 0 2 4 0;
<CIRCLE 240 155 2.52269 0 4.10294e-06>; 20 0 2 1 0 1 2 3 163 1 0 0 0 0 0 61 163 6 6 2 0 0 0 17 0 2 8 2 0 0 0 0 21 0 0 0 0 60 135 21 163 24 4 0 0 4 36 122 140 51 49 0 0 0 0 8 0 18 31 0 0 0 0 0 11 8 5 1 0 35 84 13 105 67 29 0 0 3 37 63 19 114 163 0 0 1 5 1 0 87 163 0 0 0 1 0 16 2 2 0 0 0 3 10 34 3 2 0 0 0 6 29 1 7 17 0 0 8 34 6 0 20 34 0 0 11 19 0;
<CIRCLE 244 154 5.04538 0 4.08888e-06>; 24 5 13 2 0 2 3 1 173 5 2 0 0 0 0 45 157 4 7 11 0 0 0 11 0 0 5 6 0 0 0 0 29 0 1 6 9 111 113 21 173 33 8 0 0 6 30 104 116 51 58 3 0 0 0 6 0 6 24 2 0 0 0 0 44 9 16 62 16 46 49 37 133 66 29 0 0 3 30 74 16 120 173 0 0 1 7 2 0 35 119 0 0 0 2 0 58 10 3 6 0 0 0 54 44 7 0 0 0 0 3 35 3 6 11 0 0 3 20 7 0 3 16 2 0 4 11 0;
<CIRCLE 249 152 8.48528 0 4.0019e-06>; 29 9 31 12 0 3 2 0 174 13 4 1 0 0 0 26 167 7 4 0 0 0 0 9 0 0 0 0 0 0 0 0 34 3 5 7 12 139 128 21 174 37 5 0 0 12 21 81 132 47 49 0 0 0 0 3 0 0 3 0 0 0 0 0 32 6 39 108 35 77 40 20 174 66 20 2 2 10 13 65 23 70 126 0 0 0 0 0 0 0 7 0 0 0 0 0 83 7 21 23 0 0 0 11 85 16 2 0 0 0 0 7 5 6 14 2 0 0 0 0 0 0 0 0 0 0 0 0;
<CIRCLE 218 159 1.5 0 3.59479e-06>; 0 0 7 18 4 69 93 0 0 0 3 31 27 123 111 0 0 0 4 6 7 123 123 0 0 0 0 0 0 73 123 0 0 0 15 80 11 0 0 0 0 5 42 123 78 9 0 0 17 87 97 55 11 20 16 0 7 21 10 1 0 32 39 0 0 0 37 123 15 0 0 0 3 4 16 123 123 4 3 7 123 60 20 25 23 3 3 45 48 18 9 2 0 0 0 4 0 0 62 123 0 0 0 0 9 0 13 68 13 2 2 6 115 0 0 0 1 1 2 39 29 0 0 0 0 2 3 9;
<CIRCLE 140 122 2.12132 0 3.45757e-06>; 0 0 1 42 104 19 2 0 0 0 3 35 91 1 0 0 0 0 0 29 129 0 0 0 2 6 1 3 24 0 0 0 0 5 55 69 93 22 6 0 0 0 27 76 89 17 12 1 0 0 3 72 129 0 0 0 0 7 9 8 22 0 0 0 0 4 129 93 6 5 1 0 0 0 129 129 15 1 0 0 0 0 34 129 65 0 0 0 1 3 11 11 7 0 0 0 0 0 22 32 9 129 129 0 0 0 39 50 7 112 129 0 1 0 13 30 1 39 90 12 3 1 1 0 0 5 69 17;
<CIRCLE 49 41 2.52269 0 3.43838e-06>; 0 13 69 19 2 0 0 0 0 16 64 0 0 0 0 0 0 7 35 1 0 0 0 0 0 4 21 0 0 0 0 0 0 54 117 46 50 2 2 2 16 117 117 0 0 0 0 7 19 88 117 39 12 7 2 12 15 63 117 42 11 5 0 0 1 6 9 4 109 8 15 14 113 25 20 0 0 2 11 66 108 19 13 23 86 60 18 75 100 30 29 25 102 58 1 14 14 8 1 4 74 3 11 17 112 9 1 1 5 6 16 23 112 19 3 52 98 3 0 8 109 4 1 45 96 3 0 10;
<CIRCLE 218 158 1.5 0 2.85236e-06>; 0 0 4 8 2 98 123 0 0 0 0 11 18 123 123 0 0 0 0 2 4 123 123 0 0 0 0 0 0 58 106 0 0 0 16 70 7 3 2 0 0 3 34 123 55 33 6 0 4 53 76 45 11 45 40 0 2 12 7 1 0 51 71 0 0 0 22 106 17 0 0 0 2 6 21 123 123 2 1 4 104 87 42 37 21 2 1 27 39 24 11 1 0 0 0 2 0 0 62 123 1 0 0 0 6 0 14 98 30 3 3 7 108 0 0 1 4 1 3 43 31 0 1 0 0 1 1 8;
<CIRCLE 70 79 0.891905 0 2.79187e-06>; 3 0 0 3 112 2 0 1 0 0 0 10 148 0 0 0 0 2 3 17 90 0 0 0 0 1 6 31 16 0 0 0 4 0 0 2 138 1 0 0 0 0 0 1 148 44 4 0 0 0 0 10 86 61 48 0 0 0 1 12 13 25 71 4 1 0 0 0 92 26 0 0 0 0 0 0 110 133 74 0 0 0 0 0 11 84 148 0 0 0 0 0 0 28 148 2 0 0 0 0 9 35 9 5 0 0 0 0 3 42 95 0 0 0 0 0 0 9 148 0 0 0 0 0 0 6 148 0;
<CIRCLE 115 24 2.12132 0 2.64582e-06>; 87 66 0 0 0 0 0 0 132 62 0 0 0 0 0 28 13 5 0 0 2 12 12 16 0 0 0 5 73 40 2 0 36 78 0 0 0 0 0 0 98 132 23 0 0 0 0 0 10 108 132 9 1 1 0 0 0 1 76 132 64 3 0 0 6 18 0 0 0 0 1 11 10 113 53 0 0 3 24 17 0 62 132 16 2 15 47 1 0 1 132 121 5 18 15 0 13 0 0 0 0 0 1 33 45 0 0 0 0 2 53 93 6 0 3 1 2 60 132 26 0 0 3 3 28 114 53 0;
<CIRCLE 54 148 1.5 0 2.58087e-06>; 0 0 0 0 0 2 104 142 1 0 0 4 8 14 37 142 0 0 4 27 12 18 4 6 0 0 0 116 46 2 0 0 0 0 0 0 7 27 110 118 0 0 8 61 68 55 15 9 0 0 60 142 21 19 39 0 0 0 10 141 22 8 81 10 0 0 0 0 6 73 63 7 0 0 0 10 45 142 71 0 0 0 5 20 17 97 142 2 0 0 0 4 2 17 142 19 0 0 0 0 15 24 1 0 0 0 0 4 30 51 9 0 0 0 0 6 50 37 22 0 0 0 0 0 13 18 14 0;
<CIRCLE 53 63 3 0 2.53279e-06>; 14 3 0 1 43 4 15 16 113 10 1 10 19 4 6 34 67 7 2 48 113 20 1 10 93 3 0 10 93 3 0 12 49 16 2 5 51 0 1 19 103 10 0 10 36 18 7 69 96 7 1 47 113 59 8 25 113 2 0 2 113 7 1 22 96 24 0 5 59 0 0 3 113 22 1 15 39 16 5 32 81 4 1 40 113 61 7 26 92 0 0 8 113 2 0 20 45 3 0 1 33 16 58 52 89 14 1 17 28 20 29 60 57 6 2 44 64 44 41 32 54 1 0 4 87 32 15 23;
<CIRCLE 46 79 1.5 0 2.43125e-06>; 93 13 0 0 1 0 0 4 101 6 0 3 25 0 0 4 137 50 1 1 2 0 0 2 30 23 7 67 96 0 0 0 100 6 0 0 1 0 46 49 89 3 0 2 23 9 62 49 137 36 0 1 1 2 24 102 30 15 4 49 137 59 12 22 7 0 0 0 0 1 137 96 8 1 0 0 1 7 137 115 18 5 13 0 0 1 124 137 3 1 15 8 33 111 53 32 0 0 0 0 0 9 50 5 0 1 0 0 0 6 28 8 0 4 15 1 0 4 8 4 0 0 16 7 1 5 4 0;
<CIRCLE 58 62 3 0 2.41447e-06>; 72 5 0 0 0 1 10 28 68 8 2 33 90 20 4 19 117 8 2 18 79 11 0 16 21 0 5 25 117 3 4 12 72 10 0 0 0 1 4 45 55 10 2 48 117 42 7 26 117 6 1 21 89 15 2 30 35 4 2 2 117 13 0 13 117 22 0 1 1 0 1 22 68 6 1 30 117 65 10 27 117 1 0 10 97 25 3 42 12 3 4 18 117 1 0 2 86 10 0 1 1 1 25 50 43 10 2 52 77 37 22 18 106 3 1 14 59 17 18 38 4 0 0 12 115 42 28 1;
<CIRCLE 59 63 3 0 2.38612e-06>; 83 5 0 1 0 0 8 27 59 8 2 43 104 17 2 12 117 5 1 15 82 6 0 16 15 0 4 18 117 5 7 16 76 9 0 1 2 3 4 51 54 7 1 42 117 57 8 26 117 4 0 12 96 14 3 34 27 7 4 3 117 12 0 12 117 21 0 2 3 2 2 19 64 6 2 41 117 57 7 21 117 1 0 10 107 14 2 34 4 3 6 24 117 0 0 0 73 8 0 3 4 3 30 57 38 7 2 46 72 49 32 22 91 2 0 8 62 23 22 42 1 0 0 10 94 52 47 0;
<CIRCLE 72 42 1.06066 0 2.37965e-06>; 4 19 18 27 3 0 0 0 0 0 116 44 2 0 0 0 0 9 138 3 0 0 0 0 0 12 117 0 0 0 0 0 27 5 4 51 64 0 0 0 0 1 111 125 111 6 0 0 0 27 138 33 18 5 0 0 0 43 138 1 0 0 0 0 25 0 0 13 119 0 0 1 0 0 3 45 138 41 0 0 1 7 54 49 130 39 0 0 12 35 80 4 12 0 0 1 12 0 0 4 110 1 0 2 0 0 0 84 138 2 0 0 4 0 0 81 69 3 0 2 19 0 0 2 7 1 4 11;
<CIRCLE 235 155 1.26134 0 2.30469e-06>; 1 1 1 0 0 2 8 1 53 0 0 0 1 1 2 8 160 1 0 0 0 0 0 61 121 12 1 0 0 0 0 9 0 0 0 0 0 70 157 0 52 0 0 0 0 33 155 47 160 10 1 0 0 0 18 134 100 35 10 0 0 0 0 4 0 0 4 0 0 38 92 0 11 2 2 0 0 30 158 39 129 78 36 0 0 0 27 83 17 91 128 0 0 0 0 0 1 1 13 1 0 0 0 0 11 8 4 0 0 0 1 1 11 19 11 0 0 0 2 7 1 20 41 2 0 2 2 0;
<CIRCLE 53 148 1.26134 0 2.1198e-06>; 6 0 0 0 0 2 97 146 0 0 0 8 13 18 29 111 0 0 7 17 11 24 3 1 0 0 5 86 23 6 0 0 8 0 0 0 4 27 95 90 0 0 3 54 76 64 15 4 0 0 84 146 31 20 24 0 0 0 55 146 8 6 60 4 0 0 0 0 6 70 63 9 0 0 0 11 55 146 57 0 0 0 7 29 27 142 146 1 0 0 3 7 2 19 146 16 0 0 0 0 11 29 2 0 0 0 0 0 18 62 13 0 0 0 0 1 42 60 38 0 0 0 0 0 20 22 28 0;
<CIRCLE 116 34 1.78381 0 1.93048e-06>; 7 29 0 0 0 0 1 5 6 114 83 4 0 5 9 2 0 48 129 14 3 6 11 2 1 6 129 99 6 4 3 1 13 0 0 0 0 0 7 54 16 1 7 2 1 15 125 84 0 2 21 5 4 77 129 14 1 3 17 7 16 104 87 6 73 0 0 0 0 0 0 31 129 0 0 0 0 7 29 90 18 0 0 0 13 68 113 28 0 0 0 0 129 117 35 2 73 1 0 0 0 0 0 4 129 26 1 1 0 0 0 4 26 17 10 10 22 6 2 4 1 1 1 14 129 11 0 0;
<CIRCLE 73 136 1.26134 0 1.85894e-06>; 0 0 0 88 111 15 0 0 11 3 9 19 47 72 92 26 22 7 19 13 36 75 109 25 111 72 0 0 12 19 3 3 1 0 0 108 111 6 3 4 9 17 66 75 63 54 22 12 47 57 111 53 37 32 33 41 111 28 0 1 13 25 28 31 27 8 2 49 46 5 5 25 15 12 8 9 29 111 99 23 23 9 1 4 3 46 111 111 33 0 0 0 0 3 97 108 18 23 11 14 5 0 1 25 24 25 12 0 0 4 11 58 6 0 0 0 0 4 34 87 3 0 0 0 0 0 19 67;
<CIRCLE 141 123 1.06066 0 1.78167e-06>; 7 3 1 2 19 23 31 25 0 0 0 17 111 3 0 0 0 0 0 30 141 0 0 0 0 2 2 6 47 0 0 0 0 1 87 119 47 19 20 8 0 1 67 83 107 2 0 0 0 0 4 73 141 0 0 0 0 0 6 10 56 1 0 0 0 9 141 88 2 4 0 0 0 8 141 121 10 0 0 0 0 0 33 141 117 1 0 0 0 0 11 29 30 2 0 0 0 0 73 82 4 3 0 0 0 0 92 111 1 0 0 0 0 0 37 104 6 0 0 0 9 2 18 19 1 0 0 2;
<CIRCLE 71 41 1.5 0 1.7232e-06>; 0 18 22 0 0 0 0 0 1 5 24 8 0 0 0 0 0 2 48 4 0 0 0 0 0 5 33 0 0 0 0 0 65 111 59 5 3 0 0 0 9 11 78 105 43 0 0 0 0 16 144 45 11 0 0 0 0 31 144 0 0 0 0 0 144 32 4 3 17 0 0 14 21 1 7 56 144 7 0 1 1 11 105 73 143 11 0 0 3 29 144 15 10 0 0 0 144 0 0 0 21 1 0 26 10 0 0 32 144 1 0 2 6 0 0 57 128 1 0 11 9 1 0 3 10 13 33 27;
<CIRCLE 78 51 1.26134 0 1.70651e-06>; 0 0 2 94 125 16 0 0 27 9 13 14 31 3 1 9 3 2 28 17 59 13 3 1 3 6 45 5 11 3 4 1 9 0 0 44 139 4 0 6 66 0 0 4 9 7 63 125 3 0 0 0 19 103 139 29 1 0 0 0 4 48 139 5 40 0 0 23 139 4 1 12 139 0 0 1 5 2 20 114 40 0 1 12 35 36 106 29 4 3 3 7 10 24 125 2 28 0 0 3 100 39 20 14 139 2 0 1 5 2 5 36 38 4 1 24 52 0 0 1 4 4 7 30 11 0 0 0;
<CIRCLE 56 62 3.56762 0 1.62303e-06>; 31 12 15 7 64 9 7 21 97 23 14 17 44 14 4 39 73 28 23 27 75 15 0 10 18 7 38 56 92 5 7 7 65 6 1 7 72 2 2 27 98 9 2 31 70 31 6 46 111 7 2 32 104 27 4 28 35 5 5 4 111 16 7 17 111 21 1 6 80 2 0 14 111 15 1 25 75 43 8 35 105 2 0 20 111 38 5 40 16 2 8 31 111 7 0 4 40 3 0 0 33 29 87 72 47 7 1 19 33 46 53 57 49 2 0 13 44 47 56 54 4 0 0 6 78 87 78 4;
<CIRCLE 21 189 4.24264 0 1.6116e-06>; 0 0 30 10 0 0 0 1 2 64 60 3 0 0 9 11 0 139 139 0 0 1 17 2 0 139 139 2 0 0 2 0 2 0 0 0 0 0 27 32 6 0 0 0 0 2 94 139 0 6 3 0 0 65 139 27 1 46 31 0 0 57 71 1 1 0 0 0 0 0 85 86 6 0 0 0 0 0 115 139 8 0 0 0 2 96 139 70 0 0 0 0 16 139 74 0 1 0 0 0 0 0 3 8 2 0 0 0 0 0 3 12 3 0 0 0 1 5 2 5 0 0 0 0 7 16 0 0;
<CIRCLE 166 143 1.26134 0 1.52457e-06>; 0 0 0 1 0 65 113 0 0 0 1 0 0 73 113 1 0 0 0 0 0 52 113 0 0 0 0 0 0 30 46 0 0 3 95 96 5 36 54 0 1 43 113 6 0 54 96 1 1 21 56 2 1 87 113 10 0 1 2 1 1 80 113 22 0 1 52 40 0 0 44 41 6 20 52 2 0 0 113 113 6 15 29 0 0 0 107 113 0 1 1 0 0 1 84 74 0 0 0 0 0 0 97 103 0 0 1 1 0 0 90 84 0 0 1 1 1 2 37 26 0 1 1 0 0 0 8 4;
<CIRCLE 261 16 2.52269 0 1.25289e-06>; 176 0 0 0 0 0 0 54 88 0 0 1 75 26 2 19 0 0 4 3 52 32 14 0 0 0 0 0 0 0 2 0 176 0 0 0 0 1 0 77 91 0 3 37 105 47 5 23 0 0 90 74 60 52 60 0 0 0 14 0 0 0 9 0 176 0 0 0 0 0 0 73 71 0 0 6 35 78 21 17 0 0 7 11 21 85 173 0 0 0 1 0 0 0 21 0 176 0 0 0 0 0 0 55 38 0 0 6 18 2 0 6 0 0 1 10 9 4 4 0 0 0 0 0 0 0 0 0;
<CIRCLE 17 196 1.26134 0 1.22215e-06>; 1 0 0 0 0 0 117 105 48 2 0 0 0 0 101 117 32 3 0 0 0 0 39 117 8 0 0 0 0 26 117 54 0 0 0 0 0 3 117 117 17 10 8 6 33 34 71 91 106 21 11 21 13 1 4 117 76 55 31 32 9 0 22 48 2 0 0 0 3 16 109 69 14 0 0 0 44 95 97 68 59 2 1 37 37 19 42 114 84 11 6 34 21 13 65 101 3 0 0 0 0 1 8 12 0 0 0 0 1 20 31 5 8 3 0 3 2 6 15 13 2 0 0 0 0 1 30 31;
<CIRCLE 116 23 1.78381 0 1.129e-06>; 125 80 0 0 0 0 0 4 100 34 0 0 0 0 1 30 3 1 0 0 1 8 8 7 0 0 0 1 52 36 1 0 67 137 0 0 0 0 0 0 83 140 22 0 0 0 0 0 3 53 98 2 0 0 0 0 0 2 41 100 55 4 0 0 11 49 0 0 0 0 0 3 10 140 108 4 0 4 4 1 0 74 140 15 2 3 5 1 1 8 140 140 8 2 1 0 7 0 0 0 0 0 6 37 7 2 11 3 1 13 91 50 0 3 34 6 4 52 140 9 1 3 27 10 11 65 59 5;
<CIRCLE 14 189 1.78381 0 1.00615e-06>; 0 0 1 0 0 0 0 0 34 1 0 0 0 0 1 20 35 0 0 0 0 17 75 46 0 0 0 0 0 20 102 11 0 0 2 1 0 0 19 9 70 6 0 0 0 0 44 61 128 3 0 0 0 5 56 128 3 0 0 0 0 58 128 32 0 0 0 0 0 0 128 114 6 0 0 0 0 1 128 128 56 0 0 0 0 2 70 128 33 10 1 0 0 18 111 93 1 0 0 0 0 0 100 112 0 0 0 0 0 13 128 79 20 0 0 0 0 24 70 59 50 15 2 1 1 2 16 53;
<CIRCLE 87 52 1.5 0 8.34861e-07>; 0 1 35 14 18 13 9 1 1 10 70 4 3 5 15 2 14 18 86 13 8 6 2 0 160 54 24 0 0 0 0 6 3 0 0 0 5 53 144 15 0 0 0 0 10 67 160 3 32 0 0 1 57 95 30 2 160 0 0 0 4 3 0 20 20 1 2 8 16 10 31 8 0 2 3 28 62 28 44 0 33 0 0 29 160 36 4 1 160 0 0 1 13 1 0 21 11 3 10 28 11 0 0 0 0 0 10 56 49 0 0 0 30 0 0 31 146 0 0 3 160 0 0 0 5 0 0 21;
<CIRCLE 57 55 1.26134 0 7.75613e-07>; 91 5 0 3 5 0 0 2 15 1 0 48 140 0 0 0 8 0 0 28 139 3 0 1 140 0 0 0 17 3 0 21 79 40 0 5 11 0 0 0 10 7 1 92 140 0 0 0 16 1 7 86 95 0 0 0 140 2 0 4 10 0 0 15 87 24 0 4 21 0 0 4 10 4 1 93 140 0 0 0 30 2 13 71 38 0 0 1 140 2 0 2 1 0 0 16 44 0 0 0 19 5 10 37 5 0 0 11 140 62 7 5 29 0 1 5 29 24 18 12 140 0 0 0 1 0 1 33;
<CIRCLE 166 144 1.5 0 6.78967e-07>; 0 0 1 5 2 84 120 0 0 0 4 1 0 78 120 0 0 0 0 0 0 66 120 0 0 0 0 0 0 36 61 0 0 0 102 120 9 38 45 1 5 34 120 20 0 43 80 16 5 22 29 0 1 72 120 42 0 0 0 0 0 60 120 36 0 0 43 32 0 0 89 93 5 8 19 3 0 0 120 120 4 6 4 0 0 0 114 120 0 0 0 0 0 1 67 46 0 0 1 0 0 0 75 81 0 0 3 3 0 0 43 40 0 0 3 5 0 1 12 6 0 0 4 3 0 0 1 0;
<CIRCLE 75 179 1.5 0 6.20274e-07>; 0 2 89 61 0 0 1 0 0 0 59 24 0 3 9 7 0 0 16 10 0 2 59 42 0 0 2 1 0 0 105 73 11 11 26 2 0 0 0 3 72 4 6 0 0 0 37 143 8 0 0 0 0 1 143 143 0 0 0 0 0 3 143 96 56 21 29 4 0 0 0 3 143 83 7 0 0 0 3 110 43 44 34 2 0 0 25 55 5 5 7 1 0 3 15 3 21 17 2 1 1 2 0 0 77 143 45 0 0 0 0 0 6 143 108 0 0 0 0 0 7 82 45 0 0 0 0 2;
<CIRCLE 79 136 2.12132 0 5.40436e-07>; 19 1 0 3 102 123 40 19 123 66 0 0 1 20 39 43 123 88 0 7 20 2 0 0 3 3 0 93 123 51 0 0 0 0 3 47 103 44 22 2 89 15 7 10 8 17 40 49 123 46 1 4 11 4 1 26 12 5 1 17 123 114 1 0 11 2 1 23 26 17 35 31 13 0 1 1 1 7 94 123 70 7 2 4 3 1 16 90 4 3 2 15 40 31 24 1 6 0 0 2 0 0 90 88 0 0 0 0 0 0 92 73 0 0 0 0 0 0 69 27 0 0 0 0 0 3 58 7;
<CIRCLE 15 189 1.5 0 5.13254e-07>; 1 0 1 0 0 0 0 0 73 4 0 0 0 0 5 26 46 1 0 0 0 32 90 39 0 0 0 0 0 29 115 8 0 0 1 1 0 0 21 10 113 13 0 0 0 0 36 66 125 6 0 0 0 4 49 125 0 0 0 0 0 50 125 24 0 0 0 0 0 0 125 114 13 0 0 0 0 1 125 125 62 3 0 0 0 1 44 125 22 7 2 0 0 13 105 92 0 0 0 0 0 0 115 89 0 0 0 0 3 28 108 71 46 4 0 4 7 25 25 77 52 22 11 16 8 3 11 42;
<CIRCLE 43 64 1.26134 0 5.06885e-07>; 69 44 5 8 26 1 0 1 42 16 8 8 11 4 7 69 25 5 0 0 15 33 52 67 69 7 0 0 0 0 19 64 103 35 0 2 25 0 0 6 132 55 10 7 10 3 6 91 60 38 21 60 65 13 16 45 101 20 4 1 0 0 37 108 99 23 0 1 24 0 0 3 130 86 10 8 11 0 0 12 132 29 11 49 81 0 0 6 132 13 0 0 1 0 6 45 68 19 0 1 16 0 0 0 128 23 0 1 11 0 0 13 132 2 0 11 67 0 0 7 132 8 0 0 0 0 0 9;
<CIRCLE 43 63 1.26134 0 4.21183e-07>; 83 37 6 11 28 1 0 0 35 25 21 12 15 3 4 37 32 5 2 1 28 31 42 51 97 14 0 0 0 0 14 55 92 50 1 3 27 1 0 5 127 29 5 4 9 5 10 127 39 27 13 36 47 24 35 70 65 18 3 0 0 0 37 97 107 21 0 2 25 0 0 5 127 106 15 10 11 0 0 12 127 40 20 71 81 0 0 7 127 15 1 1 1 0 15 79 71 19 0 1 17 0 0 1 122 22 0 1 11 0 0 17 127 3 0 11 68 0 0 8 127 7 0 0 0 0 0 8;
<CIRCLE 78 62 1.78381 0 4.04368e-07>; 9 0 0 7 145 14 1 5 145 0 0 2 38 9 10 72 39 0 3 15 12 19 59 21 0 0 2 30 104 41 37 0 6 1 0 7 145 23 1 4 145 48 11 8 31 13 2 25 31 18 56 81 7 0 0 1 0 0 20 99 117 0 0 0 1 1 0 12 145 4 0 0 16 60 34 20 55 7 0 0 2 17 145 95 7 0 0 0 2 3 86 75 30 1 2 2 0 0 0 31 145 0 0 0 0 0 5 31 62 5 0 0 0 2 16 38 62 0 0 0 5 16 20 5 3 0 0 1;
<CIRCLE 86 63 1.26134 0 3.10754e-07>; 12 5 5 29 35 0 0 0 2 3 13 70 26 0 0 0 0 0 1 70 139 0 0 0 139 0 0 11 64 0 0 16 3 10 66 81 10 0 0 0 0 3 76 94 21 0 0 0 1 0 10 97 139 1 0 1 139 1 0 6 59 1 0 22 0 7 121 101 4 0 0 0 0 19 139 52 2 0 0 0 9 1 33 117 74 6 25 17 139 0 0 4 17 12 42 39 2 2 12 38 48 2 0 0 6 16 26 14 4 0 0 0 50 33 21 19 9 2 12 21 139 15 18 13 10 10 22 48;
<CIRCLE 48 39 1.5 0 2.82299e-07>; 0 22 73 0 0 0 0 0 0 17 67 0 0 0 0 0 0 8 44 0 0 0 0 0 0 4 27 0 0 0 0 0 1 98 135 0 0 0 0 1 2 111 135 0 0 0 0 0 7 135 135 0 0 0 0 0 3 47 66 56 3 0 0 0 14 27 49 0 9 19 6 19 51 46 84 2 4 4 0 35 86 102 45 0 0 2 21 131 16 37 36 96 70 67 21 25 16 0 0 0 25 7 2 17 106 0 0 0 5 6 2 40 135 0 0 0 0 3 17 104 21 0 0 9 100 92 23 24;
<CIRCLE 16 183 1.26134 0 2.80636e-07>; 1 0 0 0 0 2 1 0 23 5 0 0 0 1 8 16 5 3 2 13 1 9 14 3 0 0 0 6 1 1 7 10 11 1 0 0 2 1 0 2 117 1 0 0 0 7 41 87 17 0 0 0 0 109 132 33 0 0 0 0 0 30 132 25 13 4 3 1 0 0 0 0 132 40 0 0 0 1 5 29 120 8 0 0 0 38 132 63 0 0 0 0 0 70 132 5 2 0 0 0 0 0 92 46 132 16 0 0 0 0 83 132 112 4 0 0 0 0 50 132 0 0 0 0 0 36 132 44;
<CIRCLE 38 147 1.78381 0 2.3015e-07>; 9 0 0 3 108 49 0 2 0 0 0 35 131 131 46 0 0 0 2 20 11 131 121 4 0 0 0 2 0 17 77 131 8 0 0 30 86 13 0 0 0 0 0 8 84 131 26 0 0 0 0 0 7 131 131 5 0 0 0 0 0 35 131 131 0 0 0 9 25 49 11 0 0 0 0 1 16 84 66 0 0 0 0 0 3 56 131 0 0 0 0 0 1 34 97 10 0 3 19 15 4 5 1 0 0 1 2 6 14 13 5 0 0 0 0 1 13 23 7 0 0 0 0 0 12 18 3 0;
<CIRCLE 16 182 0.891905 0 2.26944e-07>; 4 0 0 0 0 1 1 5 24 4 0 0 0 0 13 27 5 2 2 9 1 13 20 4 0 0 0 10 1 5 8 2 35 1 0 0 1 0 0 13 84 0 0 0 0 6 64 136 5 0 0 0 0 119 142 33 0 0 0 0 0 62 126 5 72 5 1 0 0 0 0 5 142 10 0 0 0 2 16 75 68 0 0 0 0 77 142 59 0 0 0 0 0 100 142 2 42 15 1 0 0 0 0 2 142 64 0 0 0 0 0 13 142 13 0 0 0 0 40 76 0 0 0 0 0 23 142 19;
<CIRCLE 78 63 1.26134 0 1.92427e-07>; 31 0 0 2 111 55 27 15 130 9 1 4 8 4 7 39 42 9 5 44 62 0 0 0 3 5 13 54 12 0 0 0 22 11 1 12 130 18 2 1 130 129 28 20 15 1 1 5 17 27 90 130 19 0 0 0 0 5 84 79 10 0 0 0 3 7 0 8 130 27 2 2 46 111 44 26 37 13 3 8 1 21 130 130 8 0 0 0 0 18 130 41 0 0 0 0 2 1 4 26 95 5 0 2 8 6 2 21 64 15 2 21 1 2 12 67 99 5 0 0 7 15 25 11 4 0 0 0;
<CIRCLE 42 52 1.26134 0 1.89466e-07>; 104 0 0 2 126 0 0 20 41 0 0 2 88 5 3 18 49 0 0 0 28 9 1 36 129 0 0 0 14 5 0 34 129 0 0 5 129 5 1 34 33 0 0 1 44 29 79 87 28 0 0 0 75 33 52 51 129 3 0 0 24 3 0 28 129 10 1 14 98 1 1 15 48 46 55 19 9 5 21 44 22 14 25 22 129 18 12 7 129 37 0 0 25 1 1 10 109 35 3 9 78 1 0 0 35 32 25 20 20 1 0 23 35 13 8 2 28 27 32 44 80 10 0 0 6 7 24 65;
<CIRCLE 211 178 10.0908 0 1.56635e-07>; 0 0 8 8 13 90 130 3 0 0 12 10 6 116 130 0 130 13 6 2 3 40 39 39 130 23 14 0 0 0 0 11 0 0 23 112 6 31 114 13 8 3 69 130 32 102 100 1 130 24 16 33 17 47 35 58 66 59 66 0 0 0 0 10 0 0 34 130 41 0 0 0 45 6 62 130 5 0 0 7 112 12 6 5 0 0 0 11 16 8 9 1 0 0 0 1 0 0 0 3 6 0 0 0 3 0 0 0 0 0 0 0 4 0 0 0 0 0 0 0 0 0 0 0 0 0 0 0;
<CIRCLE 39 52 2.12132 0 1.47402e-07>; 0 0 0 5 149 2 0 0 0 4 12 15 149 10 7 5 12 23 34 0 0 3 10 17 81 31 19 0 0 1 3 56 0 0 0 6 149 0 0 0 8 0 0 4 149 6 9 20 25 0 0 0 2 8 43 35 149 6 0 1 2 2 4 38 0 0 0 9 149 0 0 0 25 22 2 17 149 0 1 8 33 22 7 5 7 6 14 26 135 19 0 4 6 2 4 26 0 0 0 2 149 3 0 0 34 17 0 13 149 0 0 1 69 24 2 0 0 0 6 34 62 4 0 0 3 5 8 68;
<CIRCLE 217 30 0.891905 0 1.45176e-07>; 104 0 0 0 1 1 0 10 125 28 0 54 62 0 0 4 78 4 0 97 125 0 0 8 76 0 1 44 98 0 0 11 113 7 0 0 1 1 0 4 125 56 19 66 71 0 0 1 90 43 4 112 125 0 0 5 64 34 5 66 120 0 0 6 33 28 5 1 0 1 0 0 41 63 95 102 20 0 0 0 15 81 27 125 60 0 0 0 13 74 49 50 26 0 1 0 0 2 2 0 0 4 9 0 0 3 12 21 30 15 3 0 16 6 2 15 52 13 0 10 34 8 5 0 0 1 7 22;
<CIRCLE 116 43 1.78381 0 1.30892e-07>; 58 0 0 0 0 0 1 44 126 0 0 0 0 8 57 115 11 0 0 0 7 82 140 28 0 0 0 0 89 140 57 2 118 2 0 0 0 0 0 9 140 26 1 1 1 3 0 18 45 17 8 10 37 22 14 14 1 1 1 11 140 37 4 2 99 2 0 0 0 0 0 9 140 78 5 0 0 0 0 0 20 54 50 33 17 0 0 0 0 1 8 66 140 0 0 0 50 0 0 0 0 0 0 19 108 51 2 0 0 0 0 3 9 37 27 39 7 0 0 0 0 0 2 52 115 1 0 0;
<CIRCLE 169 30 2.12132 0 1.18235e-07>; 75 6 0 0 0 0 0 16 63 0 0 0 6 34 120 102 9 0 0 0 45 95 104 16 1 0 0 5 31 5 0 0 136 26 0 0 0 0 0 10 136 95 33 11 30 21 40 83 8 14 25 59 136 85 31 8 0 0 0 22 73 4 0 0 72 69 2 0 0 0 0 1 69 136 136 27 8 0 0 0 4 38 136 136 74 0 0 0 0 0 5 59 26 0 0 0 40 6 0 0 0 0 0 12 16 8 17 7 17 9 0 9 22 13 16 5 4 2 0 10 0 0 1 8 12 5 0 0;
<CIRCLE 25 157 0.891905 0 8.07881e-08>; 0 8 9 2 1 0 1 0 0 0 9 8 1 2 1 0 0 0 3 13 5 2 1 0 0 0 0 14 4 0 0 0 0 83 89 1 0 0 0 0 0 15 62 12 0 0 0 0 0 8 43 11 0 0 0 0 0 1 10 22 2 0 0 0 0 147 147 0 0 0 0 0 0 147 142 5 0 0 0 0 0 48 89 4 0 0 0 0 0 11 57 6 0 0 0 0 0 147 105 0 0 0 0 0 0 147 147 0 0 0 0 0 0 147 147 0 0 0 0 0 0 60 127 0 0 0 0 0;
<CIRCLE 164 94 2.52269 0 7.85474e-08>; 74 3 0 6 62 0 0 6 143 2 0 0 32 28 17 57 27 0 0 0 107 106 26 21 0 0 0 0 10 22 18 9 105 13 0 7 49 0 0 2 143 69 21 6 18 23 11 36 60 27 34 55 143 122 19 20 0 1 0 13 43 7 1 1 100 3 0 3 32 0 0 6 141 132 82 13 3 0 0 3 22 81 128 84 56 1 0 0 0 3 7 46 25 0 0 0 71 12 0 2 15 0 0 1 41 22 10 28 7 0 0 1 26 64 19 21 2 0 0 0 0 4 18 62 1 0 0 0;
<CIRCLE 214 180 2.52269 0 6.61069e-08>; 0 0 129 139 0 0 0 0 1 0 93 139 1 0 1 26 108 0 10 43 4 0 4 139 72 0 0 0 0 1 6 50 12 7 80 128 0 0 0 11 65 11 8 17 0 0 4 139 39 25 3 0 0 0 12 139 22 6 0 0 0 0 1 47 29 4 1 0 0 0 0 78 118 42 1 0 0 0 0 88 41 125 17 0 0 0 0 22 33 75 5 0 0 0 0 6 7 0 0 0 0 0 0 108 22 1 0 0 0 0 0 97 28 9 0 0 0 0 0 57 32 22 0 0 0 0 0 19;
<CIRCLE 168 28 3.56762 0 6.48251e-08>; 7 1 38 101 205 0 0 2 17 3 57 24 8 8 13 17 4 0 5 9 4 16 25 20 0 0 0 0 20 33 8 1 22 4 0 53 205 0 0 1 113 21 4 4 12 12 34 57 9 5 5 18 66 58 47 19 0 0 0 17 54 4 0 0 20 8 0 64 205 0 0 0 81 85 48 9 7 1 1 6 6 20 68 70 45 6 1 2 0 0 0 27 40 2 0 0 17 0 0 21 205 0 0 2 30 5 6 0 2 1 1 6 4 3 8 2 3 3 1 5 0 0 0 2 23 9 0 0;
<CIRCLE 216 180 3.56762 0 6.00798e-08>; 0 0 88 141 0 0 0 0 9 2 90 141 12 1 0 13 105 22 19 80 7 4 7 50 52 8 0 0 0 2 17 38 8 1 141 141 0 0 0 7 67 6 45 105 0 0 0 136 80 16 1 3 0 0 0 141 56 2 0 0 0 0 0 61 24 1 18 27 0 0 0 78 111 21 0 0 0 0 0 93 72 79 0 0 0 0 0 23 70 52 0 0 0 0 0 9 11 0 0 0 0 0 0 91 27 0 0 0 0 0 0 72 43 4 0 0 0 0 0 31 42 25 1 0 0 0 0 5;
<CIRCLE 213 180 2.12132 0 5.4919e-08>; 0 0 127 139 0 0 0 0 1 0 61 139 0 0 1 34 47 0 8 19 0 0 9 139 97 0 0 0 0 0 2 111 16 9 47 65 0 0 0 13 78 7 3 5 0 0 2 139 46 27 2 0 0 0 14 139 18 11 1 0 0 0 1 70 35 3 0 0 0 0 0 78 139 38 0 0 0 0 0 83 55 139 17 0 0 0 0 19 16 95 13 0 0 0 0 2 9 0 0 0 0 0 0 107 29 1 0 0 0 0 0 100 27 15 0 0 0 0 0 58 33 25 0 0 0 0 0 21;
<CIRCLE 77 71 1.26134 0 5.35869e-08>; 0 0 1 11 136 19 0 1 28 62 15 9 71 29 6 11 8 35 101 136 23 1 0 2 0 18 136 57 1 0 0 0 1 2 7 62 136 3 0 0 21 16 5 31 95 19 2 31 2 3 6 76 136 17 0 7 14 14 20 21 26 2 0 0 3 10 4 56 136 0 0 0 8 34 32 62 72 0 0 2 1 6 10 85 136 2 0 0 15 6 0 10 26 1 0 1 0 1 3 38 136 39 35 0 3 7 17 45 34 22 83 7 1 1 1 37 86 47 72 1 6 5 0 4 6 4 74 7;
<CIRCLE 212 180 1.5 0 3.77029e-08>; 6 3 38 100 0 0 0 6 3 2 7 6 0 0 2 47 1 1 2 0 0 0 32 155 19 0 0 0 0 0 27 155 19 6 17 1 0 0 0 31 79 13 2 0 0 0 2 155 57 46 2 0 0 0 18 155 14 19 1 0 0 0 8 85 51 2 2 0 0 0 0 101 142 88 2 0 0 0 0 96 49 155 26 0 0 0 0 19 5 127 50 0 0 0 0 1 19 0 0 0 0 0 0 97 43 7 0 0 0 0 0 102 35 30 4 0 0 0 0 42 23 48 14 0 0 0 0 21;
<CIRCLE 213 86 3 0 2.38252e-08>; 1 0 0 2 17 14 2 2 0 0 0 5 42 25 4 1 40 4 1 6 28 12 4 12 9 0 0 0 7 6 1 2 9 0 0 28 26 1 1 3 99 3 0 7 20 68 103 106 26 4 1 3 70 142 130 29 4 3 10 3 15 9 1 1 27 7 2 35 17 0 0 1 142 109 6 13 20 27 22 50 38 42 10 80 142 111 27 10 0 0 20 23 53 3 0 0 12 9 4 32 10 0 0 0 134 112 88 32 5 0 0 0 13 29 86 142 120 0 0 0 0 4 24 25 15 0 0 0;
<CIRCLE 77 72 1.5 0 2.36554e-08>; 0 0 0 10 150 5 0 0 10 35 11 8 52 15 2 1 3 21 81 88 17 1 0 0 0 7 109 36 2 0 0 0 0 0 0 47 150 0 0 0 3 5 6 31 61 6 3 3 1 1 6 45 130 3 1 1 5 8 15 10 13 0 0 0 0 0 0 40 150 5 0 0 0 2 17 62 36 4 5 0 1 1 4 52 83 8 5 0 5 5 0 5 12 1 7 1 0 0 0 5 141 97 101 0 0 0 2 9 12 46 150 0 0 0 0 5 16 69 150 0 0 0 0 0 1 8 150 12;
<CIRCLE 219 23 3.56762 0 2.3483e-08>; 0 0 0 0 1 121 50 0 0 0 0 0 2 121 59 1 0 0 0 0 1 56 99 9 9 0 0 0 0 42 53 7 6 0 0 0 20 76 14 10 56 5 1 5 19 121 121 104 2 0 0 8 79 121 121 10 24 0 0 0 3 74 61 14 19 4 0 0 29 24 1 8 121 87 95 80 39 27 23 53 6 8 50 121 121 78 30 9 49 0 0 0 15 61 33 17 1 0 0 0 16 31 2 3 5 8 29 26 58 32 2 10 12 1 16 20 8 16 21 38 67 0 0 0 5 43 17 24;
<CIRCLE 214 97 3.56762 0 1.6082e-08>; 8 0 0 19 22 4 1 3 62 3 0 4 19 51 79 67 12 2 1 2 54 101 65 12 34 2 5 5 13 3 0 4 27 10 3 42 17 0 0 1 127 109 21 32 37 21 18 34 18 21 22 118 127 59 14 5 83 3 17 27 17 0 0 6 6 11 11 54 12 0 0 0 53 108 127 68 6 0 0 0 2 19 110 127 47 0 0 0 127 8 34 22 2 0 0 10 0 0 61 69 1 0 0 0 0 17 86 85 0 0 0 0 0 39 93 24 0 0 0 0 127 20 61 11 0 0 0 11;
<CIRCLE 214 95 5.04538 0 1.04494e-08>; 0 0 0 0 16 18 2 0 1 0 0 0 12 16 10 5 7 0 0 0 6 12 8 6 227 0 0 0 4 1 0 50 2 1 0 22 41 6 0 0 53 20 5 11 13 15 18 21 11 4 4 28 56 31 15 5 227 1 1 5 2 0 0 67 0 1 7 46 21 0 0 0 18 35 53 33 4 0 0 0 13 10 45 57 19 0 0 0 227 5 4 5 0 0 0 68 0 0 43 37 0 0 0 0 0 5 58 36 0 0 0 0 20 17 58 10 0 0 0 0 227 13 8 2 0 0 0 47;
