KOEN1
128
246
<CIRCLE 129 144 1.78381 0 0.000234458>; 0 0 10 1 0 5 108 38 0 0 20 4 0 29 133 11 0 1 12 3 1 37 100 20 20 5 0 0 0 26 34 28 0 0 133 78 0 0 5 4 9 31 133 26 0 2 4 0 80 68 101 8 1 5 5 3 21 6 5 0 0 4 16 14 0 0 133 85 0 2 10 1 96 55 133 7 0 0 3 9 133 122 91 0 0 0 0 6 12 22 133 0 0 0 0 1 0 0 0 2 0 18 47 1 21 20 2 0 0 6 41 12 21 72 72 0 0 0 6 21 3 17 119 0 0 0 1 10;
<CIRCLE 128 145 2.12132 0 0.000203855>; 2 0 8 1 0 0 105 67 0 0 29 3 0 17 135 17 2 2 16 2 0 26 127 23 26 2 0 0 2 13 33 32 1 1 135 120 0 0 8 19 8 35 135 45 0 2 9 2 81 112 119 4 0 6 9 1 21 15 23 0 0 3 13 18 0 0 85 126 4 10 20 0 51 45 100 20 0 4 20 7 132 135 88 0 0 0 1 3 9 43 135 0 0 0 0 0 0 0 0 3 7 23 42 1 5 5 5 1 1 11 49 6 18 35 22 1 0 0 9 20 5 20 57 4 1 0 0 2;
<CIRCLE 216 111 2.12132 0 0.000162916>; 0 0 0 0 0 4 33 11 0 0 0 0 1 18 34 1 0 0 9 6 4 9 5 0 0 1 26 3 0 0 0 0 17 5 0 0 0 7 140 70 1 0 0 3 24 93 140 7 0 0 13 33 140 118 50 0 4 1 65 18 18 2 7 14 65 98 3 1 10 11 28 24 13 35 13 140 104 27 64 7 10 0 0 140 140 26 5 6 52 3 4 13 17 2 8 49 18 50 9 10 30 28 0 0 5 29 24 140 89 0 0 0 16 0 0 123 81 1 2 51 24 2 3 4 7 6 6 51;
<CIRCLE 178 136 1.78381 0 0.000154366>; 0 17 140 21 24 23 6 0 30 97 140 1 0 3 7 3 119 139 44 2 2 0 0 1 6 9 13 32 67 9 0 0 0 0 18 21 71 70 90 0 64 34 29 9 0 21 114 25 140 52 5 1 0 4 22 62 16 3 11 16 56 56 18 7 1 6 8 0 8 69 140 2 9 3 6 0 0 47 140 38 72 2 6 1 0 2 106 140 8 1 3 4 4 49 15 12 2 20 22 0 0 1 14 4 1 12 26 8 1 4 21 1 0 10 46 7 2 2 9 5 0 9 30 6 0 0 0 0;
<CIRCLE 131 148 1.5 0 0.000153955>; 0 2 145 26 0 0 0 0 27 49 145 26 0 1 0 1 72 35 35 5 0 4 4 12 12 1 1 0 1 3 9 10 9 8 145 19 0 0 3 6 145 91 106 1 0 0 0 40 145 58 108 0 0 0 0 28 2 12 136 1 0 0 0 2 8 1 1 0 0 11 28 15 91 108 50 0 0 2 11 26 28 82 145 0 0 0 8 14 1 11 145 1 0 0 10 12 0 5 6 1 0 16 56 3 12 7 4 5 5 7 45 28 16 6 14 3 4 1 19 31 5 11 41 2 1 0 12 17;
<CIRCLE 146 135 1.78381 0 0.000153129>; 39 5 0 3 35 37 50 21 30 1 4 35 19 17 92 123 14 2 40 102 90 13 4 40 71 25 18 10 29 18 13 32 88 27 0 1 4 8 25 33 21 3 3 123 123 32 35 21 1 11 88 123 63 42 43 1 109 101 49 5 0 5 23 17 33 4 0 0 2 19 39 59 14 0 1 9 76 123 50 16 0 0 2 6 25 123 123 0 56 12 1 0 3 68 123 41 10 5 22 1 0 0 5 9 2 2 27 23 2 8 7 1 0 8 29 8 5 17 35 0 0 1 6 4 17 47 30 3;
<CIRCLE 147 134 2.52269 0 0.000147707>; 41 24 0 1 24 44 23 6 40 2 1 9 31 25 44 94 40 20 13 32 69 9 28 60 113 31 5 7 7 1 16 29 88 7 0 0 6 14 46 56 28 1 9 98 87 33 73 70 56 46 71 115 61 23 26 23 115 58 6 4 18 3 3 14 29 10 6 0 1 22 59 41 15 1 3 22 67 115 62 25 28 12 11 16 22 115 115 21 87 50 4 0 4 17 51 29 38 52 107 0 0 0 2 5 0 9 115 13 0 6 7 2 0 10 115 7 6 26 24 0 3 13 68 1 2 15 33 9;
<CIRCLE 285 137 1.06066 0 0.00014142>; 1 3 4 1 5 58 72 13 3 4 12 0 2 50 96 15 15 13 10 3 13 30 22 6 42 28 6 4 5 5 23 27 7 38 66 87 32 28 18 8 24 119 50 33 38 56 48 11 4 23 28 105 119 49 12 0 19 119 45 23 12 0 0 1 3 35 119 61 0 1 12 1 1 119 119 57 7 2 14 0 0 13 106 119 30 3 19 0 1 83 59 17 1 1 14 3 2 1 7 0 0 6 119 4 0 2 16 4 0 10 119 3 0 0 9 7 0 5 119 2 0 3 3 0 0 29 113 4;
<CIRCLE 126 145 3 0 0.000140126>; 1 0 0 0 0 0 40 83 0 0 3 0 0 4 126 40 26 2 3 0 0 8 126 51 29 0 0 6 19 16 37 47 1 1 78 61 0 0 51 119 3 18 126 90 0 2 68 33 37 118 126 5 0 9 64 9 13 20 42 2 6 19 26 26 0 1 126 114 5 8 19 3 14 23 120 87 5 20 37 5 74 126 95 1 0 0 8 8 5 61 126 1 0 0 0 0 0 0 3 7 10 16 49 4 0 1 1 2 18 37 30 2 12 20 10 5 1 6 13 7 1 18 50 9 2 3 1 0;
<CIRCLE 245 137 3 0 0.000137306>; 1 0 4 37 73 17 9 3 17 27 6 22 29 10 18 4 18 95 48 0 0 5 21 4 0 61 44 0 0 0 9 0 3 0 0 80 72 3 2 12 48 10 7 5 10 10 92 120 9 24 26 11 32 120 120 51 0 41 74 6 30 80 13 0 29 0 4 39 27 2 3 102 74 39 100 29 45 32 22 120 23 56 120 60 55 80 36 38 4 3 12 13 39 94 89 9 87 6 14 17 3 2 2 114 12 2 21 51 70 57 22 41 11 10 17 4 8 20 44 64 4 1 0 0 0 1 15 17;
<CIRCLE 178 135 2.12132 0 0.000130003>; 0 16 133 48 31 5 0 0 8 100 133 1 0 1 1 0 32 109 48 8 9 0 1 0 1 3 22 58 56 0 0 0 0 1 25 19 133 74 26 0 72 63 58 7 7 16 57 17 133 93 11 5 5 4 10 39 7 5 8 43 120 61 11 3 5 7 2 0 29 93 133 2 17 3 2 0 0 46 133 50 79 3 6 1 0 7 78 133 3 1 4 1 12 88 34 9 6 18 28 0 0 1 12 5 0 12 44 7 0 2 30 2 0 7 55 8 0 0 9 8 0 10 36 1 0 2 2 0;
<CIRCLE 244 138 3 0 0.000129706>; 1 0 2 37 72 17 12 5 10 16 4 23 41 13 22 7 17 87 41 0 0 9 35 5 0 72 52 0 0 2 5 0 3 0 0 88 74 1 1 10 59 12 10 8 12 5 64 123 18 22 43 17 33 123 123 80 0 30 55 10 45 120 22 0 32 1 8 44 26 0 2 99 66 27 71 29 55 40 20 123 28 63 123 56 47 55 31 44 7 6 19 16 39 82 73 16 98 7 16 16 0 0 1 106 19 3 23 60 58 46 15 45 7 6 7 5 14 24 46 58 4 1 0 0 0 0 9 21;
<CIRCLE 215 112 3 0 0.000129177>; 2 0 0 0 1 4 36 25 0 0 0 0 0 9 40 13 0 0 7 3 3 9 6 0 0 0 20 2 0 0 0 0 12 3 0 0 6 67 134 59 15 8 0 10 28 74 134 51 2 0 19 50 134 111 58 3 5 1 69 16 11 10 16 14 21 28 6 7 83 84 17 13 34 79 35 134 90 23 39 18 20 0 3 134 134 21 8 35 31 6 9 16 13 15 20 39 20 38 49 15 58 28 1 3 9 12 16 134 134 19 0 1 39 3 2 84 39 1 6 73 4 0 2 21 34 13 17 22;
<CIRCLE 217 110 1.5 0 0.000124915>; 0 0 0 0 3 11 21 5 0 0 0 8 3 10 19 0 0 2 14 9 2 5 3 0 0 3 29 1 0 0 1 0 0 0 0 0 1 21 146 9 0 0 0 4 21 88 146 2 0 0 15 23 128 106 56 0 0 1 74 17 21 0 1 4 11 28 4 3 0 2 94 13 0 0 3 98 132 37 90 4 0 0 0 146 146 30 8 0 28 0 3 15 31 0 2 27 24 70 13 20 5 0 0 0 0 2 7 146 116 0 0 0 4 1 3 146 96 1 0 3 52 2 2 8 3 0 0 43;
<CIRCLE 168 135 1.5 0 0.000122778>; 14 21 3 10 51 8 0 0 0 2 47 64 145 90 2 0 0 18 145 15 11 43 29 0 3 44 145 1 0 5 25 3 23 21 4 5 24 10 0 3 2 3 3 28 145 111 7 0 0 0 75 38 66 63 80 0 7 13 70 10 0 14 67 5 14 69 29 5 8 1 3 1 11 22 2 8 97 90 85 4 0 0 8 4 21 104 145 2 2 2 9 0 0 59 145 7 11 27 3 0 5 11 40 13 29 50 13 0 2 5 18 5 1 19 42 0 0 6 51 3 0 9 16 2 0 9 61 0;
<CIRCLE 177 133 4.24264 0 0.000118463>; 10 0 0 1 0 0 109 67 1 5 13 3 0 0 126 84 1 6 11 9 0 4 116 108 0 0 14 15 15 45 88 6 79 27 7 26 19 6 19 32 15 56 104 60 34 22 41 21 29 78 60 51 17 13 13 27 5 17 72 57 28 16 18 7 39 12 35 4 12 23 32 30 13 14 56 7 21 57 109 36 24 21 52 4 9 31 64 70 3 6 19 45 49 43 81 10 0 14 126 5 0 0 2 1 0 18 126 9 0 0 5 1 0 45 126 7 0 0 2 1 0 16 122 94 18 1 1 0;
<CIRCLE 167 128 1.78381 0 0.000114982>; 48 16 1 0 0 0 46 42 0 1 18 11 2 0 77 13 1 13 33 1 0 0 70 8 0 7 15 0 0 22 38 6 134 23 2 5 13 1 0 13 1 3 68 108 98 10 0 0 0 41 134 41 16 7 1 0 2 77 134 0 0 1 1 0 112 39 2 2 10 1 0 7 1 5 7 29 134 84 0 0 0 5 76 34 101 71 14 0 29 42 92 6 0 8 16 4 76 49 15 0 1 0 3 8 3 20 7 4 100 50 16 1 0 0 6 10 65 99 134 0 12 7 10 4 0 30 134 16;
<CIRCLE 154 136 2.12132 0 0.000109081>; 24 0 5 44 23 8 39 88 30 18 33 64 83 11 5 23 122 38 5 3 6 2 2 23 20 4 17 51 75 9 0 0 6 0 9 104 118 59 33 11 46 53 66 79 27 42 84 17 122 98 7 0 2 1 13 22 19 19 5 6 120 40 2 0 2 0 4 5 28 107 73 6 10 1 3 2 9 122 122 17 72 37 2 0 1 35 89 42 22 42 6 1 15 20 21 8 0 5 118 12 0 1 2 0 0 9 122 7 7 18 8 0 2 16 78 1 3 17 38 9 6 9 52 1 1 9 18 7;
<CIRCLE 170 130 4.24264 0 0.000104883>; 2 0 0 0 0 0 65 52 1 0 0 0 0 0 127 60 0 1 1 0 0 0 127 127 0 0 4 5 2 21 127 48 53 19 4 8 9 5 42 59 46 18 44 59 28 6 79 46 18 92 104 28 8 4 47 43 7 22 58 72 18 10 9 12 42 13 15 9 18 57 51 24 43 15 20 22 45 58 47 22 36 41 38 11 14 38 106 81 13 13 18 21 24 56 60 29 0 13 127 5 0 9 11 3 2 19 127 2 0 3 12 5 0 19 127 6 0 2 22 10 0 34 127 22 2 4 10 3;
<CIRCLE 168 128 1.78381 0 0.000104841>; 34 7 1 1 1 0 51 37 0 2 24 11 2 0 78 8 1 15 31 0 0 2 66 10 1 5 13 0 0 25 37 7 98 16 2 13 27 1 0 7 0 5 114 118 91 11 0 0 0 53 137 21 7 5 1 0 5 90 137 0 0 1 1 0 75 29 2 4 28 6 0 3 0 2 14 35 137 102 0 0 0 8 95 28 59 53 19 0 59 61 83 4 0 5 12 6 48 46 17 1 5 1 1 3 3 13 4 5 122 73 35 1 0 0 9 10 39 87 137 0 28 11 8 2 0 23 137 30;
<CIRCLE 191 132 3 0 0.000104379>; 8 14 26 1 0 2 58 48 7 3 23 39 3 0 13 17 0 3 54 23 31 24 7 0 10 23 9 11 51 33 1 2 57 117 102 5 3 2 5 8 23 34 41 97 87 19 3 2 17 57 117 51 28 16 23 14 37 37 24 38 85 24 3 12 72 21 5 1 1 13 114 95 32 7 6 12 48 103 53 38 15 12 13 14 28 59 117 53 27 7 1 113 117 4 34 42 0 8 103 3 0 1 29 12 0 26 96 0 0 6 9 5 1 20 40 80 35 4 29 4 2 0 1 117 117 1 4 10;
<CIRCLE 146 136 1.5 0 0.000101863>; 30 12 0 1 8 21 78 35 8 0 4 98 31 5 76 89 3 4 98 132 39 5 1 10 14 45 76 10 12 16 15 12 90 37 1 2 13 4 7 34 14 1 0 117 132 62 13 5 0 3 38 118 72 69 91 0 51 59 47 3 0 15 65 14 38 0 0 0 5 9 24 57 7 0 3 3 59 132 67 5 0 0 4 1 10 115 132 0 14 0 0 0 7 103 132 21 10 2 8 3 0 0 2 7 2 2 19 22 7 4 5 0 1 9 32 5 3 6 23 0 0 1 4 9 24 38 14 0;
<CIRCLE 243 139 1.78381 0 9.86785e-05>; 0 0 0 14 13 3 3 0 6 0 0 0 1 4 18 42 1 0 0 0 0 27 128 55 0 3 1 0 0 69 52 0 5 2 1 2 3 0 0 19 92 11 9 0 0 0 6 128 47 31 67 7 2 48 119 128 0 1 26 30 43 128 63 0 35 0 0 2 4 1 3 112 42 16 56 66 50 8 6 117 15 73 128 41 9 5 1 7 11 30 128 59 22 9 0 7 42 0 1 6 9 7 3 128 4 0 4 35 98 99 8 22 2 7 28 11 14 61 58 24 19 12 14 0 0 0 20 66;
<CIRCLE 178 129 1.5 0 9.42379e-05>; 0 26 70 0 0 0 1 0 0 17 62 0 1 9 7 1 0 8 19 4 2 3 9 8 0 0 10 22 14 2 0 0 0 46 149 3 0 9 11 0 12 127 149 0 0 1 9 3 84 149 89 2 1 0 0 2 10 10 11 14 32 25 0 0 0 2 72 14 8 30 51 0 48 51 79 6 0 8 47 19 149 94 11 4 2 2 2 18 27 12 37 22 26 11 6 1 0 0 29 7 7 47 149 0 25 18 29 2 0 31 149 26 149 28 1 0 1 4 50 93 27 1 1 1 7 34 26 11;
<CIRCLE 200 136 5.04538 0 9.42194e-05>; 1 10 15 5 0 0 112 100 0 1 24 23 14 47 119 27 3 3 12 64 56 41 78 21 1 0 4 53 76 20 11 9 30 74 60 31 16 18 38 41 12 27 75 77 43 40 46 17 13 17 22 119 119 5 11 7 24 8 4 64 48 2 3 16 11 21 119 2 4 17 55 42 4 22 114 86 50 41 68 14 5 2 7 119 119 15 18 5 23 9 14 33 28 6 2 13 0 22 119 18 0 0 1 0 0 29 119 56 4 0 0 0 2 11 57 52 24 5 2 1 22 5 6 5 25 12 6 22;
<CIRCLE 191 130 1.78381 0 9.20437e-05>; 1 4 7 18 10 1 2 4 0 1 44 48 18 2 0 0 1 18 71 11 2 0 0 0 0 3 36 14 22 5 0 0 40 56 17 13 26 8 0 0 0 2 57 104 130 13 0 0 0 48 130 47 20 1 1 0 18 80 130 1 1 0 0 1 104 23 15 11 10 14 12 15 0 0 13 47 130 113 25 0 0 15 76 24 50 69 130 8 71 56 45 0 0 3 108 82 39 1 1 2 1 15 18 51 0 0 0 1 14 116 52 1 0 0 0 0 1 36 130 24 4 0 0 7 7 4 130 55;
<CIRCLE 191 130 3.56762 0 9.20437e-05>; 1 2 4 0 0 0 104 98 3 0 8 11 0 6 105 74 0 0 12 11 29 67 84 4 13 15 8 22 24 24 37 21 16 85 109 14 6 2 24 12 15 41 50 84 31 5 2 7 10 34 109 52 33 10 4 5 8 17 15 75 100 10 0 1 42 35 21 6 11 31 99 63 38 20 9 21 41 71 47 48 18 20 24 27 42 52 109 44 13 8 1 101 109 4 12 16 0 8 109 1 0 3 37 13 0 30 109 1 0 8 15 11 0 12 56 109 49 8 32 3 1 0 0 100 90 3 6 8;
<CIRCLE 196 147 5.04538 0 9.08448e-05>; 16 55 71 28 14 10 48 36 13 33 69 74 25 24 26 22 7 17 44 98 95 14 14 8 15 4 3 101 70 2 2 12 18 24 101 7 13 33 93 51 14 28 92 38 29 62 91 40 6 7 17 136 136 27 52 12 25 12 11 52 66 7 4 4 0 29 136 20 0 0 3 1 0 65 136 61 5 1 2 0 1 10 109 136 55 5 3 1 15 7 14 14 54 19 6 13 0 9 28 10 0 3 30 7 0 7 53 6 0 21 31 0 2 8 59 7 1 9 19 15 18 11 14 1 4 3 15 37;
<CIRCLE 200 133 2.52269 0 8.99645e-05>; 0 3 36 39 11 0 0 0 0 13 78 15 17 4 0 0 6 16 12 8 59 46 2 0 5 21 14 108 42 10 0 0 1 5 50 71 102 30 11 0 27 73 123 20 11 11 48 21 85 49 24 35 83 23 10 29 12 3 3 123 123 10 1 1 2 1 2 5 35 98 75 5 14 6 5 5 11 24 123 59 37 4 0 123 123 3 39 66 10 1 0 83 123 4 9 14 2 12 28 1 0 5 10 1 4 11 8 53 34 1 24 5 1 0 0 123 123 1 4 6 10 0 0 23 32 4 7 35;
<CIRCLE 130 144 1.26134 0 8.98473e-05>; 1 2 32 2 0 2 12 3 0 0 41 22 1 11 26 1 4 9 41 16 2 24 19 2 6 6 2 1 4 34 44 7 0 2 153 31 0 0 0 0 18 52 153 34 0 0 0 1 120 61 84 16 0 0 0 28 27 7 3 2 6 3 3 16 2 4 138 12 0 0 1 5 153 56 97 1 0 0 0 54 153 55 48 1 0 0 0 73 11 11 88 4 0 0 0 5 3 0 0 0 1 5 9 16 79 64 22 1 2 1 3 27 45 90 153 0 0 0 3 12 0 8 153 3 0 0 4 4;
<CIRCLE 251 138 3 0 8.30088e-05>; 4 5 2 26 50 13 11 4 21 77 31 0 0 9 40 7 1 100 65 0 0 6 9 0 0 27 66 0 0 0 6 0 39 5 3 16 19 3 23 116 30 23 43 13 19 126 126 122 0 34 53 16 68 126 45 0 0 38 126 3 3 16 36 0 53 13 26 19 37 25 13 126 35 68 126 54 47 50 33 50 13 16 54 32 61 103 63 27 0 2 4 0 1 38 126 2 28 3 22 49 38 28 7 53 5 5 8 12 26 37 49 48 7 3 1 0 0 0 14 40 0 0 0 0 0 1 16 1;
<CIRCLE 179 137 1.26134 0 8.20696e-05>; 0 2 75 10 0 13 66 0 76 58 49 2 0 3 44 31 157 55 3 8 7 4 0 16 10 17 31 22 19 13 5 1 0 2 62 5 0 44 157 0 90 51 39 0 0 22 157 54 157 41 0 0 3 12 25 89 22 2 1 1 11 57 46 9 0 1 5 1 0 57 157 0 6 2 3 0 0 36 157 52 66 0 2 1 0 1 93 130 10 1 1 7 8 11 3 5 3 17 22 3 0 1 6 0 0 9 34 14 1 0 16 0 0 21 37 6 0 0 6 2 1 5 13 20 1 0 0 0;
<CIRCLE 246 135 1.26134 0 7.94678e-05>; 0 0 0 0 1 4 7 2 0 0 0 0 4 8 20 6 0 0 0 0 1 6 26 5 1 4 0 0 3 7 4 1 15 4 1 1 1 2 4 44 12 0 0 0 1 11 133 133 0 0 0 0 0 133 133 22 0 0 0 1 3 117 56 0 80 4 2 0 0 1 3 133 84 20 41 0 0 4 26 133 2 2 43 20 3 101 86 14 0 0 5 36 39 133 39 0 30 8 18 50 8 2 5 104 19 67 133 40 1 0 0 9 0 47 133 32 0 0 0 0 1 8 71 93 12 4 0 0;
<CIRCLE 192 132 3 0 7.90256e-05>; 9 13 21 3 0 2 46 47 5 2 28 40 3 1 12 11 0 3 48 20 40 29 5 0 11 27 9 16 45 29 1 2 61 116 81 7 5 1 4 8 15 22 55 104 91 22 5 2 24 65 116 38 20 13 22 16 31 28 15 51 103 25 2 9 77 21 4 1 2 11 92 98 21 5 6 13 52 113 70 26 20 14 13 17 28 44 116 63 23 5 0 116 116 3 22 33 0 9 100 3 0 1 24 13 0 28 88 0 0 7 11 4 1 16 32 103 50 3 27 4 2 0 0 116 114 1 3 13;
<CIRCLE 168 136 1.78381 0 7.77655e-05>; 71 23 2 9 32 3 0 5 0 2 50 77 142 59 0 0 0 24 142 25 26 29 9 0 30 86 142 1 0 2 5 2 86 41 12 1 14 3 0 2 0 6 3 11 142 108 16 0 0 0 26 28 85 89 124 0 64 31 23 6 0 16 92 24 31 73 21 0 2 3 22 13 24 46 7 1 41 64 70 6 1 8 11 0 10 92 142 2 9 2 5 0 0 37 142 37 4 5 8 0 3 19 46 19 18 30 13 0 2 13 19 10 2 27 30 0 0 2 19 5 1 10 23 7 1 3 18 1;
<CIRCLE 151 135 3.56762 0 7.73217e-05>; 23 5 0 0 0 31 43 13 3 1 0 4 3 14 65 76 61 10 1 6 3 0 81 90 7 4 34 23 2 0 126 31 39 3 0 0 4 12 69 85 11 9 8 55 66 53 58 42 126 57 10 29 25 10 16 17 20 15 53 61 91 42 16 2 15 79 53 0 2 9 45 34 3 5 76 11 28 113 77 13 55 16 43 4 7 36 86 40 14 10 31 0 21 51 61 13 13 112 126 1 0 0 0 1 0 35 126 3 0 2 1 0 0 18 126 10 0 2 4 1 1 16 126 3 0 0 1 1;
<CIRCLE 142 126 1.78381 0 7.52078e-05>; 12 16 0 0 0 76 52 3 0 0 1 2 4 50 57 1 14 1 1 1 0 2 57 47 3 3 5 6 5 2 77 75 77 80 0 0 10 33 8 3 15 7 6 25 106 83 32 15 109 9 9 15 19 7 27 110 19 6 12 44 110 15 20 52 110 12 0 0 3 2 7 46 51 9 0 3 34 48 110 60 24 0 14 110 38 8 83 110 5 12 75 110 70 15 4 12 24 6 0 0 0 33 54 40 83 22 0 5 21 9 15 36 7 0 4 106 110 63 25 4 4 15 46 53 21 39 72 3;
<CIRCLE 169 135 5.04538 0 7.44485e-05>; 4 0 0 0 0 4 58 41 9 1 4 3 0 0 120 69 1 8 13 4 0 0 120 116 0 1 13 13 6 29 120 30 31 12 3 9 21 33 55 43 70 27 30 47 35 21 47 38 29 84 84 38 20 20 51 45 10 22 54 60 26 27 26 14 9 21 116 7 11 50 34 14 25 17 120 4 13 30 42 23 14 22 120 3 7 25 78 50 4 18 81 39 25 33 50 15 0 22 120 5 1 4 0 0 0 27 120 9 0 0 1 0 0 25 120 21 0 0 1 0 0 27 120 34 2 0 0 0;
<CIRCLE 247 137 3 0 7.29612e-05>; 0 0 3 40 76 15 6 0 24 45 10 11 11 8 22 5 10 95 56 0 0 4 17 2 0 47 43 0 0 0 9 0 10 0 0 57 57 3 3 29 45 14 12 2 4 29 118 118 2 29 29 12 44 118 118 19 0 40 98 5 18 45 13 0 39 1 1 21 23 5 5 118 65 54 118 38 43 37 28 115 17 39 118 56 67 99 33 29 1 1 6 4 22 76 118 5 71 5 16 25 12 7 4 108 4 3 20 39 63 61 32 29 12 9 13 1 1 7 34 64 2 0 0 0 0 2 18 8;
<CIRCLE 196 150 3 0 7.26295e-05>; 43 8 4 2 11 27 29 61 1 3 7 8 27 85 132 14 24 9 3 62 78 8 108 61 8 0 0 102 132 3 6 9 0 23 132 2 0 2 8 9 1 45 103 30 4 6 23 3 1 5 20 132 132 3 14 5 6 0 0 76 79 4 6 40 0 60 132 4 3 2 0 0 0 73 132 48 1 0 0 0 3 4 78 132 33 3 6 16 12 6 14 17 16 5 4 33 0 8 41 8 2 1 4 0 0 18 77 2 0 1 1 0 0 5 78 10 1 1 1 2 2 28 51 11 2 1 1 2;
<CIRCLE 191 129 1.5 0 7.04598e-05>; 0 0 11 24 15 3 0 0 0 1 68 30 21 5 0 0 5 17 66 4 4 1 1 1 0 6 41 7 8 3 0 0 11 12 12 15 34 29 0 0 0 4 69 93 119 30 0 0 0 56 138 35 8 0 0 0 0 48 138 3 0 0 0 0 30 13 40 25 26 12 7 1 0 3 27 68 138 53 8 0 0 24 138 38 63 43 90 3 24 77 127 0 0 3 64 25 29 1 1 2 7 37 29 12 0 0 0 1 71 138 49 2 0 0 0 0 11 60 138 32 7 0 0 0 0 20 138 46;
<CIRCLE 213 112 4.24264 0 6.32071e-05>; 0 0 0 9 14 4 22 7 1 0 0 1 6 5 42 44 1 0 2 2 1 6 9 17 0 0 11 1 0 0 2 0 0 0 0 1 3 59 136 24 2 1 1 6 17 63 136 58 0 0 12 36 125 97 63 4 0 0 61 20 15 7 3 3 0 5 63 56 35 60 84 9 6 9 31 136 110 41 50 23 5 0 6 136 136 24 13 25 2 1 3 26 65 13 8 17 9 21 65 54 34 35 50 14 11 16 15 136 136 3 10 8 47 16 5 86 59 1 2 16 7 2 1 38 66 4 6 21;
<CIRCLE 166 127 1.5 0 6.0688e-05>; 46 11 1 0 0 1 29 31 1 1 17 10 2 2 45 11 0 14 25 4 0 0 43 3 0 11 9 0 0 5 23 5 128 20 2 2 7 4 1 12 0 2 45 96 84 7 0 0 0 38 134 63 18 2 0 0 0 59 134 0 0 0 0 0 78 44 3 2 7 0 0 10 2 10 9 43 134 85 0 0 0 7 122 53 102 127 23 0 0 25 134 3 0 20 47 0 81 24 8 3 3 0 0 6 7 13 2 11 123 42 1 0 0 0 24 38 134 89 51 0 0 1 63 11 1 22 87 0;
<CIRCLE 352 118 3.56762 0 6.00612e-05>; 0 2 6 2 0 0 1 0 15 3 1 0 0 0 10 55 4 0 0 0 4 57 116 75 0 0 0 0 9 57 17 0 10 9 21 25 0 0 0 1 119 53 26 5 0 0 6 119 80 31 55 112 92 88 87 119 0 0 1 57 119 75 7 0 17 27 49 57 3 0 0 1 119 119 106 5 0 0 0 25 33 93 119 119 13 0 0 8 0 0 12 74 29 1 0 0 16 12 22 24 8 0 2 34 68 18 13 0 0 0 0 108 13 7 8 2 0 0 0 17 0 0 2 3 0 0 1 0;
<CIRCLE 174 131 5.04538 0 5.92571e-05>; 1 0 1 0 0 0 60 38 1 1 0 0 0 0 125 60 0 0 1 2 0 5 125 111 0 0 2 5 7 38 125 15 50 17 3 9 11 9 53 60 32 31 62 53 28 12 98 48 21 70 72 41 11 9 43 55 4 13 63 58 35 22 21 7 32 13 51 8 14 47 46 22 27 19 71 17 32 53 71 28 28 35 75 11 11 33 76 69 4 10 30 60 62 39 70 11 0 16 125 6 0 2 2 0 0 25 125 8 0 0 4 1 0 36 125 12 0 0 4 2 0 17 121 84 18 1 2 0;
<CIRCLE 196 151 2.12132 0 5.92183e-05>; 0 5 23 2 0 15 9 3 1 12 10 1 0 10 64 9 0 2 0 76 81 3 47 11 1 0 0 139 139 1 1 4 0 36 135 1 0 0 0 0 16 48 110 29 1 0 0 0 2 5 31 139 117 0 0 0 11 0 0 139 102 0 0 32 4 79 139 0 0 0 0 3 2 59 139 45 1 0 0 0 0 1 90 139 25 9 15 7 22 1 4 38 11 1 13 56 2 17 39 2 0 0 0 2 1 23 71 6 0 0 0 0 0 7 72 7 2 5 10 3 0 7 61 16 1 0 7 12;
<CIRCLE 296 137 1.06066 0 5.77422e-05>; 20 14 9 31 38 25 52 19 21 6 8 43 28 13 13 30 8 2 2 1 3 38 44 25 1 3 11 1 1 39 52 1 13 121 71 52 54 3 1 2 120 57 42 45 40 5 6 76 37 40 59 73 41 22 37 44 34 84 43 7 3 33 85 6 2 114 121 16 3 2 8 2 20 121 121 28 3 1 0 1 7 73 121 97 7 0 0 0 8 121 121 16 0 0 1 0 1 7 13 0 5 89 66 2 0 41 39 3 4 41 26 2 2 15 71 16 0 0 33 38 2 14 41 9 0 7 52 33;
<CIRCLE 101 145 2.12132 0 5.70004e-05>; 1 0 0 0 0 0 0 1 1 0 0 0 0 0 10 15 0 0 0 0 0 0 59 49 7 0 0 0 0 0 63 150 8 1 0 0 0 0 0 9 62 22 6 0 0 0 28 150 19 23 69 0 0 0 152 152 1 2 96 38 0 0 124 152 8 5 1 0 1 0 0 2 56 86 110 10 5 6 1 24 15 60 152 7 1 5 9 25 0 2 152 110 2 1 3 3 0 0 0 0 0 1 2 0 0 0 12 6 6 28 11 0 0 1 45 3 2 42 45 2 0 0 33 9 2 12 58 9;
<CIRCLE 179 128 1.5 0 5.53908e-05>; 1 17 29 0 0 2 8 2 0 5 20 0 1 21 18 6 3 1 4 7 3 2 9 15 0 0 17 23 11 0 0 0 0 63 143 0 0 1 2 0 12 143 143 0 0 0 2 1 42 112 52 7 7 3 0 0 1 1 12 25 48 35 0 0 0 12 116 8 1 23 59 0 106 107 109 2 0 4 35 29 143 105 21 8 3 2 0 9 5 8 40 29 66 12 2 0 0 0 51 9 2 32 138 0 81 42 32 2 0 14 113 37 143 31 1 2 3 11 19 55 7 2 6 5 24 45 30 4;
<CIRCLE 246 134 1.06066 0 5.5106e-05>; 0 0 0 0 2 6 7 1 0 0 0 0 4 7 14 5 0 0 0 0 0 3 20 5 0 1 0 0 3 8 6 1 8 3 0 0 2 2 8 40 2 0 0 0 2 8 133 132 0 0 0 0 0 101 133 16 0 0 0 0 4 84 55 0 69 0 0 0 0 0 2 133 52 1 4 0 0 8 78 133 1 0 7 3 0 133 133 25 0 0 0 5 14 133 99 0 90 16 18 6 0 0 0 120 45 52 127 3 0 0 0 43 0 16 116 25 0 8 4 1 0 0 31 85 25 39 4 0;
<CIRCLE 353 117 3.56762 0 5.40708e-05>; 0 2 5 1 0 0 1 0 11 2 0 0 0 0 16 53 2 0 0 0 2 56 106 51 0 0 0 0 4 40 11 0 14 10 21 20 0 0 0 2 124 43 22 5 0 0 15 124 55 18 36 102 109 122 106 124 0 0 0 37 111 75 6 0 26 31 45 54 2 0 0 2 124 124 122 7 0 0 0 30 28 76 124 124 26 1 0 9 0 0 7 67 38 2 0 0 20 17 28 21 6 0 1 33 68 26 18 0 0 0 0 96 11 9 14 5 0 0 0 12 0 0 2 3 0 0 1 0;
<CIRCLE 201 131 1.5 0 5.198e-05>; 0 16 69 2 0 0 0 0 0 10 69 4 5 5 0 0 3 3 19 5 21 48 7 5 2 7 1 12 16 49 10 2 0 39 118 10 4 2 5 0 25 98 118 1 0 0 1 4 99 55 17 3 8 9 14 25 5 0 0 59 118 34 12 4 0 6 24 3 6 23 118 9 61 34 21 0 0 8 114 91 118 17 1 20 38 0 3 100 5 0 0 118 118 0 0 1 0 0 0 0 0 10 118 23 4 0 0 2 2 10 118 53 13 0 0 94 63 0 14 53 0 0 0 113 118 0 0 0;
<CIRCLE 306 137 1.5 0 4.9725e-05>; 5 3 9 4 2 18 22 3 0 1 29 13 3 14 19 0 0 4 88 13 4 5 2 0 0 0 83 24 2 2 0 0 11 47 59 19 3 30 74 16 3 20 84 36 40 97 130 4 0 1 85 87 130 68 12 0 0 2 120 64 11 0 0 0 3 82 130 25 0 1 12 11 1 34 130 96 17 14 33 2 0 0 89 130 79 18 4 0 0 1 60 47 11 0 1 1 0 5 16 4 1 6 109 66 0 0 17 27 24 52 114 5 0 0 4 41 86 38 11 0 18 2 3 12 16 0 3 10;
<CIRCLE 190 129 1.06066 0 4.88114e-05>; 0 0 12 27 32 17 3 0 0 3 84 23 19 20 5 0 2 21 109 7 3 2 1 0 1 21 72 2 0 0 0 0 0 0 9 7 27 35 8 0 0 0 20 88 134 39 9 0 2 36 134 70 25 1 0 0 1 50 134 4 0 0 0 0 1 24 51 21 26 2 0 0 0 7 13 52 134 19 0 0 0 7 108 68 134 33 7 0 0 35 134 6 0 5 26 1 5 11 10 5 13 29 32 6 2 5 2 5 134 84 10 3 0 0 0 1 74 114 101 12 0 0 2 0 0 15 134 13;
<CIRCLE 154 122 2.12132 0 4.79386e-05>; 0 0 0 0 0 0 17 5 0 0 0 0 0 0 43 36 0 0 0 0 0 0 116 51 0 0 0 0 0 0 121 20 22 1 0 1 5 5 55 72 13 19 12 14 18 4 99 113 71 39 6 2 0 0 121 121 8 0 7 7 1 0 121 41 50 1 3 24 28 12 37 121 40 22 24 58 121 16 11 38 121 54 8 6 8 2 2 28 27 4 30 69 60 3 2 3 5 0 10 101 72 20 30 24 34 46 70 88 28 15 22 11 121 74 6 1 3 0 3 15 17 9 4 14 112 29 0 0;
<CIRCLE 277 136 1.78381 0 4.66542e-05>; 0 15 85 0 0 0 0 0 8 29 49 0 0 0 2 7 3 10 16 0 0 5 21 8 2 4 11 0 0 3 9 2 1 59 104 0 0 0 0 0 121 123 45 0 0 0 11 45 40 45 73 19 3 39 106 46 6 16 41 34 23 47 57 1 0 22 20 0 0 10 123 1 39 123 49 0 0 6 115 9 13 95 123 24 1 3 73 5 0 26 123 87 13 9 55 0 0 0 0 0 0 11 123 1 0 1 0 0 0 8 123 3 0 2 5 0 0 4 123 2 0 0 5 2 0 5 123 1;
<CIRCLE 150 128 2.12132 0 4.50388e-05>; 6 1 0 2 11 29 34 10 16 0 0 3 6 2 67 87 22 28 12 9 7 1 70 85 33 12 0 1 0 0 95 65 25 2 0 4 46 46 58 60 48 1 8 48 69 9 25 116 106 42 23 35 79 13 9 26 116 26 2 11 14 0 1 15 44 3 0 20 40 16 61 45 2 3 48 116 97 31 28 22 116 93 61 40 15 9 20 21 116 46 2 3 22 3 0 7 19 1 0 4 26 36 15 32 0 0 2 17 53 116 116 0 56 16 3 2 2 61 116 36 64 46 5 0 3 3 14 16;
<CIRCLE 102 145 2.12132 0 4.47829e-05>; 1 0 0 0 0 0 0 2 1 0 0 0 0 0 14 18 0 0 0 0 0 0 63 55 9 0 0 0 0 0 54 148 13 2 0 0 0 0 0 15 57 24 11 0 0 0 43 148 10 16 75 1 0 0 148 148 1 1 93 53 0 0 96 139 12 10 3 1 1 1 0 3 51 90 146 10 4 6 2 27 8 41 148 8 0 3 8 19 0 1 148 141 4 2 3 2 0 0 0 0 1 2 2 0 0 0 15 6 5 31 15 0 0 2 45 2 1 36 47 2 0 0 25 11 3 10 57 10;
<CIRCLE 202 117 10.0908 0 4.46283e-05>; 0 0 0 0 0 0 8 2 0 0 0 6 22 5 17 2 4 0 0 10 26 5 17 49 4 0 4 0 0 0 4 24 1 2 0 0 0 0 129 102 1 2 1 11 19 40 137 74 0 0 8 40 104 76 113 14 4 11 50 14 17 1 2 3 9 23 107 0 0 3 85 99 12 23 102 101 97 21 68 40 5 0 9 137 137 22 15 8 12 10 8 11 20 20 33 21 1 28 137 4 3 9 12 7 1 15 137 68 19 10 20 7 18 2 39 72 38 1 8 54 12 0 0 0 0 6 22 33;
<CIRCLE 157 120 3 0 4.44142e-05>; 0 0 0 0 0 4 24 1 0 1 1 0 0 1 43 9 0 1 0 0 0 0 62 10 0 1 0 0 0 0 48 26 3 0 0 0 2 13 56 44 18 8 1 1 2 1 126 126 16 3 2 2 0 0 129 97 0 2 10 1 0 1 129 55 18 0 2 26 29 28 56 101 128 43 16 40 47 5 24 56 129 24 24 59 45 2 38 32 0 34 129 55 31 3 37 4 9 0 5 49 71 54 44 25 113 49 22 46 24 35 64 25 102 41 4 14 85 29 7 8 5 12 37 20 81 73 64 5;
<CIRCLE 207 115 8.48528 0 4.43135e-05>; 0 0 0 0 1 1 9 3 0 0 0 7 30 9 25 4 3 0 0 4 13 5 19 54 2 0 5 0 0 0 4 17 1 0 0 0 0 1 137 108 0 0 0 9 24 64 137 36 0 0 8 31 101 71 76 10 3 9 52 16 13 0 0 1 13 19 33 3 1 3 74 90 6 10 19 128 137 34 67 20 2 0 2 137 137 21 9 4 9 9 8 10 23 15 26 16 2 26 137 3 0 1 3 4 2 9 137 137 64 3 1 2 19 1 15 84 61 0 1 30 15 0 0 0 0 10 23 31;
<CIRCLE 155 137 1.78381 0 4.38827e-05>; 5 1 49 125 42 3 7 30 45 59 76 34 29 18 10 20 125 56 3 0 1 0 2 25 11 10 4 22 97 26 0 0 0 1 21 93 97 101 102 0 89 68 46 11 2 40 125 34 125 91 12 0 0 1 12 26 9 29 13 3 72 24 2 0 0 1 9 4 7 90 125 0 11 0 2 3 16 125 125 20 45 45 10 0 2 35 77 37 22 61 10 0 6 12 21 8 0 10 70 10 1 1 1 0 0 8 61 8 19 21 7 1 0 11 35 0 3 18 46 27 6 8 21 0 4 23 25 8;
<CIRCLE 159 121 5.04538 0 4.15582e-05>; 0 4 8 0 0 2 18 1 0 6 10 0 0 0 20 5 1 3 2 0 0 0 27 15 0 0 0 1 1 3 63 29 10 0 0 0 0 18 81 22 16 2 0 1 0 2 120 113 9 6 17 10 0 0 120 112 1 12 19 9 0 5 120 120 23 4 2 3 12 27 93 87 86 34 7 20 29 39 65 61 54 42 68 74 56 37 66 37 33 80 67 39 16 19 36 43 6 102 105 2 4 21 26 21 18 15 120 8 10 48 45 20 15 16 120 3 14 34 54 22 11 20 120 2 3 16 48 40;
<CIRCLE 351 118 3.56762 0 3.98018e-05>; 0 2 6 2 0 0 1 0 14 3 2 0 0 0 6 43 6 0 0 0 3 46 110 86 0 0 0 0 9 64 25 0 6 7 20 26 0 0 0 0 118 49 24 7 0 0 2 118 103 37 58 96 72 72 83 118 0 0 3 69 118 85 12 0 11 22 48 61 4 0 0 0 118 118 93 7 0 0 0 23 43 114 118 118 9 0 0 11 0 0 19 89 29 0 0 0 12 10 21 30 10 0 3 26 69 19 16 0 0 0 0 110 18 9 7 2 0 0 0 23 0 0 3 3 0 0 1 0;
<CIRCLE 240 146 1.06066 0 3.83949e-05>; 22 1 1 0 0 0 1 61 14 0 0 19 10 4 18 126 12 11 54 126 22 3 3 51 1 56 126 33 0 0 0 0 100 0 0 0 1 0 1 126 46 0 0 74 111 23 6 114 0 0 4 126 118 52 14 1 0 6 39 25 9 23 9 0 37 0 0 6 2 1 3 126 10 0 4 28 85 96 4 36 0 0 0 14 59 126 46 0 0 0 0 0 5 106 58 5 25 0 24 55 0 0 0 50 0 0 48 110 10 6 0 1 0 0 22 63 24 22 1 0 0 0 2 4 4 29 19 3;
<CIRCLE 149 128 2.52269 0 3.64351e-05>; 3 2 0 0 5 45 43 2 10 0 0 1 3 4 59 55 13 15 6 5 4 1 92 94 16 6 1 0 0 0 112 64 43 15 0 2 44 57 42 26 56 1 6 38 54 18 50 112 103 45 26 42 78 12 18 44 112 25 6 22 23 1 10 21 77 5 0 3 15 18 52 54 11 1 27 112 112 56 58 39 112 80 58 60 25 22 50 26 112 48 4 7 47 10 1 8 19 5 5 1 5 16 28 34 3 0 8 11 38 108 90 7 34 9 4 2 7 81 112 24 41 37 4 0 6 10 28 16;
<CIRCLE 196 107 1.06066 0 3.46071e-05>; 0 0 6 23 33 3 0 0 40 24 14 10 8 2 1 25 37 8 0 0 0 7 30 60 2 0 0 0 3 17 20 6 0 0 0 2 17 52 115 2 73 0 0 0 4 18 116 94 90 2 0 3 20 21 45 111 1 0 1 6 74 41 21 5 0 0 0 0 0 48 162 1 7 0 0 0 0 42 162 45 15 2 0 3 29 162 138 34 7 2 0 3 37 62 42 36 0 1 1 0 0 3 74 0 0 0 1 3 8 31 83 0 0 0 0 0 79 162 16 0 7 8 0 0 42 102 4 6;
<CIRCLE 100 146 1.5 0 3.41041e-05>; 2 1 0 0 0 0 2 2 5 2 0 0 0 0 11 31 0 0 0 0 0 0 95 99 0 0 0 0 0 0 147 108 11 3 3 0 0 0 4 7 88 32 13 0 0 0 13 155 37 38 107 1 0 0 112 155 0 2 144 11 0 1 116 76 9 4 2 2 3 2 0 1 50 75 111 17 8 6 0 11 15 63 155 9 2 3 1 8 0 11 155 10 0 0 0 0 0 0 0 0 2 1 1 0 0 0 8 8 10 39 9 0 0 3 36 5 4 48 37 0 0 7 36 0 0 17 17 1;
<CIRCLE 358 110 5.04538 0 3.32034e-05>; 0 0 0 0 0 1 6 1 0 0 0 0 0 2 15 3 0 0 0 0 0 2 14 1 0 0 0 0 0 1 10 0 14 6 16 7 0 0 2 7 72 5 3 3 9 37 122 131 2 0 0 7 68 131 117 32 0 0 0 0 5 12 10 0 53 51 62 53 1 0 0 6 131 131 131 77 27 23 37 131 9 19 74 131 131 87 31 22 0 0 0 4 22 10 4 0 35 38 44 56 8 0 10 58 84 106 55 12 0 0 0 88 3 8 33 40 4 2 2 2 0 0 0 1 2 5 4 0;
<CIRCLE 141 127 1.78381 0 3.30569e-05>; 25 40 0 0 0 58 41 4 1 1 1 4 11 81 54 0 21 4 4 5 3 6 45 41 10 1 4 9 10 3 71 77 94 79 0 0 2 10 2 7 29 14 3 16 106 81 35 10 88 8 9 20 28 17 48 109 33 1 6 40 109 14 11 70 92 5 0 0 0 1 17 66 89 17 0 1 15 29 79 46 15 1 6 106 54 11 102 103 3 8 84 109 50 7 2 13 7 2 1 0 0 41 79 35 73 20 0 1 7 17 21 45 17 1 0 56 109 76 20 9 1 4 21 47 37 67 105 1;
<CIRCLE 152 122 1.26134 0 3.18536e-05>; 0 0 0 0 0 1 39 11 0 0 0 0 0 0 63 67 1 0 0 0 0 0 114 93 3 0 0 0 0 0 118 71 44 9 2 1 2 0 65 91 6 5 26 53 37 6 115 93 14 72 116 21 3 0 36 53 71 36 9 0 0 0 22 29 99 8 3 8 30 1 3 118 8 0 14 95 118 23 6 20 93 76 57 26 25 20 13 9 118 43 2 0 0 0 1 13 25 0 20 61 26 1 6 63 0 3 44 43 107 43 15 0 50 10 13 0 5 35 58 42 118 18 2 0 0 0 2 36;
<CIRCLE 291 134 1.26134 0 3.15066e-05>; 0 7 20 1 3 2 0 1 5 2 8 4 2 2 12 8 0 1 3 5 9 11 16 2 11 3 1 2 3 11 9 3 10 14 23 4 17 61 63 9 85 61 18 12 17 14 49 54 17 10 13 67 69 40 56 24 18 5 5 9 4 25 35 38 7 61 68 112 112 68 29 2 31 112 93 74 49 4 1 1 57 108 97 79 74 5 1 26 67 58 73 53 24 11 20 53 0 28 110 97 9 4 72 0 1 66 66 36 3 13 86 7 3 90 112 18 2 21 13 1 2 69 112 34 0 0 1 2;
<CIRCLE 155 130 1.26134 0 3.09125e-05>; 8 0 1 45 131 15 3 20 46 31 27 23 46 32 20 10 131 43 3 0 0 0 2 20 28 5 2 1 6 6 3 5 1 6 86 76 82 28 8 1 24 28 50 2 13 52 75 38 131 38 5 0 0 1 13 79 21 37 9 2 16 1 0 0 0 19 124 76 14 3 2 0 43 131 122 1 0 1 3 4 131 115 7 0 1 1 4 13 29 22 2 2 9 5 4 2 0 0 1 4 8 45 131 0 60 20 2 0 0 30 114 32 131 42 12 4 1 1 10 35 23 23 18 15 9 1 0 0;
<CIRCLE 117 135 1.26134 0 3.06763e-05>; 1 0 0 2 1 4 3 4 2 7 1 0 0 4 28 25 2 0 0 0 2 14 34 10 2 0 0 1 1 5 24 8 20 1 0 0 0 0 4 29 71 0 0 0 0 21 77 128 3 0 0 0 0 128 128 74 0 0 0 0 0 23 128 106 17 1 0 0 0 0 78 128 119 0 0 0 0 8 44 128 17 0 1 0 0 52 128 84 0 2 3 0 0 4 97 73 0 0 1 5 1 0 102 128 14 7 20 14 2 0 33 68 9 4 96 54 0 0 5 7 0 3 128 30 0 0 0 1;
<CIRCLE 206 111 1.78381 0 3.04919e-05>; 17 1 0 0 3 17 27 50 0 0 0 0 4 18 30 15 0 0 0 0 0 10 52 18 0 0 0 1 3 16 32 0 3 0 0 0 17 132 104 35 33 12 0 0 6 38 132 95 14 7 0 0 0 12 132 49 0 0 0 3 21 68 132 3 0 0 2 3 67 132 13 1 57 80 0 0 39 87 9 17 68 132 5 3 1 0 51 17 2 9 7 118 81 17 46 3 0 1 12 16 39 20 0 0 12 17 0 3 106 61 0 0 50 112 12 18 10 6 0 0 2 16 12 132 88 0 0 0;
<CIRCLE 354 116 4.24264 0 3.01694e-05>; 0 0 3 1 0 1 3 0 5 0 0 0 0 1 26 37 0 0 0 0 0 39 77 20 0 0 0 0 0 15 9 0 15 10 28 19 0 0 0 1 130 46 18 6 1 4 45 130 34 14 21 74 130 130 130 108 0 0 0 13 71 58 5 0 17 39 65 60 2 0 0 0 130 130 104 14 0 0 0 31 26 71 130 130 63 8 2 11 0 0 2 41 45 5 0 0 23 15 23 39 7 0 13 55 81 39 11 0 0 0 0 114 10 10 16 8 0 1 1 11 0 0 0 3 1 2 3 0;
<CIRCLE 177 114 1.5 0 3.01073e-05>; 1 1 0 0 0 2 12 5 3 0 0 0 0 2 23 32 3 0 0 7 10 6 107 104 3 0 0 0 0 3 135 108 1 1 0 0 0 2 104 43 32 1 0 0 0 7 105 135 125 14 0 0 0 2 94 135 17 3 0 0 0 0 128 98 0 0 0 0 0 3 135 65 16 1 0 0 0 105 135 67 135 20 0 0 0 42 60 67 39 3 1 3 1 0 0 15 0 17 18 0 0 0 35 5 0 6 11 0 2 34 28 3 7 0 3 1 0 22 34 33 4 0 5 12 4 0 0 7;
<CIRCLE 103 145 2.52269 0 2.75836e-05>; 1 0 0 0 0 0 0 1 1 0 0 0 0 0 10 11 2 0 0 0 0 0 42 57 10 0 0 0 0 0 66 141 11 2 0 0 0 0 0 13 45 25 21 0 0 0 59 141 5 11 95 9 0 0 141 141 4 1 119 111 0 0 60 141 9 7 3 1 1 1 0 3 40 71 141 10 5 13 7 30 4 23 141 31 1 7 16 17 0 0 141 141 9 10 19 2 0 0 0 0 0 2 3 0 1 0 7 3 3 25 17 4 0 0 21 2 1 27 75 15 0 0 5 8 12 20 72 13;
<CIRCLE 202 130 0.891905 0 2.60396e-05>; 0 13 74 6 2 0 0 0 3 11 97 2 2 0 0 7 3 9 39 8 6 7 18 31 0 0 0 1 7 57 41 5 0 77 122 2 1 0 0 0 30 122 86 0 0 0 0 8 103 64 3 0 0 0 25 52 12 2 0 6 41 48 44 12 14 73 78 0 0 0 17 20 122 121 33 0 0 0 0 48 122 44 1 0 0 0 0 52 26 5 0 62 84 3 0 3 6 0 0 0 0 15 122 41 115 0 0 0 0 0 21 122 121 0 0 1 8 0 0 106 5 0 0 64 122 0 0 4;
<CIRCLE 179 112 1.26134 0 2.58966e-05>; 2 0 0 0 0 4 14 4 9 3 1 7 12 4 23 12 10 1 2 12 17 6 79 69 8 0 0 0 1 9 126 59 3 0 0 0 0 1 18 46 37 1 0 0 1 2 65 132 15 2 0 0 1 2 132 132 1 1 0 0 0 0 132 104 2 0 0 0 0 26 132 114 132 51 0 0 0 58 66 96 131 42 0 0 0 0 15 60 12 7 1 0 0 0 7 14 0 0 1 0 0 37 105 36 31 5 0 0 2 127 79 29 78 5 0 0 0 3 14 49 5 1 3 6 3 0 0 6;
<CIRCLE 228 112 1.06066 0 2.58279e-05>; 0 5 114 15 5 0 0 0 0 1 121 17 0 0 6 1 0 10 121 10 0 3 11 0 0 12 121 5 0 1 2 0 5 0 20 14 31 5 4 16 41 0 28 6 1 6 98 121 7 0 29 11 7 121 121 36 0 3 44 5 5 107 99 0 52 3 1 11 10 0 0 29 121 26 8 5 1 1 19 121 36 23 31 45 36 73 57 26 9 1 1 5 8 85 120 32 83 8 4 2 0 0 0 60 72 7 9 39 19 2 3 112 23 36 56 55 10 0 0 3 65 19 12 33 1 0 7 33;
<CIRCLE 197 152 1.5 0 2.46644e-05>; 4 16 38 4 1 3 3 3 15 20 11 2 0 0 0 5 2 2 0 107 74 0 0 0 0 0 0 143 143 0 0 0 5 35 120 1 0 6 14 13 15 17 131 56 2 0 1 16 1 1 31 143 98 0 0 0 4 1 1 134 69 2 0 7 0 58 143 0 0 0 30 4 0 28 143 67 0 9 32 1 0 1 88 143 11 14 51 2 19 5 5 24 5 2 36 34 1 31 34 2 0 0 28 4 0 8 62 11 0 8 35 1 0 8 63 3 0 14 62 1 1 10 45 2 0 2 47 22;
<CIRCLE 152 137 4.24264 0 2.42615e-05>; 23 1 0 0 0 11 46 21 7 2 0 1 1 8 82 62 36 7 3 9 1 0 106 96 1 13 35 16 1 0 116 48 22 5 4 0 1 8 85 93 19 10 4 15 44 71 64 36 112 38 7 26 30 20 21 29 15 33 57 44 43 40 42 17 9 124 99 1 0 4 24 18 3 25 124 9 10 68 39 9 23 14 124 3 4 21 37 30 4 11 121 0 5 28 64 18 7 75 70 1 0 5 5 1 0 35 124 4 0 2 0 0 0 19 124 11 0 0 0 0 0 21 124 11 0 0 0 0;
<CIRCLE 218 158 1.06066 0 2.22037e-05>; 11 3 9 35 17 1 4 11 12 0 0 22 61 43 20 28 0 1 5 89 127 15 0 0 0 14 29 17 5 0 0 0 29 5 8 4 2 5 66 88 24 0 0 84 132 62 19 52 0 0 0 74 132 51 9 0 8 6 7 5 12 12 9 7 26 108 28 1 3 22 75 62 3 11 37 32 91 132 36 10 0 0 4 17 50 132 77 0 2 0 0 0 1 63 106 44 8 132 79 1 0 1 0 0 0 36 132 37 12 18 0 0 0 1 72 40 20 57 10 0 0 0 15 14 2 24 37 11;
<CIRCLE 208 127 3 0 2.06291e-05>; 0 0 9 8 22 58 72 1 28 30 3 2 38 55 38 27 17 30 12 104 78 29 58 13 12 0 2 75 101 16 4 15 1 19 115 35 20 4 0 0 10 33 31 25 89 48 0 0 7 19 21 119 104 9 0 5 20 0 0 56 33 2 7 62 20 37 85 30 29 35 85 30 71 42 19 73 119 12 22 43 41 9 3 119 119 5 1 8 61 20 1 12 7 0 2 24 2 4 3 14 16 24 111 20 5 0 0 119 119 5 31 25 13 3 0 50 77 7 16 23 24 23 12 18 9 2 2 3;
<CIRCLE 211 120 2.52269 0 2.04976e-05>; 7 2 0 0 10 80 69 28 25 18 0 0 1 10 126 53 1 1 0 26 72 81 126 3 5 0 18 29 74 25 5 7 6 7 4 7 75 79 4 2 54 109 12 22 29 20 12 9 6 23 14 126 126 11 14 3 31 1 1 77 73 2 1 39 6 25 65 11 39 21 1 0 11 27 13 77 84 61 5 1 13 9 12 126 99 1 0 20 26 0 0 12 16 5 5 79 64 54 47 5 6 3 34 41 30 6 1 112 126 15 3 10 62 14 5 66 68 0 0 15 38 12 3 7 8 1 1 23;
<CIRCLE 155 128 0.891905 0 2.04211e-05>; 0 0 6 54 130 22 2 0 52 45 24 7 7 16 12 6 130 59 2 0 0 0 0 7 99 4 0 0 0 1 2 12 0 0 2 9 101 80 28 0 33 0 0 0 0 47 88 44 130 5 0 0 0 0 10 97 95 33 7 0 0 0 0 5 0 26 124 15 11 25 16 0 11 53 66 0 0 19 53 31 130 55 3 0 0 0 8 79 43 33 7 0 0 0 0 4 0 45 117 5 2 0 0 0 25 130 82 0 0 0 0 0 130 130 4 0 0 0 0 3 54 8 0 0 2 4 9 5;
<CIRCLE 236 114 0.891905 0 1.99781e-05>; 0 3 33 2 3 72 62 0 0 0 53 12 7 24 72 0 0 1 67 4 0 18 56 0 0 10 62 0 0 3 37 5 1 0 0 3 10 134 102 8 0 0 0 0 7 75 134 23 0 0 0 1 42 134 134 5 4 1 0 0 3 12 117 38 45 8 7 4 3 7 20 46 18 0 7 89 54 24 92 69 2 7 4 119 134 46 17 3 18 43 17 17 11 2 11 15 89 39 11 27 2 0 0 8 10 2 21 134 22 0 0 5 0 5 22 134 24 0 0 0 0 33 56 28 2 0 0 0;
<CIRCLE 178 117 1.26134 0 1.92529e-05>; 2 1 0 0 0 1 52 59 60 10 0 0 0 3 49 136 76 20 0 0 0 0 108 136 6 5 0 0 0 0 113 81 0 0 0 0 0 22 136 136 72 28 0 0 0 136 136 62 136 67 0 0 0 17 24 56 28 7 0 1 0 0 1 17 0 3 8 1 0 11 97 28 3 0 1 2 9 136 82 17 62 0 0 0 1 34 50 90 12 2 4 7 4 0 0 12 8 18 60 0 0 0 0 3 1 9 48 1 2 9 11 3 2 4 16 5 3 5 14 11 0 0 7 19 15 2 0 0;
<CIRCLE 322 135 1.26134 0 1.90065e-05>; 0 5 40 48 12 11 0 0 15 18 18 16 14 9 22 24 26 3 8 31 6 9 55 126 4 1 13 115 85 20 24 34 26 37 111 126 8 0 0 0 126 125 46 25 0 1 12 52 40 8 27 126 71 12 26 54 7 1 20 126 25 1 2 10 37 18 13 44 39 0 1 0 126 126 71 20 0 0 0 1 23 49 76 126 24 6 11 4 4 1 1 14 10 24 30 8 14 8 10 9 2 2 17 8 56 61 12 0 0 1 6 2 25 103 49 0 0 0 8 5 4 27 67 9 5 18 21 3;
<CIRCLE 200 136 1.06066 0 1.87369e-05>; 0 19 63 1 0 3 51 4 25 67 64 0 0 0 25 27 131 68 14 0 0 0 0 57 77 11 0 14 24 1 0 18 0 0 0 0 0 25 131 12 15 0 0 0 0 28 131 84 131 0 0 0 0 0 22 131 40 0 0 40 84 0 0 35 0 0 0 0 0 12 131 32 0 0 0 0 0 28 131 41 14 0 0 15 14 2 54 120 4 0 0 131 94 0 0 9 0 0 0 0 0 0 19 16 0 0 2 4 3 1 25 6 0 0 2 74 55 0 8 5 0 0 0 131 107 0 0 0;
<CIRCLE 168 160 1.06066 0 1.84572e-05>; 0 22 122 5 0 41 96 0 2 13 51 8 1 49 128 1 0 0 17 5 2 54 128 1 0 1 10 2 2 35 128 0 36 98 128 1 0 0 0 4 93 118 57 2 0 0 10 31 16 34 59 3 0 12 124 36 0 9 34 3 5 40 128 0 21 41 4 1 0 1 2 6 44 128 62 0 0 0 0 5 7 91 128 2 0 1 14 5 0 56 128 3 1 6 17 0 2 2 5 4 3 2 3 1 11 34 15 0 0 0 0 1 2 13 46 11 8 0 0 0 0 14 63 6 2 0 0 0;
<CIRCLE 205 110 1.5 0 1.83518e-05>; 23 1 0 0 12 19 27 50 1 0 1 1 13 17 19 8 2 0 0 0 1 6 28 28 0 0 0 1 4 13 24 2 10 0 0 0 36 115 79 42 26 9 0 0 20 32 138 93 13 5 0 0 0 12 138 72 0 0 0 0 2 29 138 7 1 0 0 1 78 138 19 2 65 89 0 0 25 90 18 30 78 138 0 0 0 3 88 26 6 16 6 11 4 5 112 14 0 0 10 8 46 59 0 0 9 22 0 2 93 111 0 0 84 138 1 0 12 7 0 0 14 55 18 55 17 0 0 0;
<CIRCLE 132 131 3.56762 0 1.74199e-05>; 4 0 0 0 0 0 2 4 32 9 0 0 0 6 23 17 7 2 0 0 0 39 60 12 3 0 0 0 0 4 55 55 1 0 0 0 0 0 55 32 57 18 0 0 0 1 96 40 54 7 0 1 6 34 75 81 20 10 5 39 31 14 45 52 1 1 55 24 0 0 115 121 7 38 102 11 0 5 121 42 19 26 13 2 15 29 83 89 14 6 11 26 47 105 75 15 1 3 121 121 3 7 10 13 28 121 121 30 0 3 7 4 15 121 121 1 0 3 5 5 0 14 121 5 1 20 18 1;
<CIRCLE 176 161 1.26134 0 1.58394e-05>; 0 0 34 5 2 49 131 1 0 5 45 4 6 49 131 2 0 6 67 7 3 76 93 1 0 27 68 1 1 26 81 16 7 42 131 2 0 16 130 16 0 25 114 29 30 128 131 0 0 1 36 61 67 98 14 0 5 34 22 7 8 6 13 13 1 48 131 9 2 0 0 0 0 64 131 43 9 7 0 0 0 4 131 93 21 8 0 0 1 17 81 10 1 0 0 0 3 5 6 7 13 8 9 1 4 12 19 2 1 3 12 2 1 4 19 4 1 4 3 1 1 6 12 2 0 1 2 1;
<CIRCLE 133 132 3.56762 0 1.54459e-05>; 6 0 0 0 0 0 2 4 36 11 0 0 0 8 25 16 7 1 0 0 0 40 60 17 5 1 0 0 1 2 55 63 1 0 0 0 0 0 75 38 58 15 0 0 0 2 110 50 43 4 0 4 12 32 77 86 31 14 7 44 34 15 35 40 1 2 81 36 0 0 110 111 8 58 112 11 0 4 118 37 15 29 19 3 18 38 67 73 17 6 17 21 36 101 83 14 1 5 118 114 4 9 11 6 33 118 118 18 0 3 6 5 11 115 118 1 0 3 2 3 0 15 118 5 1 13 13 0;
<CIRCLE 246 120 1.06066 0 1.53488e-05>; 8 25 52 51 0 0 24 9 17 108 70 21 0 1 41 16 36 51 6 0 0 3 93 26 2 0 0 0 0 8 103 11 22 18 74 84 7 1 0 4 126 73 32 29 0 0 2 126 93 44 14 1 3 11 40 126 2 0 4 4 9 40 21 14 24 4 3 7 17 20 9 5 126 126 27 0 0 2 2 35 41 126 126 4 3 4 8 24 0 62 117 20 11 15 2 0 1 0 0 0 1 34 20 2 13 27 6 0 1 6 13 20 8 97 58 1 0 0 0 2 0 103 113 2 0 0 0 0;
<CIRCLE 132 118 1.06066 0 1.47506e-05>; 37 14 0 0 1 34 57 26 2 3 2 0 14 125 30 1 1 2 0 0 3 18 13 6 3 1 1 0 1 2 5 2 54 125 8 0 2 12 5 5 32 60 8 0 29 128 70 14 3 0 0 0 3 128 125 6 0 0 0 0 1 42 56 0 27 67 4 0 0 0 2 3 116 128 2 0 0 13 26 16 43 97 0 0 3 128 88 6 0 1 0 0 7 128 80 0 3 6 4 4 0 0 2 3 37 128 2 0 0 0 2 2 64 128 0 0 2 21 4 1 22 35 2 2 25 128 21 2;
<CIRCLE 131 138 8.48528 0 1.43329e-05>; 0 2 2 0 0 0 28 2 0 4 2 0 0 0 40 26 0 3 1 0 0 0 87 55 0 0 0 0 0 0 129 86 11 2 1 0 0 0 21 53 12 24 24 0 0 0 95 148 7 21 29 0 0 2 148 148 12 16 24 2 1 3 95 117 27 22 19 5 1 1 2 24 15 92 148 32 9 16 12 39 5 120 148 7 3 10 19 17 4 36 148 3 1 2 3 6 2 1 0 0 1 2 2 5 0 3 8 6 12 41 7 0 0 7 62 9 25 61 15 7 1 8 83 2 1 9 44 24;
<CIRCLE 310 163 5.04538 0 1.38863e-05>; 4 22 66 20 8 36 65 3 4 16 78 137 92 21 16 1 61 57 75 98 20 0 8 74 19 15 13 21 5 2 64 100 0 0 0 0 47 45 46 1 21 0 0 48 137 137 33 26 137 1 0 16 30 21 30 137 30 0 0 0 0 13 57 94 0 0 0 0 9 18 7 1 3 0 0 0 49 137 110 29 50 0 0 0 2 30 102 137 6 0 0 0 0 6 9 15 0 0 0 0 0 0 11 0 0 0 0 0 0 5 20 0 0 0 0 0 0 3 17 4 0 0 0 0 0 1 7 0;
<CIRCLE 217 160 2.52269 0 1.36516e-05>; 30 0 1 115 96 0 2 80 17 0 1 26 88 22 9 66 4 5 17 86 78 14 2 1 78 9 20 23 3 0 0 92 27 13 60 47 11 4 28 81 14 42 34 40 89 57 36 36 22 3 10 51 115 115 32 45 115 17 26 14 1 2 9 115 1 28 115 48 8 4 2 4 15 115 115 21 25 22 5 13 14 23 56 25 41 73 34 59 28 11 10 2 0 2 27 79 9 5 5 2 13 10 15 11 52 24 6 0 12 10 24 46 43 29 5 0 0 0 15 101 6 1 0 0 0 0 25 45;
<CIRCLE 358 108 2.12132 0 1.36191e-05>; 1 2 0 0 0 0 2 3 0 0 0 0 2 2 11 5 0 0 0 0 0 4 12 2 0 0 1 0 0 0 1 1 9 3 3 3 0 1 6 38 5 0 0 0 0 19 111 131 0 0 0 0 7 131 101 15 0 0 0 0 4 42 7 0 114 4 8 13 0 0 0 131 73 1 2 13 22 37 64 131 0 0 0 39 131 131 39 13 0 0 0 11 80 64 1 0 131 51 35 3 0 0 0 97 62 49 113 113 10 2 1 45 0 0 32 131 66 5 0 0 0 0 0 45 43 4 0 0;
<CIRCLE 211 122 2.12132 0 1.29206e-05>; 18 13 0 0 28 73 16 15 51 66 2 3 2 3 64 29 3 8 4 98 99 39 68 3 7 0 1 79 126 17 2 4 3 7 2 7 93 50 0 0 37 101 19 31 24 18 0 0 2 21 20 126 126 0 0 1 19 0 0 92 61 1 1 46 14 30 43 7 30 31 4 1 6 10 8 89 106 63 5 1 11 5 10 126 85 0 0 11 32 0 0 10 13 2 2 80 88 46 17 8 15 2 13 42 16 1 0 121 126 9 2 4 55 12 5 62 69 0 0 8 57 17 4 2 3 0 1 23;
<CIRCLE 311 165 3.56762 0 1.26793e-05>; 0 1 3 16 82 44 54 1 15 1 3 109 130 15 6 3 130 4 1 16 12 0 0 116 36 2 0 0 0 3 56 130 0 0 0 3 121 72 2 0 21 0 0 14 130 130 44 34 130 0 0 1 4 13 28 130 52 0 0 0 0 4 5 70 0 0 0 0 12 46 6 0 1 0 0 0 18 130 130 29 37 0 0 0 0 13 98 130 7 0 0 0 0 2 4 18 0 0 0 0 0 1 6 0 0 0 0 0 0 6 16 0 0 0 0 0 0 2 12 6 0 0 0 0 0 1 2 1;
<CIRCLE 222 142 1.06066 0 1.26304e-05>; 33 26 11 7 11 1 8 43 105 59 11 2 0 0 0 34 92 3 2 72 25 0 0 121 3 0 2 121 102 3 0 13 13 17 2 31 107 7 9 14 121 94 20 6 7 0 0 24 87 37 85 121 76 1 0 39 0 0 9 110 110 20 0 0 13 3 0 44 108 7 3 12 92 47 32 17 25 3 9 50 11 31 121 98 42 3 2 3 2 22 62 34 30 3 0 0 5 0 0 4 40 18 23 34 23 0 0 61 46 2 12 56 1 7 13 55 63 5 1 2 6 16 19 2 0 0 1 2;
<CIRCLE 213 143 1.06066 0 1.18214e-05>; 0 0 0 127 127 8 0 0 1 0 0 3 44 27 9 26 11 0 0 0 13 11 36 127 18 21 9 12 31 3 11 30 4 0 4 57 60 5 0 2 64 0 0 3 23 6 42 127 14 0 0 34 98 21 63 127 17 13 0 43 117 5 3 6 17 0 5 22 11 7 2 15 127 26 0 12 8 4 9 113 45 23 0 98 127 18 9 32 14 0 0 27 86 13 7 25 23 1 1 0 2 10 4 107 39 7 0 17 44 11 39 127 3 7 0 43 127 21 11 8 4 0 0 4 26 16 32 42;
<CIRCLE 305 138 2.12132 0 1.15707e-05>; 3 0 0 1 4 13 20 4 2 0 6 8 3 15 19 2 0 1 55 21 6 6 1 0 0 4 60 46 9 0 0 0 7 67 118 2 2 7 25 8 1 38 118 38 29 49 60 3 0 0 91 118 107 31 5 0 6 27 118 116 1 0 0 0 1 59 118 0 0 31 74 23 0 40 118 51 20 30 64 23 1 0 52 118 101 23 4 0 15 8 23 49 9 0 8 21 0 0 0 9 14 32 104 17 0 0 0 118 63 25 55 14 6 1 0 112 99 13 2 1 70 5 0 7 6 0 6 18;
<CIRCLE 223 141 1.06066 0 1.09547e-05>; 46 55 23 4 1 0 1 16 85 34 16 3 0 0 0 59 55 0 4 98 37 3 1 123 0 0 0 123 123 4 1 6 49 41 7 18 49 2 4 5 123 62 17 19 6 0 0 74 36 8 20 123 123 4 0 46 0 0 0 105 81 17 0 0 45 18 0 26 63 3 1 12 123 88 98 42 13 1 4 18 5 22 123 123 47 4 0 0 0 7 22 31 57 8 0 0 19 0 0 5 20 9 14 47 19 1 11 52 71 4 8 34 4 17 41 27 34 4 1 3 3 13 22 7 6 0 0 1;
<CIRCLE 174 115 0.891905 0 1.06141e-05>; 2 4 0 0 0 0 13 7 2 0 0 0 0 0 21 38 12 0 0 0 0 0 18 102 45 2 0 0 0 0 25 133 0 0 0 0 0 3 133 36 0 0 0 0 0 3 133 133 19 1 0 0 0 52 133 76 133 63 0 0 0 14 10 38 0 0 0 0 0 6 133 37 0 0 0 0 0 10 133 129 0 0 0 0 0 133 133 13 64 17 0 0 0 86 68 36 0 4 4 0 0 1 60 9 0 0 4 0 0 3 43 12 0 0 0 1 5 57 21 0 4 0 0 0 2 59 47 21;
<CIRCLE 108 163 1.06066 0 1.03231e-05>; 1 0 0 2 2 10 10 4 1 0 0 0 0 18 70 41 0 0 0 0 0 31 126 65 0 0 0 6 3 11 126 71 37 3 0 0 0 5 27 59 43 2 6 10 10 11 126 126 1 2 25 94 41 29 126 102 1 1 60 115 13 7 41 14 111 33 16 2 0 0 0 33 112 32 126 126 12 4 11 79 0 3 76 126 50 8 7 5 0 0 42 73 9 2 2 1 13 25 28 4 0 0 0 0 4 12 92 47 0 2 4 2 2 5 33 27 2 1 1 1 4 2 3 4 4 4 5 2;
<CIRCLE 330 127 1.06066 0 1.00306e-05>; 3 6 15 9 5 4 4 1 44 11 7 1 1 1 17 54 15 3 29 62 3 3 42 115 3 0 39 134 48 0 5 21 26 32 41 8 4 6 28 52 49 51 102 45 52 26 15 26 20 34 134 134 13 2 4 10 5 11 72 121 10 1 0 1 23 3 8 37 25 11 85 134 1 0 22 115 134 73 41 23 22 19 60 26 58 38 40 16 31 33 16 4 4 6 3 10 14 6 29 134 28 6 8 34 4 1 21 134 45 7 3 5 1 1 1 6 17 20 19 3 13 9 3 1 8 16 5 3;
<CIRCLE 309 161 6 0 1.00206e-05>; 16 53 56 9 1 11 46 11 0 6 97 129 29 14 19 0 24 38 128 129 9 0 8 27 31 27 32 38 0 0 23 77 2 3 6 2 16 41 86 8 11 1 16 69 129 129 30 18 129 12 11 41 46 20 34 129 26 2 0 0 0 6 70 129 0 0 0 0 7 12 11 2 2 0 0 0 70 129 91 25 54 0 0 0 7 40 106 129 8 0 0 0 0 7 16 21 0 0 0 0 0 0 13 0 0 0 0 0 0 7 24 0 0 0 0 0 0 3 23 6 0 0 0 0 0 1 11 0;
<CIRCLE 312 166 2.52269 0 9.82278e-06>; 0 0 0 40 134 52 0 0 28 1 0 33 72 30 0 5 134 2 0 0 0 0 0 87 92 0 0 0 0 0 1 102 0 0 0 0 134 134 5 0 26 0 0 0 70 134 73 40 134 0 0 0 0 5 26 134 47 0 0 0 0 0 4 65 0 0 0 0 15 86 30 0 2 0 0 0 5 134 134 36 44 0 0 0 0 5 98 134 8 0 0 0 0 1 4 12 0 0 1 0 0 1 3 0 0 0 0 1 0 5 13 0 1 0 0 0 0 1 8 6 1 0 0 0 0 0 1 1;
<CIRCLE 212 122 1.5 0 9.38227e-06>; 40 81 0 0 16 19 0 0 37 96 11 8 1 0 1 1 0 4 10 130 77 0 1 0 0 0 1 130 109 0 0 0 26 30 0 0 57 38 0 0 42 125 15 45 11 2 0 0 0 10 10 130 130 0 0 0 4 0 1 85 61 7 7 17 2 4 3 2 25 97 15 4 9 31 12 130 45 29 6 3 0 5 9 130 100 1 2 0 24 1 0 8 10 3 8 45 30 7 1 15 54 33 22 14 0 0 4 130 130 20 2 0 15 27 15 69 27 0 0 2 56 9 0 2 4 1 3 68;
<CIRCLE 137 136 1.5 0 9.37029e-06>; 27 1 0 0 0 0 13 64 116 14 0 0 1 1 11 57 56 22 0 1 13 33 107 50 8 1 3 78 28 6 89 89 1 0 0 0 1 30 116 109 36 24 2 3 17 75 75 57 116 65 2 3 15 7 14 56 19 2 0 99 116 54 11 7 3 8 65 24 2 31 72 7 15 11 13 2 7 97 90 20 58 1 0 0 6 14 49 94 11 0 2 3 57 116 50 7 106 79 116 14 0 0 0 13 76 20 16 1 1 3 4 19 16 3 12 4 1 1 4 11 2 2 17 22 6 4 4 0;
<CIRCLE 133 134 1.26134 0 9.09594e-06>; 8 5 2 2 1 1 3 9 45 5 1 0 0 0 4 53 126 22 2 0 1 0 2 47 37 7 2 2 22 42 73 34 4 0 0 2 1 51 126 43 12 0 0 0 1 7 117 126 75 27 7 5 17 14 60 70 101 92 11 1 1 0 10 24 0 0 0 1 0 77 126 10 0 0 6 2 9 69 126 82 6 5 6 6 48 126 98 20 104 19 5 1 3 9 49 96 0 2 124 31 1 5 6 0 13 22 105 42 1 12 8 3 24 22 15 3 5 42 52 8 19 3 1 2 3 5 35 35;
<CIRCLE 199 199 2.52269 0 9.091e-06>; 1 0 0 0 6 4 28 2 27 1 0 4 141 31 11 11 141 9 0 2 49 8 1 65 12 1 0 0 0 1 4 8 0 0 141 16 3 2 13 0 20 26 66 141 141 15 21 1 134 141 34 34 39 6 22 14 26 58 27 0 0 0 1 8 0 0 65 9 0 15 141 1 1 4 30 49 22 62 141 2 23 74 14 8 6 25 141 57 48 34 9 0 0 0 41 74 2 1 0 0 0 2 21 1 2 1 0 0 4 5 34 0 0 0 0 0 3 5 41 7 0 0 0 0 0 0 11 10;
<CIRCLE 343 126 1.06066 0 9.03027e-06>; 3 0 3 73 16 0 0 0 88 0 2 5 3 1 0 87 92 8 20 56 4 0 0 120 9 14 103 120 0 0 1 21 11 1 5 31 6 1 4 41 120 9 19 24 6 0 3 120 43 4 36 120 89 0 0 51 19 6 48 120 17 0 0 23 32 3 10 14 0 1 7 83 40 12 96 119 1 0 5 52 9 1 72 120 40 0 0 11 49 0 1 15 13 0 0 107 20 11 25 45 3 0 0 6 5 3 35 81 6 0 0 3 15 0 12 17 4 0 5 91 31 1 0 0 0 0 2 120;
<CIRCLE 198 178 1.06066 0 8.99472e-06>; 0 0 0 9 14 14 33 1 0 0 4 47 21 13 19 0 0 8 35 36 9 6 3 0 6 36 20 0 0 0 1 4 0 2 6 4 12 36 119 1 0 0 7 18 31 96 119 1 12 3 16 17 98 116 34 14 41 16 11 0 7 1 37 119 0 23 51 1 0 4 54 4 0 5 59 93 55 38 51 1 59 8 8 119 119 41 5 17 119 23 0 4 7 0 14 95 0 1 3 0 1 15 89 6 0 0 4 19 119 96 29 1 57 2 1 34 119 39 8 55 119 5 0 1 0 0 1 114;
<CIRCLE 219 133 0.891905 0 8.72094e-06>; 16 74 14 1 0 0 0 1 130 24 6 0 0 0 0 115 86 1 0 18 39 2 16 130 2 0 0 40 115 3 6 9 96 31 3 0 5 0 0 6 130 31 8 1 0 0 0 101 101 20 60 98 35 0 0 43 5 0 5 62 95 0 0 7 109 6 0 0 5 3 3 20 130 105 29 3 0 0 0 17 22 60 105 56 0 0 0 0 30 4 14 22 8 0 0 59 28 0 0 0 2 3 17 91 47 38 16 4 2 0 3 35 56 61 15 0 0 0 0 9 79 3 1 7 2 0 0 101;
<CIRCLE 138 136 1.5 0 7.81636e-06>; 45 1 0 0 0 0 12 71 116 21 1 0 4 6 15 43 34 16 0 4 15 34 116 66 8 0 10 116 33 2 55 80 2 0 0 0 4 38 116 111 62 43 3 5 14 58 52 43 116 49 1 10 45 9 9 50 4 0 1 116 116 70 20 2 5 11 52 18 3 44 60 6 19 7 5 0 6 80 101 39 60 1 0 0 16 21 25 80 2 0 4 3 56 116 97 1 116 68 92 9 0 0 0 17 44 10 12 0 2 4 6 16 16 3 13 8 2 1 2 9 0 3 22 21 6 5 7 0;
<CIRCLE 358 107 1.5 0 7.1071e-06>; 0 2 2 4 4 1 1 1 1 1 0 0 1 2 10 6 1 0 0 0 0 4 11 3 0 0 1 1 2 1 1 0 5 1 1 1 2 2 6 45 1 0 0 0 0 16 106 133 0 0 0 0 4 133 107 15 0 0 1 1 3 44 15 0 70 2 4 4 1 0 7 133 22 0 0 0 21 33 100 133 0 0 0 0 109 133 58 18 0 0 0 0 47 133 12 0 129 2 0 0 0 0 0 133 39 0 4 34 34 16 5 105 0 0 6 69 133 67 1 0 0 0 1 44 104 29 0 0;
<CIRCLE 199 198 3 0 6.9156e-06>; 0 0 0 0 2 11 88 3 18 0 0 1 129 85 36 17 129 1 0 0 41 19 19 118 10 0 0 0 0 2 66 18 0 1 117 13 4 2 9 1 22 24 53 129 129 18 10 4 129 129 18 28 38 6 9 25 20 38 9 0 0 0 1 6 0 0 71 10 0 17 129 1 2 8 33 62 28 69 129 4 43 96 8 10 8 25 129 84 44 27 3 0 0 1 16 56 0 0 0 0 0 3 31 1 1 1 0 0 2 7 50 2 0 0 0 0 1 6 54 13 0 0 0 0 0 1 10 11;
<CIRCLE 208 200 1.5 0 6.81954e-06>; 161 95 0 11 30 0 0 2 32 27 12 6 4 9 3 2 4 8 5 3 2 3 2 1 2 2 1 2 2 1 1 1 91 161 37 23 25 5 49 7 34 161 161 3 0 2 21 19 66 88 48 1 2 3 6 16 5 0 0 1 1 2 7 10 6 32 11 1 1 26 161 12 30 58 60 0 0 1 161 121 107 32 7 0 0 0 39 117 5 1 0 1 5 3 3 2 0 0 1 1 2 6 62 0 1 1 3 2 0 0 69 13 5 3 2 0 0 0 12 16 0 1 1 0 2 1 1 0;
<CIRCLE 295 136 1.26134 0 6.81928e-06>; 22 6 6 2 3 7 34 26 4 3 3 15 20 25 37 6 10 5 4 3 2 23 23 9 3 6 17 5 3 14 9 0 56 120 39 33 32 7 15 17 56 36 32 96 90 16 14 43 54 21 19 29 21 30 55 79 19 32 18 6 5 54 110 5 1 120 98 45 12 1 12 3 31 120 120 40 18 3 1 8 32 114 120 93 16 3 2 11 16 120 120 27 3 4 13 1 1 9 11 2 1 44 120 5 0 35 40 3 7 88 39 1 1 30 83 16 0 3 43 30 2 17 58 11 0 7 53 33;
<CIRCLE 151 198 2.12132 0 6.72982e-06>; 0 3 7 8 30 2 2 1 25 6 2 58 142 16 0 1 142 47 1 11 34 2 1 17 37 12 0 0 0 1 10 4 2 64 99 22 16 3 12 3 25 9 27 116 142 33 17 2 142 126 12 15 40 7 18 21 29 58 86 0 0 0 3 4 2 17 22 6 2 28 142 6 2 1 9 34 32 69 142 4 33 40 5 2 5 14 142 61 3 22 43 0 0 5 142 20 0 0 0 0 0 7 26 0 0 0 0 0 0 10 53 1 2 0 0 0 0 1 53 16 1 0 1 0 0 1 38 4;
<CIRCLE 232 123 1.5 0 6.39365e-06>; 95 5 6 22 9 0 0 89 47 44 47 46 12 8 6 15 34 17 16 125 37 21 42 22 1 9 42 102 40 15 14 2 38 0 0 49 88 8 6 117 35 34 13 55 59 19 44 80 15 17 16 125 114 27 9 6 0 1 18 61 15 12 8 0 21 1 0 34 73 8 9 83 13 0 0 64 119 28 38 125 0 0 0 66 125 41 12 3 0 0 0 1 6 27 23 1 54 3 3 30 35 1 1 48 17 2 4 125 99 1 0 36 4 0 0 78 67 7 12 3 1 1 1 2 3 8 15 4;
<CIRCLE 227 133 1.26134 0 6.16802e-06>; 42 0 2 24 46 4 14 110 36 0 2 32 44 1 2 59 27 0 0 90 44 1 5 121 0 0 0 120 110 3 2 5 39 6 21 75 85 1 3 38 87 16 4 28 50 0 5 57 32 12 13 121 100 0 2 22 12 1 1 92 44 1 3 6 41 28 40 31 5 0 0 36 36 2 3 76 88 9 11 121 0 1 2 121 121 7 3 4 7 4 2 11 9 1 0 2 109 28 6 11 5 0 0 52 25 1 6 121 88 3 0 43 0 0 0 75 63 9 1 0 1 1 2 5 6 1 1 0;
<CIRCLE 185 114 7.13524 0 6.02476e-06>; 0 1 1 0 0 0 3 0 0 0 0 0 1 1 9 3 0 0 0 6 26 6 19 5 1 0 0 2 8 3 13 37 0 2 2 0 0 0 89 56 1 1 0 0 0 2 127 115 0 0 0 8 12 46 127 28 0 0 2 19 63 53 75 8 24 2 4 5 2 11 96 96 17 39 34 19 5 10 105 93 3 9 28 111 71 47 74 18 0 0 5 124 127 17 9 0 5 21 127 4 2 12 13 9 6 30 127 5 2 10 17 19 1 11 127 114 82 23 6 5 6 0 12 65 82 1 0 5;
<CIRCLE 107 164 1.06066 0 5.83548e-06>; 5 0 0 1 2 6 12 8 3 0 0 0 1 8 60 75 0 0 0 2 0 14 126 108 0 1 6 18 2 10 126 64 49 7 0 0 0 1 10 32 126 10 22 11 3 4 68 126 15 5 36 126 70 38 122 112 1 1 79 126 19 6 14 14 55 36 10 1 0 0 0 6 121 55 126 75 0 0 0 33 7 10 126 126 22 1 0 6 1 1 21 69 13 3 2 0 2 10 10 1 0 2 3 1 3 10 47 17 0 2 4 6 1 4 22 12 5 3 4 3 6 3 4 2 2 1 1 3;
<CIRCLE 230 156 1.26134 0 5.80721e-06>; 0 9 13 14 3 0 0 0 28 15 27 6 0 0 0 45 134 3 8 8 0 0 0 134 44 0 38 92 1 0 1 102 15 12 30 11 0 0 0 20 134 5 14 4 0 0 0 134 111 9 54 100 0 0 0 134 5 2 51 134 0 0 0 5 56 3 1 0 0 6 26 115 134 12 26 28 0 0 0 134 20 7 81 128 0 1 0 10 2 2 27 55 1 2 2 8 13 4 13 2 0 7 42 61 22 8 39 37 0 0 1 27 19 4 11 20 0 2 3 13 2 0 0 0 0 3 10 32;
<CIRCLE 318 134 1.78381 0 5.73357e-06>; 0 0 10 2 5 4 1 0 0 0 8 34 29 4 0 0 1 1 7 64 25 3 12 20 10 9 13 25 28 8 27 46 0 0 125 46 17 6 0 0 14 33 125 125 10 1 0 0 113 95 55 48 13 1 17 64 6 3 8 125 57 5 21 49 0 0 101 125 73 8 0 0 33 50 99 125 11 0 0 0 125 125 68 41 5 0 0 2 6 40 35 98 29 13 10 1 3 0 22 71 53 10 0 2 24 7 18 21 2 1 30 37 33 91 8 0 0 4 36 25 12 68 33 5 2 3 34 31;
<CIRCLE 247 120 1.26134 0 5.63564e-06>; 6 22 36 31 2 1 68 19 14 78 37 8 0 8 127 17 13 13 1 0 0 12 127 19 0 0 0 0 0 17 127 5 31 27 79 85 6 1 0 8 127 104 38 21 0 0 7 127 42 23 14 3 8 28 46 103 0 0 2 5 6 20 17 3 32 9 3 6 13 22 12 7 123 127 60 0 0 1 4 42 12 127 127 12 8 12 8 12 1 48 77 15 9 9 0 0 1 0 0 0 1 29 21 3 9 23 7 0 2 5 11 14 2 77 74 4 1 1 3 0 0 125 79 0 0 0 0 0;
<CIRCLE 145 178 1.06066 0 5.48152e-06>; 0 0 0 0 1 55 34 1 0 0 9 12 15 128 34 0 0 0 31 19 14 128 59 0 0 0 5 14 46 63 6 1 0 1 0 2 12 6 4 2 0 0 18 92 112 53 8 0 0 8 128 106 54 84 32 0 0 6 61 93 82 62 8 0 1 0 0 1 8 4 6 5 0 0 1 11 91 124 42 1 0 4 23 14 47 128 128 0 0 3 19 42 109 128 59 2 2 2 2 1 0 1 3 2 1 3 1 3 3 13 13 1 0 0 1 16 49 31 48 1 10 0 0 24 128 61 8 3;
<CIRCLE 155 177 0.891905 0 5.25699e-06>; 9 6 8 10 31 16 2 5 79 74 11 2 0 0 1 27 25 48 41 18 2 0 12 19 0 0 13 53 19 7 25 3 9 14 11 72 106 31 0 0 128 102 10 18 7 0 0 23 44 43 61 1 0 0 30 55 0 9 66 1 1 3 67 19 9 5 10 102 67 33 7 9 90 104 15 10 3 1 20 66 17 61 128 0 0 4 55 29 0 22 128 0 1 11 49 1 17 0 0 2 101 83 13 39 56 0 0 0 0 0 78 128 5 0 0 0 0 4 128 81 0 0 0 0 0 26 128 3;
<CIRCLE 133 135 1.5 0 5.25335e-06>; 5 2 0 0 1 6 10 7 49 4 0 0 0 0 4 55 133 16 1 0 6 4 6 41 25 6 0 2 26 42 104 41 0 0 0 0 0 65 133 22 7 0 0 0 1 22 133 133 66 33 2 3 11 38 51 58 101 55 1 4 13 2 15 32 0 0 30 8 0 41 133 5 1 4 35 17 3 56 133 23 12 8 6 2 11 114 98 29 64 4 0 0 10 12 32 79 3 17 133 27 0 0 0 0 79 73 133 24 0 1 0 9 51 16 10 1 2 8 13 15 16 1 3 3 1 2 6 13;
<CIRCLE 150 198 2.12132 0 5.01709e-06>; 0 5 9 4 15 1 2 1 7 2 2 54 138 16 0 0 138 43 2 19 64 4 0 15 64 17 0 0 0 1 8 7 3 86 103 11 7 1 16 5 7 6 43 117 138 30 13 1 138 105 6 28 74 12 22 19 54 74 71 0 0 0 4 6 3 21 19 3 0 25 138 8 0 1 14 35 28 66 138 1 30 31 2 6 10 24 138 53 7 29 35 0 0 3 138 29 0 0 0 0 0 7 23 0 0 0 0 0 0 11 50 0 1 0 0 0 0 2 54 14 1 0 1 0 0 1 37 6;
<CIRCLE 309 157 7.13524 0 5.01263e-06>; 15 60 33 2 0 2 53 15 1 5 61 82 5 6 60 6 7 16 116 102 2 2 9 8 64 102 50 23 0 0 2 33 13 26 16 3 8 32 121 25 7 3 52 125 125 99 24 14 105 22 68 78 36 13 30 125 36 8 6 3 0 0 45 125 0 0 0 0 6 17 29 3 3 0 0 1 99 125 89 31 58 0 0 0 13 43 104 125 6 0 0 0 0 4 30 38 0 0 0 0 0 1 17 0 0 0 0 0 0 14 34 1 0 0 0 0 0 5 35 12 0 0 0 0 0 1 15 1;
<CIRCLE 152 181 2.52269 0 4.80437e-06>; 0 0 0 0 17 126 34 0 8 4 1 8 80 54 8 3 34 18 3 4 15 26 24 34 5 5 1 0 7 35 35 43 0 0 0 1 62 82 9 1 13 11 2 24 126 126 9 17 69 68 9 8 23 18 70 92 6 19 22 0 1 11 119 25 0 0 0 4 24 26 9 2 49 6 0 43 126 101 9 27 126 24 0 5 26 13 85 126 4 2 1 0 0 7 126 8 1 36 48 12 25 2 1 1 56 14 11 63 126 21 0 2 126 69 12 6 19 2 0 10 9 12 35 0 0 0 2 1;
<CIRCLE 315 139 5.04538 0 4.58928e-06>; 0 3 22 0 0 1 96 6 2 7 23 9 2 3 80 11 8 7 22 35 4 1 9 8 32 32 35 28 0 0 0 5 0 21 81 26 4 8 26 1 1 17 97 117 23 4 13 0 10 60 115 97 12 1 5 8 33 34 37 48 7 0 8 53 0 11 42 24 65 59 65 0 44 11 33 117 117 18 5 27 105 34 25 20 4 1 45 117 15 2 1 4 1 5 73 117 0 0 0 2 74 57 7 0 47 0 0 12 110 117 63 82 108 0 0 0 0 3 20 117 3 1 0 0 0 10 19 10;
<CIRCLE 315 136 4.24264 0 4.54497e-06>; 0 2 12 0 0 2 99 6 2 5 13 7 2 4 84 12 9 6 14 30 4 1 11 11 6 10 36 36 0 0 0 0 0 17 59 26 6 5 22 0 0 9 94 121 15 4 12 0 1 56 121 90 12 0 1 0 10 18 47 81 12 0 1 12 0 23 80 50 46 40 41 0 22 14 58 121 92 3 0 11 76 73 59 30 3 0 22 118 13 5 6 15 4 2 85 115 0 0 0 12 121 62 16 0 66 0 0 41 121 46 13 55 121 0 0 1 0 0 14 121 6 0 0 0 0 11 47 47;
<CIRCLE 203 178 1.06066 0 4.47914e-06>; 0 1 16 38 12 8 5 0 3 33 37 7 1 0 0 3 14 48 8 0 0 0 5 6 2 9 10 10 5 12 5 0 0 0 7 18 67 115 69 1 48 15 21 3 38 21 13 107 20 19 4 0 0 3 122 122 0 3 7 7 0 28 122 4 7 1 18 122 114 43 12 2 122 26 0 33 47 8 3 87 122 13 0 0 0 1 83 87 2 0 0 0 1 15 122 4 9 0 1 31 122 55 5 12 122 6 0 8 16 5 5 122 102 4 0 0 0 0 1 62 2 0 0 2 3 3 4 3;
<CIRCLE 207 201 1.5 0 4.41017e-06>; 149 115 1 25 68 0 0 0 65 78 32 3 2 5 2 2 3 13 19 2 1 6 3 1 1 2 1 2 2 1 1 1 46 149 12 42 35 17 122 8 30 149 149 1 0 0 85 30 94 119 84 1 1 1 13 45 15 3 0 0 1 3 8 8 2 4 1 0 1 32 149 5 7 18 16 0 0 3 149 61 65 15 3 0 0 0 80 126 11 1 1 0 3 2 3 6 0 0 0 1 3 5 16 0 0 0 3 2 0 1 25 6 4 2 1 0 0 1 8 9 1 1 2 0 1 1 1 1;
<CIRCLE 113 150 3.56762 0 4.4054e-06>; 3 0 0 0 0 0 15 34 1 0 2 1 0 0 71 137 1 1 46 13 0 0 137 132 10 16 42 3 0 3 137 42 44 42 39 1 0 0 10 52 16 34 137 72 1 1 48 104 3 16 137 137 5 8 24 38 33 137 137 20 0 2 18 5 3 12 28 4 2 10 12 4 1 7 103 34 5 21 80 8 2 3 32 51 21 76 61 2 30 71 26 3 2 15 18 10 6 4 1 0 0 0 4 5 6 8 15 15 5 5 22 8 0 0 1 9 18 40 15 0 1 1 0 1 1 34 35 0;
<CIRCLE 154 197 0.891905 0 4.28736e-06>; 19 0 0 5 131 34 0 1 131 19 0 0 13 1 0 35 79 14 0 0 0 1 6 53 3 4 1 0 2 3 3 6 17 3 0 84 131 0 0 0 131 88 1 4 12 0 0 0 96 96 40 0 0 0 0 0 2 22 56 0 0 0 0 0 7 1 0 58 43 25 75 0 68 83 7 2 1 6 80 12 19 131 91 0 0 0 30 8 0 56 106 0 0 0 10 9 0 0 0 0 1 14 131 1 1 1 0 0 0 18 131 5 2 10 2 0 0 7 131 17 0 8 4 0 0 1 124 27;
<CIRCLE 313 167 1.78381 0 4.11539e-06>; 0 0 0 0 110 79 0 0 34 1 0 0 14 25 5 15 136 2 0 0 0 0 0 136 79 0 0 0 0 0 0 112 0 0 0 0 77 136 48 0 35 0 0 0 9 104 132 73 136 0 0 0 0 0 24 136 38 0 0 0 0 0 4 53 0 0 0 0 4 114 112 0 2 0 0 0 0 71 136 58 33 1 1 0 0 0 82 136 8 1 0 0 0 1 4 10 0 0 2 1 0 3 5 0 0 0 1 2 1 3 16 1 1 1 2 2 0 0 7 5 3 1 0 0 0 0 1 1;
<CIRCLE 232 122 1.78381 0 4.09491e-06>; 95 3 3 22 24 0 4 70 47 22 29 11 4 51 66 43 6 9 9 65 36 99 125 7 0 6 36 33 23 33 62 10 80 1 2 22 34 4 5 125 27 51 36 60 46 11 25 36 10 28 28 125 79 14 7 5 15 9 57 87 16 7 3 0 39 0 0 14 58 8 12 112 5 0 0 44 122 33 58 116 0 0 0 62 125 44 15 4 5 2 0 3 8 32 26 1 32 3 4 26 42 3 4 42 19 2 3 125 96 1 2 32 1 0 0 77 80 9 8 1 2 0 0 1 2 12 23 17;
<CIRCLE 220 132 1.78381 0 3.93736e-06>; 1 11 15 124 85 4 0 0 28 2 2 74 58 3 5 66 52 0 0 6 27 3 6 124 3 0 0 11 40 11 23 58 17 13 13 124 124 2 0 0 124 31 11 17 6 1 2 92 51 6 6 26 54 5 7 76 27 3 3 92 44 1 2 39 25 2 0 65 124 7 7 16 124 75 14 4 2 1 4 30 67 37 23 33 23 2 3 42 7 1 1 110 111 3 3 13 8 0 0 13 35 9 31 60 47 30 1 7 29 8 18 32 86 44 30 59 19 0 0 13 1 0 6 83 72 0 0 1;
<CIRCLE 158 158 1.5 0 3.9104e-06>; 0 18 146 0 0 11 82 0 0 48 146 0 3 25 73 0 0 32 146 6 1 18 50 0 0 27 146 3 0 15 32 0 0 39 146 2 0 6 62 1 0 6 146 63 14 27 70 0 0 32 146 34 6 22 68 1 7 47 103 5 0 33 62 1 0 10 101 5 0 0 0 0 0 3 104 39 13 6 0 0 5 25 80 23 15 20 5 4 37 114 37 0 0 0 1 3 0 0 9 5 3 3 0 0 0 2 15 3 2 1 3 1 0 0 3 5 7 10 4 0 4 23 5 2 0 1 2 1;
<CIRCLE 208 162 1.5 0 3.76591e-06>; 4 7 23 59 3 14 123 26 66 9 14 14 5 14 66 119 24 7 24 106 19 32 37 36 18 2 4 21 40 20 38 57 0 31 123 2 0 7 67 10 0 22 123 63 8 14 40 34 9 123 123 28 8 31 42 30 19 120 70 14 36 71 51 48 0 12 90 16 0 0 0 0 1 4 82 72 24 15 4 1 8 123 65 18 20 32 14 0 7 123 123 9 3 2 0 0 4 2 21 10 0 0 0 5 9 3 7 5 10 5 5 20 4 7 0 15 47 20 4 4 39 33 4 2 4 2 5 33;
<CIRCLE 203 179 1.06066 0 3.68636e-06>; 0 1 16 33 16 26 18 0 5 33 39 6 4 4 2 13 10 47 9 0 0 0 28 24 1 9 12 13 1 12 28 1 2 0 7 41 95 113 59 2 96 9 6 9 54 21 12 128 42 7 0 0 0 3 128 128 0 0 2 2 0 28 128 4 8 1 15 128 115 35 3 3 128 27 0 34 30 4 2 78 128 13 0 0 0 0 29 61 3 0 0 0 2 9 49 4 15 0 0 15 128 43 4 15 128 1 0 2 16 3 4 128 73 4 0 0 0 0 1 54 1 0 1 5 2 1 2 2;
<CIRCLE 326 146 1.26134 0 3.60378e-06>; 50 66 17 0 0 0 4 2 28 126 71 0 0 0 9 6 5 38 112 21 12 31 25 3 0 1 16 78 31 19 17 1 5 11 7 0 0 29 86 16 19 40 38 0 0 2 129 129 3 29 66 7 0 37 129 77 1 3 8 16 8 18 129 63 22 6 5 4 2 15 20 70 129 7 2 0 0 2 33 129 22 11 7 0 7 79 107 45 1 4 2 0 3 59 66 28 70 2 1 0 0 0 2 129 39 1 0 0 1 2 8 129 8 3 1 0 1 2 8 13 0 0 0 3 6 24 11 2;
<CIRCLE 154 182 1.06066 0 3.59244e-06>; 0 4 37 53 36 33 11 0 52 43 2 52 35 6 4 15 47 67 65 0 0 0 15 27 0 14 104 0 0 3 25 5 1 0 2 11 110 130 38 2 50 5 0 7 45 33 39 130 23 8 12 0 0 2 130 130 0 3 18 0 0 22 130 7 8 0 0 25 130 16 1 1 130 10 0 8 70 4 4 63 109 16 0 0 0 0 52 57 0 4 0 0 2 6 68 3 9 0 1 40 130 1 0 2 130 17 1 6 40 0 0 48 73 26 6 0 0 0 1 22 2 6 0 0 2 1 2 3;
<CIRCLE 204 179 1.5 0 3.5597e-06>; 0 0 7 25 16 18 13 0 13 31 21 10 3 2 1 9 15 26 3 4 15 7 8 10 8 1 0 9 25 24 9 6 1 1 6 42 65 112 72 2 88 19 11 15 41 32 35 137 26 9 1 2 2 20 137 84 2 1 0 6 6 34 137 2 10 2 5 80 137 61 17 8 137 5 0 30 48 9 9 137 93 0 0 0 1 10 70 56 0 0 0 0 1 15 88 8 28 0 0 17 137 29 5 15 137 0 0 3 32 4 2 116 36 1 2 3 1 2 1 19 2 0 0 1 0 1 3 3;
<CIRCLE 231 156 1.78381 0 3.45416e-06>; 0 5 17 56 23 0 1 1 46 18 16 5 2 0 0 61 121 4 8 14 2 2 2 129 14 1 15 65 87 79 6 67 20 7 31 45 29 2 1 21 129 14 17 4 0 0 0 129 122 13 78 129 0 0 0 129 4 2 65 129 9 1 0 7 34 2 2 4 21 53 55 94 125 19 44 19 0 0 2 129 14 7 64 96 0 0 3 21 5 1 9 21 0 0 2 57 5 4 9 7 4 16 25 32 13 8 19 3 0 0 17 45 8 1 4 2 0 0 9 63 1 0 0 0 0 0 3 38;
<CIRCLE 272 138 3.56762 0 3.39758e-06>; 3 88 61 0 0 2 47 4 0 32 83 0 0 3 72 1 6 16 15 0 0 4 80 4 0 0 0 0 0 3 69 4 0 55 97 14 62 134 50 0 18 130 134 2 3 16 64 7 84 134 69 13 1 3 24 22 2 21 99 42 4 9 14 5 11 11 38 19 51 111 103 27 8 16 8 0 1 44 134 13 23 58 32 7 0 8 134 28 0 11 62 26 2 55 125 1 4 1 0 0 0 1 15 29 0 0 2 0 0 3 28 0 0 0 1 0 0 3 35 1 0 0 0 0 7 15 29 0;
<CIRCLE 232 156 2.52269 0 3.28805e-06>; 11 20 27 48 31 8 3 1 36 6 29 56 19 0 0 66 80 1 4 18 48 29 13 124 10 22 101 49 95 86 31 34 12 3 12 80 97 22 4 13 124 17 26 21 1 0 0 124 102 11 82 124 22 12 2 124 3 0 19 62 42 56 31 25 16 5 17 17 79 105 39 48 110 23 34 14 0 3 16 124 14 6 46 60 0 0 4 66 3 0 4 5 0 1 7 46 13 13 19 7 5 6 13 61 6 3 2 0 0 0 35 74 2 0 0 0 0 0 8 53 2 0 0 0 0 1 1 6;
<CIRCLE 153 182 3.56762 0 3.21709e-06>; 0 2 16 8 9 115 57 0 3 8 73 11 39 77 10 3 8 27 66 23 5 15 36 16 3 69 69 9 1 6 44 23 0 0 0 0 33 100 21 0 15 3 0 1 115 115 12 27 43 5 0 0 11 15 107 115 6 0 0 0 0 4 115 62 0 41 42 10 29 16 5 1 51 15 7 45 115 64 7 27 115 41 8 4 11 8 83 100 1 3 24 1 0 2 115 14 3 46 40 11 9 29 66 6 29 18 11 42 79 38 85 14 75 65 26 2 5 4 67 33 0 6 78 3 0 4 42 0;
<CIRCLE 166 157 2.12132 0 3.20665e-06>; 1 32 148 1 1 4 11 3 2 20 148 4 1 8 11 4 2 19 148 4 0 0 2 4 0 12 148 8 0 0 0 0 0 15 148 36 5 8 4 0 2 34 148 18 7 3 2 0 4 15 148 14 5 20 41 3 0 10 148 6 3 32 25 0 0 3 102 50 4 1 0 0 10 118 71 12 3 2 1 0 16 114 94 2 0 12 28 5 0 4 80 39 18 36 19 0 1 0 3 2 3 8 9 7 2 17 2 0 4 12 8 10 1 28 55 1 0 4 24 10 0 2 61 11 0 5 19 0;
<CIRCLE 176 159 2.52269 0 3.15658e-06>; 3 18 147 4 1 4 6 4 1 18 147 8 0 0 1 1 0 33 147 13 0 0 0 0 1 45 147 1 0 0 0 0 7 55 147 10 5 7 13 2 4 17 147 15 7 47 59 2 2 41 147 12 11 31 11 5 6 82 147 1 0 0 0 5 9 96 42 2 1 3 5 4 3 43 147 25 6 16 19 2 0 5 90 42 12 11 6 2 1 19 70 3 0 0 1 1 3 3 2 0 1 9 22 28 1 2 16 1 0 16 65 7 0 1 11 1 0 13 62 1 0 1 8 0 0 11 35 0;
<CIRCLE 200 198 3 0 2.99207e-06>; 0 0 0 0 6 16 86 3 33 0 0 1 129 86 27 27 129 1 0 0 24 13 26 117 4 0 0 0 0 2 68 13 0 1 114 20 10 3 9 1 37 40 43 129 129 19 11 7 129 129 20 17 21 4 7 25 15 26 7 0 0 0 1 6 0 0 70 14 0 18 129 1 4 14 26 62 31 74 129 7 50 101 8 6 4 17 129 96 39 20 2 0 1 1 10 46 1 1 0 0 0 2 32 2 1 1 0 0 2 9 52 2 0 0 0 0 1 4 51 15 0 0 0 0 0 1 8 9;
<CIRCLE 247 118 3.56762 0 2.98576e-06>; 0 0 78 11 2 3 2 0 0 7 114 3 0 1 0 0 0 6 114 0 0 0 2 0 0 5 89 0 0 0 1 0 11 1 35 35 30 44 25 22 24 25 85 27 23 28 18 26 15 18 88 0 0 1 114 30 0 5 66 0 0 1 114 2 6 0 1 58 114 20 10 19 36 76 14 37 51 11 39 22 22 114 73 0 0 12 58 14 0 55 84 0 0 1 52 1 9 1 1 75 79 3 2 29 51 17 24 9 16 28 114 114 3 34 52 17 59 114 109 21 0 43 114 4 15 38 37 1;
<CIRCLE 149 190 0.891905 0 2.80549e-06>; 0 0 0 4 5 8 1 0 0 0 1 25 123 6 0 0 28 0 0 31 128 0 0 7 128 5 0 1 10 0 0 52 0 0 4 35 35 5 0 0 0 0 16 128 95 9 0 0 37 9 2 89 128 4 0 1 128 99 7 2 1 0 0 12 0 0 3 10 52 27 3 0 0 0 1 35 93 128 13 0 29 6 0 23 128 70 0 1 128 42 1 1 6 0 0 51 2 2 9 5 1 5 2 0 1 0 1 24 114 43 8 0 30 2 0 18 128 25 0 1 128 30 0 0 10 0 0 19;
<CIRCLE 132 158 1.06066 0 2.78597e-06>; 1 2 3 1 9 17 113 36 25 24 21 0 2 3 82 113 9 12 38 6 0 0 109 81 12 18 49 1 0 0 69 68 9 26 32 58 50 34 88 16 113 51 7 25 34 10 15 33 50 13 20 29 60 35 29 22 3 28 113 22 28 3 0 5 6 34 78 61 10 8 13 2 113 113 9 28 8 6 4 8 73 86 28 24 113 41 14 8 0 1 29 28 113 10 0 0 0 1 1 1 1 80 68 2 26 77 5 0 2 76 20 1 14 112 60 31 35 8 8 7 2 1 6 25 64 15 15 4;
<CIRCLE 246 148 1.26134 0 2.77775e-06>; 7 2 15 130 65 8 9 77 1 54 130 98 14 3 0 1 6 76 130 16 1 0 0 5 24 41 113 52 1 0 0 10 3 0 0 64 130 130 29 7 0 0 10 19 21 130 71 5 12 9 30 2 2 12 82 120 46 13 5 0 0 0 12 120 0 0 34 96 44 73 9 0 0 1 6 18 19 116 62 9 5 4 0 0 0 14 108 87 7 0 0 0 0 4 27 40 2 2 27 41 0 0 0 2 3 4 8 4 0 1 5 8 9 9 1 0 0 0 3 14 1 1 1 0 0 1 1 1;
<CIRCLE 162 143 1.06066 0 2.64465e-06>; 54 87 49 2 0 20 37 29 8 116 80 9 0 0 15 7 28 116 18 8 20 16 13 5 15 14 1 2 18 61 116 12 0 4 0 0 0 57 110 39 2 29 4 0 6 30 116 69 84 116 3 1 15 41 53 10 47 94 37 2 0 0 9 5 2 0 0 0 3 15 46 110 2 0 0 13 59 34 56 75 27 17 0 11 90 58 57 11 33 32 19 6 0 2 30 17 5 37 116 0 1 0 5 31 2 17 116 10 19 11 8 5 5 20 116 1 9 24 91 11 2 10 80 0 0 7 82 15;
<CIRCLE 159 159 1.78381 0 2.60686e-06>; 0 21 158 1 0 6 46 1 0 51 158 3 3 19 33 0 0 28 158 6 3 13 17 0 0 23 158 6 0 12 17 0 0 38 158 5 0 4 35 1 0 5 158 84 13 19 31 0 3 63 158 25 4 18 24 0 19 63 59 3 0 29 51 4 0 6 82 7 0 0 0 0 0 1 75 36 12 6 0 0 11 58 41 11 9 12 3 1 25 144 59 0 0 0 2 2 1 0 3 6 10 6 0 3 2 0 6 2 3 8 18 15 1 2 0 3 10 19 8 7 3 15 11 1 0 2 17 16;
<CIRCLE 305 145 1.78381 0 2.55132e-06>; 7 62 121 10 0 2 9 8 3 54 121 45 15 23 37 2 0 0 77 121 99 24 6 0 0 1 59 74 9 0 0 0 2 22 82 1 0 17 111 56 0 14 111 30 15 45 121 26 0 0 37 91 94 49 17 0 16 1 15 30 21 0 5 16 0 0 0 29 18 12 97 29 0 0 11 121 49 20 43 9 0 0 3 121 104 12 3 0 64 11 0 14 12 0 1 12 0 0 0 19 83 13 0 0 0 0 2 98 121 20 0 0 2 1 1 54 38 8 0 0 56 5 0 1 1 0 0 12;
<CIRCLE 222 138 3.56762 0 2.52819e-06>; 7 21 23 94 100 16 0 0 18 4 10 125 102 0 2 35 14 0 0 26 50 12 13 46 6 10 3 36 60 9 7 3 23 17 5 125 125 6 14 21 103 31 5 83 90 1 4 21 26 13 5 91 79 3 3 16 29 4 3 25 42 5 30 91 1 0 0 125 125 8 19 16 24 16 16 35 54 15 20 16 39 12 31 83 26 0 0 57 48 9 21 15 28 20 14 125 7 6 19 75 33 4 2 20 4 5 7 19 95 34 5 10 105 9 10 17 18 7 4 70 36 7 21 26 18 13 5 37;
<CIRCLE 197 197 1.06066 0 2.51196e-06>; 1 2 3 0 1 1 0 1 1 1 0 8 103 5 0 0 62 7 0 24 124 4 0 0 124 19 0 2 1 0 0 3 1 1 27 3 1 2 2 3 1 0 21 50 113 8 0 1 47 32 0 52 124 5 0 0 118 124 0 2 3 0 0 0 0 2 124 12 0 0 13 0 0 0 112 124 25 5 17 0 11 19 4 109 68 13 27 1 33 124 17 1 2 0 18 3 0 0 27 2 0 4 124 0 0 0 15 14 3 22 124 0 0 0 0 6 4 38 124 0 1 10 3 0 0 7 124 4;
<CIRCLE 205 179 1.78381 0 2.50484e-06>; 0 1 9 11 16 19 10 0 21 22 16 8 3 1 1 10 10 8 1 2 41 15 7 8 49 12 0 1 20 12 8 39 4 1 3 23 71 119 44 4 79 17 8 10 28 25 49 140 12 5 0 0 8 42 140 59 22 12 0 0 4 22 140 19 20 0 0 37 140 62 20 15 140 0 0 13 43 8 17 140 49 0 0 1 1 18 107 49 1 0 1 0 0 7 126 14 38 0 0 6 140 25 3 17 140 0 0 0 25 4 1 95 23 0 0 2 1 2 1 14 1 0 0 0 0 0 5 3;
<CIRCLE 215 138 5.04538 0 2.34607e-06>; 0 4 35 34 18 43 111 21 4 5 19 109 86 43 71 21 3 0 5 91 115 24 14 20 6 8 16 19 37 8 4 7 13 25 62 67 49 47 61 19 19 19 21 122 122 7 16 10 41 16 9 89 70 3 4 22 16 7 5 30 56 8 30 56 1 26 122 109 49 30 53 9 5 3 12 122 122 20 19 5 41 12 21 48 46 12 5 28 47 8 18 18 19 13 12 85 0 24 122 45 2 2 2 0 3 17 78 44 22 6 3 3 37 9 11 6 32 17 11 42 30 7 6 4 4 3 4 30;
<CIRCLE 133 161 1.26134 0 2.33281e-06>; 8 17 13 27 31 30 111 27 85 32 3 12 18 10 44 62 12 21 64 26 31 12 39 31 9 36 119 4 1 0 23 18 16 46 77 69 20 12 18 4 119 119 16 26 31 17 11 15 21 34 38 40 119 41 10 4 3 12 86 14 25 0 0 0 2 4 2 1 2 119 91 2 38 119 26 4 6 93 31 8 8 69 51 53 93 25 36 21 8 2 3 11 31 26 23 8 0 0 0 0 9 72 39 3 1 2 0 0 13 101 75 44 1 3 0 0 9 51 93 88 0 0 0 0 22 106 36 2;
<CIRCLE 221 177 1.26134 0 2.28704e-06>; 99 37 4 0 0 1 30 104 16 26 24 0 0 1 110 113 11 12 8 0 1 4 28 91 2 0 0 0 2 3 20 35 49 134 48 0 0 5 123 17 15 145 145 0 0 4 109 30 117 120 58 0 0 0 19 46 21 4 2 2 5 5 11 8 3 5 3 0 0 9 145 22 5 14 15 6 2 29 145 38 70 19 6 1 1 11 95 85 14 7 19 7 5 1 11 5 2 4 9 3 0 0 12 3 1 0 9 17 3 5 18 3 8 4 3 3 1 6 23 16 1 1 4 5 2 5 28 5;
<CIRCLE 106 164 1.78381 0 2.26135e-06>; 2 2 3 0 2 36 20 2 1 1 1 0 0 108 110 14 0 1 5 0 0 78 131 42 0 0 1 4 16 36 131 88 10 1 0 0 1 5 5 20 91 19 11 3 0 5 62 131 23 9 37 127 27 18 131 131 0 0 22 131 55 22 99 21 8 7 4 1 0 0 2 8 80 92 89 14 0 0 3 23 18 25 131 131 11 3 4 13 2 1 20 79 5 3 5 6 0 1 0 0 0 0 9 6 1 4 9 1 1 5 14 3 1 1 9 5 6 8 3 0 1 2 4 2 0 1 2 1;
<CIRCLE 217 130 5.04538 0 2.19444e-06>; 0 0 1 4 8 48 125 23 2 1 4 33 54 61 125 30 0 0 21 39 79 35 13 6 3 4 52 10 10 4 2 3 5 17 82 72 42 32 33 11 11 11 23 125 125 14 12 11 16 3 1 90 98 10 9 33 10 18 4 25 55 9 20 20 8 15 40 71 75 54 95 19 20 12 6 125 125 13 15 8 37 17 19 66 41 3 3 24 32 7 15 20 29 14 30 88 0 23 125 115 29 3 5 0 1 6 25 84 77 15 6 2 51 6 11 19 35 12 5 38 32 7 12 9 15 11 8 37;
<CIRCLE 146 169 14.2705 0 2.18543e-06>; 4 2 0 0 0 1 30 26 11 9 2 0 0 0 98 134 4 7 11 7 8 17 141 141 0 0 4 40 104 83 114 14 22 13 8 1 0 0 10 32 33 98 141 12 8 6 28 82 8 67 141 63 13 6 45 58 3 2 106 141 105 12 15 26 1 1 1 0 1 3 15 8 0 4 38 10 20 55 28 2 0 7 99 11 4 26 106 18 2 0 28 19 0 7 52 73 0 0 0 0 0 0 6 3 0 0 0 0 0 8 18 2 0 0 0 0 0 3 38 4 0 0 0 0 0 1 19 10;
<CIRCLE 209 134 1.26134 0 2.11226e-06>; 50 31 8 1 2 5 20 24 4 1 0 37 127 49 22 4 0 2 10 131 131 5 0 0 7 27 11 22 6 0 0 1 131 20 1 7 20 0 0 60 8 1 0 131 131 2 0 2 0 0 0 93 131 2 0 0 42 13 1 1 18 1 0 4 41 0 0 54 47 0 3 71 0 0 0 131 131 0 0 0 0 0 0 40 87 11 1 0 26 1 0 0 9 7 7 29 0 0 0 131 80 0 2 7 0 0 0 131 99 2 0 0 2 0 0 5 26 8 6 20 3 0 0 2 12 4 15 62;
<CIRCLE 149 199 1.5 0 1.89547e-06>; 0 6 17 6 8 3 0 0 0 0 7 31 117 73 0 0 122 22 1 20 130 35 0 16 113 32 2 0 0 0 1 44 1 40 125 7 0 4 22 1 0 2 90 131 76 18 28 0 95 58 2 83 103 19 66 8 80 131 59 0 0 0 22 11 1 6 18 2 0 31 131 1 0 0 15 21 9 32 131 0 6 6 0 6 8 30 131 8 6 27 11 0 0 3 131 28 0 0 0 0 0 4 16 0 0 0 0 1 1 5 28 0 1 0 0 0 1 3 27 4 4 1 0 0 0 0 23 8;
<CIRCLE 339 132 7.13524 0 1.88903e-06>; 2 18 40 0 0 0 9 3 13 18 19 5 0 0 3 6 54 16 5 3 8 24 70 83 1 0 0 5 33 62 44 7 3 10 66 78 3 6 45 7 30 59 118 84 0 0 2 11 123 123 81 39 16 12 15 54 4 16 35 70 73 29 10 4 33 12 84 123 85 25 5 41 71 28 72 36 0 0 47 123 69 37 13 4 0 0 21 123 3 3 7 7 1 3 11 4 28 0 0 6 70 107 80 104 48 0 0 0 0 3 45 123 3 0 0 0 0 2 26 25 0 0 0 0 0 1 13 2;
<CIRCLE 152 198 2.52269 0 1.85159e-06>; 0 3 4 6 26 8 5 2 54 9 1 52 139 36 2 11 139 35 0 6 21 5 29 53 7 3 0 0 0 4 65 3 3 77 97 20 22 5 22 5 64 22 26 103 139 36 26 5 139 128 32 8 23 4 21 21 8 26 103 1 0 1 7 1 2 21 22 6 2 29 139 7 7 5 10 32 30 61 139 10 29 47 17 1 3 8 139 58 0 10 61 0 0 11 139 6 1 0 0 0 0 4 14 1 0 0 0 0 0 7 35 2 2 0 0 0 0 0 30 12 0 0 2 0 0 2 25 1;
<CIRCLE 222 127 1.5 0 1.76572e-06>; 0 0 2 117 117 2 1 0 25 1 1 36 32 9 15 81 53 0 0 20 40 4 3 117 12 9 5 36 41 5 15 31 2 8 6 117 70 4 6 6 87 2 0 4 6 4 12 117 44 2 1 39 69 6 5 86 10 0 0 18 43 12 22 116 76 48 12 27 11 0 0 24 117 10 5 20 38 3 9 117 46 2 2 36 75 3 4 48 33 3 4 117 47 1 1 56 112 21 1 1 12 1 2 17 99 51 46 28 10 0 0 19 29 3 8 35 38 2 6 60 7 2 3 103 85 1 3 8;
<CIRCLE 350 120 8.48528 0 1.74602e-06>; 0 4 10 0 0 3 11 0 2 1 0 0 0 1 29 13 0 0 0 0 0 18 55 11 0 0 0 0 0 9 18 0 3 33 58 21 1 1 12 4 100 122 58 12 0 2 28 63 51 55 25 40 79 116 102 60 0 0 0 5 32 32 16 0 21 15 123 123 26 6 11 36 123 123 106 27 0 0 11 123 67 107 60 61 37 7 6 35 0 0 0 11 18 7 18 0 42 5 14 35 61 77 73 123 36 2 2 0 0 0 49 123 7 0 0 0 0 1 24 38 0 0 0 0 0 1 24 0;
<CIRCLE 324 143 1.78381 0 1.70258e-06>; 39 61 78 92 5 0 0 0 107 126 62 63 11 0 1 11 3 10 19 126 36 13 9 3 2 5 15 14 8 12 4 0 26 25 20 29 2 1 25 26 49 126 29 4 0 1 20 16 14 89 57 20 13 13 34 17 1 3 30 53 37 17 55 10 81 15 0 0 0 7 44 41 32 17 2 0 0 12 78 126 29 15 13 2 0 14 126 126 1 0 2 4 4 26 126 43 118 12 0 0 0 0 0 28 104 2 0 0 0 0 3 126 35 0 0 0 0 8 22 95 1 0 0 0 0 38 29 3;
<CIRCLE 214 142 1.78381 0 1.66675e-06>; 29 1 0 133 133 0 0 21 10 1 0 96 133 5 4 8 132 42 6 2 6 1 3 25 46 31 17 15 9 0 1 20 1 0 0 133 133 0 1 5 10 0 0 40 78 12 35 69 38 24 1 6 33 12 31 55 92 48 21 33 10 0 0 11 7 0 0 133 133 0 1 19 63 0 0 12 34 6 13 106 13 5 0 19 105 16 16 21 17 22 34 42 19 1 4 8 30 0 0 48 30 0 0 71 20 0 2 33 44 6 7 93 0 0 0 30 68 16 14 3 0 1 9 63 31 1 3 1;
<CIRCLE 220 138 4.24264 0 1.6233e-06>; 2 10 40 54 57 32 25 6 5 2 12 125 125 14 12 12 6 0 0 44 78 10 9 31 9 13 5 26 49 6 5 5 17 27 36 88 125 19 48 22 42 16 6 125 125 2 1 8 34 14 9 69 66 4 4 21 22 7 4 21 47 8 41 82 0 1 28 125 125 20 37 5 12 7 8 73 125 24 12 3 51 12 28 62 24 2 1 52 44 8 21 13 22 16 14 99 1 8 100 113 16 0 0 0 2 14 32 16 61 22 6 4 76 8 4 7 27 13 8 54 30 9 9 8 10 7 5 23;
<CIRCLE 216 174 1.26134 0 1.58203e-06>; 3 6 1 24 46 17 4 2 66 45 3 4 8 4 7 41 25 22 7 0 0 0 43 64 10 3 2 1 0 0 18 115 3 0 3 19 23 39 12 4 126 46 5 2 4 8 11 94 45 70 44 0 0 0 96 93 10 22 30 0 0 1 30 73 2 0 7 24 3 28 126 1 32 66 13 3 1 11 126 12 11 121 126 0 0 6 126 12 56 86 74 0 0 1 45 43 1 0 0 0 1 22 126 5 3 2 1 0 0 8 126 18 0 2 4 4 0 13 126 9 13 2 1 2 1 11 86 35;
<CIRCLE 295 144 2.52269 0 1.58192e-06>; 5 12 72 35 9 26 37 6 9 45 88 21 7 14 15 9 4 30 69 5 3 21 46 6 0 4 48 58 42 28 14 0 0 14 116 50 5 15 116 1 1 62 116 25 3 73 112 4 2 72 116 10 4 20 79 32 0 8 92 116 67 28 17 2 0 0 0 0 1 8 88 0 0 0 1 0 3 79 111 4 0 1 2 81 66 28 115 28 2 0 1 116 93 20 12 1 0 0 0 0 0 2 2 1 0 0 0 0 9 6 3 1 0 0 0 29 116 40 0 0 3 0 0 38 93 31 0 0;
<CIRCLE 143 173 16.9706 0 1.43266e-06>; 2 0 0 0 0 4 28 18 14 5 0 0 0 0 80 136 5 6 8 9 16 38 136 136 0 1 6 29 96 91 90 10 15 6 1 0 0 0 20 33 50 93 133 12 6 5 26 97 14 72 136 103 25 15 67 72 1 0 72 136 120 23 30 36 1 0 0 0 0 1 20 13 0 5 32 10 12 46 36 2 0 4 93 16 3 20 128 12 1 0 17 14 0 1 56 76 0 0 0 0 0 0 2 2 0 0 0 0 0 4 9 0 0 0 0 0 0 1 22 2 0 0 0 0 0 0 8 6;
<CIRCLE 216 175 4.24264 0 1.42261e-06>; 0 25 126 126 18 0 0 0 4 33 99 71 74 21 6 4 73 10 14 19 93 45 20 65 103 23 17 10 9 5 5 68 0 6 126 13 2 42 28 11 30 49 118 10 4 3 68 65 75 21 14 3 8 10 32 126 16 3 1 0 0 0 14 91 16 1 0 2 24 117 56 65 31 3 0 0 0 3 126 126 24 0 0 0 0 0 72 112 2 0 0 0 0 0 9 18 32 30 8 45 41 23 17 14 72 57 1 0 0 1 11 29 3 1 0 0 0 1 12 4 0 0 0 0 0 0 6 3;
<CIRCLE 121 159 1.78381 0 1.36762e-06>; 0 1 89 112 23 26 42 10 0 0 16 59 9 60 112 2 13 3 5 2 0 48 112 14 92 112 44 0 0 3 47 40 0 0 0 4 10 26 112 71 0 0 8 20 80 95 105 11 0 33 61 23 17 44 112 3 34 30 29 19 4 16 63 37 0 0 15 106 30 12 67 14 0 0 3 37 100 106 28 2 0 17 30 10 18 112 112 0 23 46 27 8 1 66 51 2 1 0 11 42 2 1 2 2 1 0 1 5 6 18 8 4 0 0 0 0 2 46 56 3 0 1 0 0 0 97 58 6;
<CIRCLE 314 167 1.5 0 1.32695e-06>; 0 0 0 0 47 52 3 0 59 0 0 0 2 6 7 27 140 1 0 0 0 0 0 140 49 0 0 0 1 0 1 101 0 0 0 0 28 140 87 0 74 0 0 0 5 44 117 130 140 1 0 0 0 0 9 140 21 2 0 0 0 2 4 30 0 0 0 0 0 111 140 0 6 0 0 0 0 43 140 117 40 3 2 0 0 1 53 140 5 4 0 0 0 2 5 5 0 0 1 1 2 6 10 0 0 0 4 4 0 2 24 5 1 4 6 3 0 1 7 5 3 3 0 0 0 1 1 1;
<CIRCLE 348 110 0.891905 0 1.32346e-06>; 7 1 2 2 1 0 4 27 0 1 4 7 7 8 40 33 5 3 4 8 20 11 11 2 6 2 0 0 0 0 6 33 23 2 4 31 3 0 3 60 4 10 70 129 6 1 3 16 50 19 36 32 15 1 0 31 49 0 0 0 0 0 8 130 5 0 3 130 51 6 4 32 41 5 21 130 20 0 0 45 113 10 8 3 0 0 0 130 123 0 0 0 0 0 0 130 3 2 25 130 16 0 2 21 89 0 0 17 7 0 4 114 130 0 0 0 0 0 0 130 83 0 0 0 0 0 0 130;
<CIRCLE 127 192 1.26134 0 1.30372e-06>; 1 0 0 1 2 3 2 1 6 14 12 8 4 3 2 8 8 23 19 2 4 16 14 15 5 4 2 1 6 20 2 1 2 0 0 1 16 8 2 2 1 25 68 66 101 36 1 0 2 147 147 17 17 12 0 0 3 87 22 1 6 5 0 0 4 1 0 2 8 7 3 1 2 3 7 10 92 147 1 1 0 147 69 4 58 147 7 0 1 147 147 1 3 49 3 0 5 5 0 0 0 1 4 1 2 2 1 1 7 45 10 1 0 1 2 0 11 147 29 0 0 27 48 1 5 147 77 0;
<CIRCLE 192 147 1.5 0 1.27044e-06>; 3 5 6 13 3 9 1 2 2 7 5 0 0 41 49 4 0 1 3 0 0 5 80 29 0 0 0 12 14 2 56 13 2 19 40 11 0 0 1 0 4 31 80 8 2 4 3 2 19 36 30 1 0 0 2 6 4 4 0 75 59 0 0 0 2 39 150 4 1 4 4 2 7 46 137 6 2 14 26 18 28 26 112 29 0 0 5 32 3 2 27 156 84 0 0 0 1 71 156 0 0 0 21 9 1 89 156 0 0 0 26 4 0 42 156 47 0 4 22 1 0 1 108 156 12 8 23 0;
<CIRCLE 217 119 1.78381 0 1.26582e-06>; 19 28 1 1 0 2 112 17 0 1 1 48 81 52 121 3 1 0 2 74 130 40 11 0 21 0 12 9 14 1 8 30 45 108 10 17 4 0 0 0 1 11 11 130 130 0 0 0 14 1 1 130 121 0 1 15 61 2 3 10 5 0 0 53 18 58 16 58 16 15 2 0 0 7 11 130 130 1 0 1 27 0 0 43 41 3 6 82 22 0 0 8 28 4 6 71 0 1 2 97 102 28 4 0 15 8 12 117 41 0 0 7 46 2 0 3 8 1 3 86 13 0 0 7 20 2 3 31;
<CIRCLE 144 154 1.5 0 1.25657e-06>; 0 14 139 1 0 0 0 0 0 17 139 5 3 0 0 0 1 15 139 4 4 1 0 1 1 13 139 2 1 2 0 0 5 11 139 1 0 0 24 29 4 17 139 0 0 0 64 15 2 21 139 0 0 2 93 15 0 15 139 0 0 10 95 1 4 15 74 8 9 0 6 9 4 26 139 0 0 0 14 4 2 50 139 0 0 0 25 7 0 39 139 0 0 2 40 1 0 2 13 12 28 2 1 0 0 5 33 2 0 0 0 0 0 9 44 1 0 0 0 0 0 6 51 4 0 0 0 0;
<CIRCLE 117 158 1.06066 0 1.19303e-06>; 11 9 8 9 8 9 8 22 7 0 0 1 3 47 111 41 0 0 0 0 0 65 111 4 0 1 0 0 0 73 110 7 11 1 3 0 0 18 111 105 9 0 0 2 9 71 108 106 2 0 2 22 45 111 35 8 4 18 80 46 11 11 37 10 0 0 10 36 8 14 111 62 0 0 3 111 53 26 69 30 0 0 1 81 111 80 15 0 0 9 40 54 49 94 37 0 0 0 64 102 9 1 5 3 4 0 15 103 22 5 7 7 3 1 0 15 14 53 43 14 0 0 0 0 9 102 73 0;
<CIRCLE 116 158 1.5 0 1.18153e-06>; 0 14 113 15 4 5 5 0 2 4 42 85 42 42 64 12 0 0 4 22 5 52 113 11 0 0 0 0 0 56 99 9 1 3 2 0 0 53 113 20 8 2 1 1 5 31 113 113 0 1 5 16 45 95 99 14 0 24 52 20 10 36 91 5 1 0 9 35 11 15 113 81 0 0 17 106 38 19 113 42 0 0 2 64 113 85 30 4 1 23 40 22 29 95 65 1 4 3 51 113 18 5 12 12 2 0 26 82 8 2 4 5 4 1 2 15 11 28 18 9 0 0 0 1 6 59 56 0;
<CIRCLE 126 191 1.26134 0 1.17712e-06>; 1 0 0 1 2 2 2 1 3 5 5 4 3 5 3 4 11 14 6 1 2 10 16 26 3 4 1 1 6 28 6 2 4 0 0 0 5 7 4 3 1 11 33 48 69 10 2 1 7 149 149 33 21 5 2 4 3 78 38 4 11 12 1 0 7 0 0 1 5 5 1 3 3 1 7 21 111 133 2 1 0 149 106 20 106 149 1 0 3 149 128 0 4 38 1 0 3 3 0 1 1 1 3 1 4 2 0 0 9 41 10 2 0 5 3 0 24 149 20 0 0 58 68 2 7 149 45 0;
<CIRCLE 138 198 1.26134 0 1.11264e-06>; 1 122 67 0 0 4 0 0 0 55 66 0 1 2 2 3 0 16 12 3 3 7 2 0 1 4 10 7 11 5 1 0 0 74 98 2 6 135 33 0 2 135 135 0 2 27 65 10 5 135 135 7 1 3 18 5 1 17 120 14 0 0 0 0 0 0 0 0 1 135 99 1 2 17 5 0 0 56 135 14 6 45 31 0 0 54 135 7 1 10 64 6 0 29 135 0 0 0 0 0 0 4 12 4 1 0 0 0 1 2 32 5 0 0 0 2 3 12 42 0 0 1 1 0 0 9 57 0;
<CIRCLE 181 106 2.52269 0 1.05181e-06>; 0 1 0 0 0 0 1 1 0 0 0 0 0 1 4 0 0 0 1 4 0 0 3 2 1 0 3 21 8 0 0 1 2 8 3 0 0 0 8 5 3 2 2 5 3 2 28 20 0 0 4 14 7 16 110 31 10 3 7 29 11 26 118 30 0 0 0 0 0 1 129 50 31 0 0 0 1 1 151 162 16 0 1 0 0 11 162 162 0 0 3 2 5 63 162 21 0 4 11 1 0 5 162 43 44 2 6 0 0 20 151 118 36 1 8 23 1 0 24 47 0 2 37 25 7 10 18 0;
<CIRCLE 216 173 1.5 0 9.29754e-07>; 3 19 3 13 34 27 9 2 31 125 44 6 11 3 2 11 18 51 74 8 0 0 7 34 4 3 17 8 0 0 20 81 2 2 0 13 54 31 4 5 111 27 0 4 12 14 12 102 50 36 13 0 0 0 80 125 7 11 5 0 0 0 34 121 1 2 1 14 17 33 125 2 60 65 6 3 4 11 125 26 32 125 96 0 0 1 120 32 64 77 34 0 0 0 22 36 0 0 0 0 0 27 125 4 1 1 1 0 0 8 125 21 2 5 5 2 1 12 125 19 25 6 1 0 0 5 59 37;
<CIRCLE 337 141 2.12132 0 9.23113e-07>; 0 1 7 132 75 8 8 8 13 11 23 27 30 13 5 2 46 16 71 50 8 1 0 46 78 3 15 16 0 0 0 142 2 37 28 64 35 15 3 1 9 5 61 53 34 13 22 31 90 4 16 13 14 2 8 142 72 0 0 0 0 0 1 142 11 25 10 9 9 10 142 101 8 1 7 13 14 20 142 142 41 3 1 0 0 0 51 142 9 0 0 0 0 2 4 45 16 0 0 0 0 15 68 87 6 2 0 0 0 43 75 23 14 35 12 1 3 11 8 21 2 22 10 0 0 0 2 3;
<CIRCLE 305 166 1.5 0 8.15731e-07>; 0 0 0 0 104 50 0 0 0 0 0 0 145 130 0 0 0 0 0 0 80 63 4 0 35 1 0 0 1 5 8 15 0 0 0 0 47 45 1 0 0 0 0 0 145 145 10 0 0 0 0 0 62 145 55 0 55 0 0 0 7 36 52 65 0 0 0 0 7 13 5 1 1 0 0 0 37 145 72 2 0 0 0 0 4 145 145 0 10 0 0 0 0 59 145 104 0 0 0 0 0 2 2 1 3 1 2 1 0 7 10 3 0 0 1 1 3 19 38 0 0 0 3 2 0 5 53 9;
<CIRCLE 335 142 2.12132 0 7.85207e-07>; 11 18 16 138 49 4 8 13 4 4 12 48 44 15 5 0 24 13 47 36 17 5 2 24 81 4 22 17 0 0 0 138 10 100 38 43 20 8 6 9 2 5 43 58 43 18 41 15 60 6 32 19 16 4 27 138 74 0 0 0 0 0 1 138 23 28 6 2 1 3 122 138 2 1 3 8 11 27 138 75 27 5 1 0 0 2 112 138 12 2 0 0 0 1 3 75 38 0 0 0 0 4 25 131 1 0 0 0 0 43 61 12 12 21 7 0 4 26 15 13 2 34 15 0 0 2 1 2;
<CIRCLE 172 147 0.891905 0 7.81659e-07>; 2 13 51 9 0 0 1 0 6 34 63 2 0 0 4 1 10 36 26 2 0 0 0 0 1 7 19 12 0 0 0 0 2 1 1 4 0 1 41 24 5 11 1 2 2 34 37 17 18 56 3 2 2 12 4 4 5 7 5 24 17 6 7 1 0 10 107 0 0 3 47 14 0 2 116 12 1 48 23 7 9 10 88 14 1 27 18 13 7 15 75 1 2 6 17 11 0 29 218 1 0 0 0 0 0 4 218 9 0 0 0 0 0 16 218 8 0 0 0 0 0 35 218 0 0 0 0 0;
<CIRCLE 330 141 1.06066 0 7.46697e-07>; 2 2 7 70 28 12 22 5 6 2 5 11 3 23 22 11 13 7 15 24 2 5 1 4 20 25 39 11 6 22 10 14 27 70 47 1 0 7 31 14 2 11 62 25 24 79 43 1 2 1 13 111 43 29 3 2 4 21 102 86 4 1 4 2 5 89 110 0 0 0 66 28 2 44 122 34 8 7 96 29 1 2 16 80 37 25 122 27 2 2 3 27 7 18 122 62 29 3 1 0 0 9 122 122 1 4 2 0 1 72 122 44 1 2 1 0 0 17 122 78 2 12 3 0 0 3 122 56;
<CIRCLE 107 162 2.12132 0 7.40605e-07>; 0 15 52 15 15 50 17 0 0 15 137 10 6 86 76 0 0 3 137 64 7 31 109 17 0 0 25 78 22 70 137 14 5 0 0 0 0 16 13 11 27 2 1 1 0 50 137 103 3 0 3 42 17 36 137 78 0 0 1 33 107 89 117 19 15 7 0 0 0 1 3 11 84 75 69 21 1 0 14 63 8 12 85 137 15 6 30 21 0 0 6 59 31 34 6 1 0 2 0 0 0 0 6 3 1 15 23 4 1 4 7 2 0 1 22 16 2 6 1 0 1 1 2 1 0 1 1 2;
<CIRCLE 316 144 1.26134 0 6.55715e-07>; 0 10 95 91 37 5 0 0 1 7 104 91 39 1 1 1 93 77 11 17 17 0 2 2 83 119 65 17 0 0 0 1 1 1 22 42 89 27 2 0 39 4 28 17 9 5 53 55 52 22 5 1 0 42 119 43 35 89 47 0 0 5 45 13 9 3 7 86 68 2 0 0 119 48 4 4 3 1 16 48 65 48 7 1 2 90 103 26 25 1 1 1 2 28 100 99 8 1 3 20 18 8 4 8 119 30 1 0 0 0 2 43 83 48 9 2 0 2 0 33 60 1 3 2 1 2 3 119;
<CIRCLE 316 145 1.26134 0 6.22351e-07>; 0 6 86 81 32 11 0 0 1 6 100 71 20 1 9 3 80 57 11 12 8 1 11 7 78 123 47 4 0 0 0 1 2 2 6 48 106 21 1 0 91 7 8 7 8 4 55 77 42 13 1 0 0 76 123 51 16 53 32 0 0 12 84 31 10 3 8 81 49 2 0 1 123 68 4 3 1 0 6 29 76 76 13 3 3 62 54 15 44 0 2 2 4 25 66 123 10 2 2 11 12 8 6 11 123 14 0 0 0 0 2 62 105 29 5 1 0 0 0 52 69 1 2 1 0 0 3 123;
<CIRCLE 128 193 1.78381 0 5.72348e-07>; 0 0 0 1 4 2 2 0 3 12 17 6 2 1 4 7 4 12 13 1 2 15 10 6 5 1 0 0 0 4 6 3 3 0 0 4 17 9 2 4 1 37 87 57 102 53 0 0 1 144 144 11 17 20 0 0 2 75 64 0 0 1 1 1 4 1 0 0 6 8 3 4 1 4 8 5 71 144 6 1 0 118 113 9 35 144 34 0 3 144 144 2 3 51 69 10 3 2 0 0 2 1 2 1 3 4 2 1 4 37 4 1 0 0 0 0 4 144 81 0 2 17 4 0 0 70 144 11;
<CIRCLE 187 160 1.26134 0 5.65752e-07>; 0 49 142 0 0 21 66 9 0 77 142 0 0 2 108 33 0 86 142 0 0 2 102 13 0 56 142 1 0 2 83 2 4 36 14 5 6 11 39 21 1 32 99 15 9 1 95 32 4 69 142 10 3 2 113 16 5 40 108 7 1 4 106 4 3 22 71 10 3 1 0 1 1 18 91 30 16 1 0 0 16 47 59 16 7 2 1 7 14 39 87 24 5 0 0 1 0 6 27 4 0 0 0 0 8 14 30 3 0 0 0 0 1 8 30 17 0 0 0 0 1 7 44 7 0 0 0 0;
<CIRCLE 192 160 2.52269 0 5.58305e-07>; 0 41 138 7 0 0 0 0 4 75 138 1 0 0 0 0 9 33 138 138 33 0 0 0 8 0 6 138 109 0 0 20 3 37 138 10 8 18 7 8 8 99 138 2 0 0 0 5 1 30 138 111 10 8 8 0 9 6 43 74 12 7 31 44 0 6 69 22 5 3 7 1 1 26 95 4 0 1 3 0 0 16 129 6 0 1 1 0 0 8 95 22 1 1 3 2 0 0 4 0 0 11 55 1 0 1 6 0 0 22 51 0 0 2 12 3 7 26 17 0 8 5 9 3 5 4 4 8;
<CIRCLE 191 121 1.06066 0 4.8586e-07>; 4 3 21 20 9 1 0 4 0 5 71 31 4 0 0 0 1 13 109 29 3 0 0 0 0 5 52 18 8 1 0 0 0 8 20 18 28 14 2 0 1 4 47 80 102 33 3 1 39 55 85 33 16 14 9 14 9 15 63 12 10 10 1 2 0 8 133 85 43 4 0 0 0 15 133 40 52 36 7 1 20 43 133 6 7 23 24 24 7 25 122 10 12 20 2 4 0 0 31 45 91 108 29 0 1 13 133 91 78 54 12 0 12 94 133 17 3 0 0 0 1 51 133 18 0 0 0 0;
<CIRCLE 304 167 1.06066 0 4.35518e-07>; 0 0 0 0 59 54 0 0 0 0 0 0 136 136 0 0 0 0 0 0 82 119 0 0 0 0 0 1 23 55 3 1 2 2 0 0 23 24 1 1 0 0 0 0 136 136 10 0 0 0 0 0 54 136 101 0 0 0 0 0 25 136 108 0 1 0 0 0 3 8 4 2 3 0 0 0 21 112 43 4 0 0 0 0 2 136 136 0 0 0 0 0 0 133 136 0 1 0 0 0 1 3 1 1 11 2 0 0 0 4 6 4 1 1 1 0 4 21 20 0 0 0 0 0 1 13 38 1;
<CIRCLE 348 109 3.56762 0 4.0266e-07>; 0 0 0 0 0 1 3 0 0 0 0 0 0 1 4 2 0 0 0 0 0 3 13 3 0 0 0 0 0 2 10 1 0 2 9 8 0 0 0 0 19 9 10 0 0 0 1 28 30 0 0 0 3 34 125 126 0 0 0 0 29 126 86 14 3 5 20 38 0 0 0 1 126 48 32 21 0 0 0 59 126 88 87 71 31 30 50 126 1 1 24 126 126 96 29 12 2 10 43 63 9 0 0 0 72 99 67 17 0 0 0 15 60 126 126 45 1 0 0 17 0 3 46 95 12 0 0 0;
<CIRCLE 302 152 1.78381 0 3.81869e-07>; 0 5 14 0 0 92 134 21 1 7 25 19 6 13 134 80 0 0 21 80 72 70 76 3 7 1 3 51 80 13 0 1 0 0 0 3 10 27 45 4 0 0 4 134 109 6 33 10 0 0 13 134 84 5 2 0 17 2 0 71 45 0 0 6 0 0 0 1 23 10 1 0 0 0 0 32 134 62 0 0 0 0 0 56 134 58 0 0 25 7 0 10 19 11 1 4 0 0 0 0 9 6 1 0 0 0 0 0 134 89 0 0 0 0 0 0 134 115 0 0 15 0 0 0 18 30 4 8;
<CIRCLE 166 171 1.5 0 3.58227e-07>; 0 0 7 10 14 18 9 1 12 52 11 9 4 7 6 4 13 102 120 9 5 2 3 4 0 35 120 17 6 3 2 1 1 0 1 7 45 70 66 13 31 6 5 7 25 26 49 96 20 11 1 1 4 26 120 53 1 2 2 2 4 46 120 3 6 7 16 25 56 44 66 12 68 19 11 0 17 29 120 66 50 42 10 0 0 10 96 45 5 5 5 1 0 34 107 4 5 32 116 0 0 8 93 9 0 26 120 0 0 7 120 10 3 29 120 0 0 1 89 21 0 39 92 0 0 3 49 11;
<CIRCLE 237 32 4.24264 0 3.00277e-07>; 0 0 0 0 1 3 7 2 0 1 8 3 0 0 12 3 0 2 5 0 2 3 11 1 0 0 0 0 0 0 8 5 0 0 1 55 14 3 0 1 9 36 131 131 10 0 0 1 56 100 73 4 1 0 0 10 9 3 0 0 0 0 4 20 0 0 0 131 111 1 0 0 104 22 40 131 57 0 0 93 131 40 15 3 0 0 1 131 12 0 0 0 0 0 7 24 8 0 0 131 131 0 0 27 131 0 0 49 30 0 0 131 55 0 0 0 0 0 9 131 0 0 0 0 0 2 14 4;
<CIRCLE 164 173 1.5 0 2.95908e-07>; 1 1 8 4 4 13 40 13 1 1 6 14 19 28 14 10 14 34 15 4 1 2 40 34 4 11 39 10 11 15 33 4 24 10 8 17 33 37 69 48 28 2 0 8 76 77 44 44 68 25 0 0 0 9 115 102 7 7 0 0 0 41 126 6 49 47 64 12 11 6 31 15 10 23 92 4 15 30 126 20 36 28 97 0 0 2 104 45 11 24 59 0 0 5 28 19 14 27 57 0 0 12 126 46 0 29 105 0 0 11 126 7 0 15 126 1 0 11 126 6 0 30 85 0 0 0 126 20;
<CIRCLE 236 33 5.04538 0 2.89236e-07>; 0 0 0 0 1 4 10 1 0 0 4 2 0 0 15 2 0 1 4 0 1 3 15 2 0 0 0 0 0 0 12 4 0 0 0 28 17 7 2 1 11 28 99 134 17 0 1 4 64 89 76 12 1 1 1 19 7 2 0 0 0 0 8 19 0 0 0 121 110 5 0 0 104 14 26 134 100 0 0 121 134 30 15 8 0 0 5 134 7 0 0 0 0 0 10 19 8 0 0 134 134 1 0 31 120 0 0 65 50 0 1 134 44 0 0 0 0 0 11 114 0 0 0 0 0 3 17 2;
<CIRCLE 239 32 3 0 2.25402e-07>; 0 0 4 6 0 1 3 3 2 7 20 4 0 1 2 2 0 3 5 5 3 4 2 0 1 0 0 1 1 1 2 5 1 0 24 131 25 0 0 1 16 82 131 98 6 0 0 2 54 116 68 0 0 2 0 13 11 4 1 0 0 0 3 15 3 0 4 131 91 0 0 1 131 29 44 115 16 0 0 116 131 35 8 0 0 0 0 131 11 1 0 0 0 0 6 21 33 1 2 131 87 0 0 39 131 1 1 15 3 0 0 131 45 0 0 0 0 1 7 110 3 0 0 0 0 2 8 3;
<CIRCLE 343 136 1.26134 0 2.1435e-07>; 46 25 36 44 3 1 1 16 14 7 68 142 10 0 1 11 35 1 25 35 8 0 7 142 52 4 1 0 0 1 4 142 2 9 46 27 36 58 9 3 83 6 22 30 11 3 3 65 142 3 0 0 0 0 3 142 19 3 1 0 8 12 8 62 20 25 71 32 50 33 9 28 67 2 1 1 9 6 21 142 84 1 0 1 1 0 6 142 7 3 4 5 6 3 2 7 43 17 19 5 0 0 49 142 74 1 0 0 0 0 10 142 17 0 1 2 0 2 3 32 0 0 1 4 3 2 3 7;
<CIRCLE 322 153 1.26134 0 2.12788e-07>; 82 53 4 0 0 9 7 8 17 9 7 4 3 23 29 51 110 4 1 0 0 2 33 140 22 8 5 0 4 51 85 46 108 15 1 0 0 0 0 33 115 6 2 1 0 0 2 140 69 2 0 0 1 2 12 140 12 5 2 0 1 3 9 21 111 25 0 0 0 0 0 36 140 6 0 0 0 0 1 140 76 6 0 0 7 17 10 48 8 1 0 0 4 6 6 7 123 5 0 0 0 0 0 140 109 1 0 0 1 0 3 140 23 12 6 1 3 4 3 13 2 5 2 1 4 3 3 1;
<CIRCLE 189 160 1.26134 0 2.10816e-07>; 0 54 143 0 0 5 76 18 0 75 143 0 0 1 94 24 0 77 143 0 0 1 100 5 0 34 143 28 0 11 66 1 3 37 34 3 3 2 57 26 0 30 141 18 8 2 95 19 7 79 123 3 0 1 121 11 0 14 114 12 2 15 90 1 2 24 71 9 4 0 0 0 4 16 61 30 15 2 1 2 24 67 77 9 1 0 0 5 2 13 89 36 8 0 0 0 3 8 24 2 0 0 0 0 5 10 23 10 0 0 0 0 0 7 44 13 0 0 0 0 2 10 34 5 0 0 0 0;
<CIRCLE 317 111 2.52269 0 1.94281e-07>; 0 4 23 1 0 1 4 0 0 1 25 6 0 0 4 2 1 7 18 1 0 1 6 1 0 2 5 2 1 3 5 1 0 34 159 0 0 0 24 5 16 54 159 5 0 0 14 21 80 79 65 2 0 1 3 30 7 2 9 27 9 5 3 3 0 12 80 0 0 14 159 16 21 22 72 1 0 7 159 143 78 21 22 50 7 1 33 116 8 2 34 132 6 0 0 26 0 0 2 1 1 13 77 1 0 0 1 31 28 15 60 11 3 3 10 159 30 2 13 12 32 19 57 96 15 2 7 55;
<CIRCLE 235 34 5.04538 0 1.72423e-07>; 0 0 0 0 1 5 10 1 0 1 6 3 0 0 14 2 0 2 7 0 1 3 14 2 0 0 0 0 0 0 11 4 0 0 0 24 19 7 2 1 10 22 87 135 23 0 1 4 74 97 86 20 1 0 0 24 10 3 0 0 0 0 7 20 0 0 0 108 106 5 0 0 93 9 18 135 114 0 0 117 135 25 12 12 0 0 5 135 9 0 0 0 0 0 10 20 6 0 0 135 135 1 0 26 111 0 0 69 54 0 1 135 46 0 0 0 0 0 9 120 0 0 0 0 0 3 17 2;
<CIRCLE 335 147 2.12132 0 1.66278e-07>; 8 81 38 60 22 8 0 1 1 3 39 52 36 14 11 6 48 5 31 22 20 4 10 144 79 0 0 0 0 0 1 144 24 51 11 4 3 3 119 144 2 3 9 19 22 28 144 81 38 3 5 2 1 2 130 144 20 0 0 0 0 1 3 118 51 0 0 0 0 7 62 144 3 0 0 0 0 62 140 30 22 31 8 0 4 27 33 44 4 40 17 0 0 2 2 7 38 1 0 0 0 1 4 50 0 0 0 0 6 18 8 1 0 5 3 1 11 53 14 0 3 29 9 0 1 16 27 3;
<CIRCLE 233 129 1.78381 0 1.41543e-07>; 31 0 1 17 52 7 12 99 11 24 13 46 70 24 40 45 1 6 11 126 97 22 6 0 26 12 20 22 5 12 8 1 31 0 0 19 51 6 12 85 7 0 0 126 126 23 30 80 0 0 0 47 126 30 14 0 2 2 0 0 0 30 30 2 38 5 7 65 57 4 5 38 10 3 4 126 126 0 1 7 3 2 1 37 36 10 11 4 17 1 0 1 2 9 46 108 31 5 4 99 86 2 3 28 1 1 0 80 106 1 0 0 15 5 3 4 5 2 1 56 126 18 18 2 1 0 11 126;
<CIRCLE 240 31 1.78381 0 1.37419e-07>; 0 11 50 9 0 3 3 0 1 25 35 0 0 5 16 2 0 4 12 2 2 10 15 2 1 0 0 1 4 3 3 1 0 24 130 115 23 0 0 0 14 130 130 10 1 1 2 3 41 130 114 2 3 5 4 4 12 17 7 2 6 1 1 5 8 5 32 130 29 0 0 1 123 41 58 14 1 0 0 84 130 59 11 0 0 0 0 130 28 9 1 0 0 0 7 50 37 4 10 54 15 0 0 44 130 2 1 0 0 0 0 130 111 0 0 0 0 0 0 130 10 0 0 2 3 1 2 15;
<CIRCLE 316 112 2.52269 0 1.25983e-07>; 0 5 44 1 0 1 3 0 0 2 44 7 0 0 3 1 1 10 26 2 0 0 4 2 0 2 5 2 1 3 4 1 0 35 164 0 0 0 57 8 12 49 164 3 0 0 41 30 95 91 92 2 0 0 6 50 15 4 9 30 10 5 3 4 0 7 41 0 0 17 164 12 10 12 39 1 1 12 164 106 57 12 14 49 9 1 53 126 11 2 32 130 6 0 0 24 1 0 6 2 1 9 45 2 0 0 7 26 28 16 40 4 1 2 9 160 36 2 13 13 29 21 52 93 25 5 13 43;
<CIRCLE 318 110 2.12132 0 1.18902e-07>; 0 2 19 3 0 1 2 0 0 1 24 7 0 0 2 1 1 7 18 0 0 1 3 2 0 1 5 3 1 2 3 1 0 29 144 1 0 0 1 2 19 65 144 6 0 0 0 7 71 79 42 0 0 1 2 15 6 1 3 11 9 7 4 3 2 17 124 0 0 7 144 27 48 42 96 0 0 0 144 144 119 30 19 22 2 0 14 110 6 1 30 114 8 1 0 3 0 0 0 0 1 19 144 4 0 0 0 19 8 8 111 51 2 1 9 125 18 1 10 16 16 7 23 93 3 0 0 36;
<CIRCLE 203 91 3 0 1.01885e-07>; 0 0 0 0 4 2 2 1 0 0 0 41 57 2 0 0 5 0 0 75 98 3 5 53 29 0 0 4 8 1 3 149 0 0 0 5 13 1 1 1 0 0 0 53 114 8 7 7 24 0 0 22 47 6 15 149 17 0 0 0 0 1 7 92 2 1 6 44 17 4 4 4 10 2 4 25 37 13 46 52 6 0 0 0 3 6 58 103 4 0 1 1 1 4 7 14 4 1 5 22 8 54 149 45 13 1 2 4 1 80 149 112 5 0 0 0 0 35 149 80 0 0 7 11 50 121 149 2;
<CIRCLE 235 129 2.52269 0 9.79978e-08>; 51 3 5 33 29 4 6 75 10 24 28 63 31 26 31 12 12 14 31 105 34 22 19 1 68 53 20 2 0 1 30 19 31 0 0 9 18 13 18 97 1 2 3 79 125 32 31 18 7 5 2 28 64 29 24 2 24 75 30 0 0 9 32 4 43 20 7 49 44 2 3 22 2 1 2 125 107 2 1 5 40 2 1 8 14 7 33 125 25 9 9 3 4 92 125 125 33 27 26 70 37 0 0 2 17 0 3 52 52 0 0 52 83 19 36 21 25 9 8 125 42 64 125 40 21 36 37 61;
<CIRCLE 202 93 1.78381 0 8.23558e-08>; 0 0 0 12 23 2 0 0 0 0 0 93 128 0 0 0 18 0 0 89 120 4 6 49 55 0 0 2 6 2 9 128 0 0 0 41 47 5 0 0 0 0 0 69 128 23 23 5 21 0 0 13 72 20 52 128 57 0 0 0 0 0 4 128 9 3 10 104 42 1 1 8 25 2 2 22 30 24 97 77 3 0 0 0 3 10 123 128 5 0 0 0 0 3 19 50 75 32 40 78 18 7 14 71 64 7 0 0 5 31 67 128 0 0 0 0 3 22 40 39 0 0 0 0 1 19 47 28;
<CIRCLE 241 30 1.26134 0 7.70325e-08>; 4 20 37 2 0 3 9 3 5 14 11 1 1 25 31 11 3 1 4 1 3 27 18 10 1 1 2 2 11 5 4 2 2 110 135 16 3 0 0 0 12 135 135 6 2 5 6 5 15 135 126 4 8 20 7 0 3 21 15 5 16 10 3 1 9 22 72 29 19 0 1 8 84 74 97 7 0 0 5 117 135 109 25 0 0 0 0 76 40 29 7 1 0 0 2 37 55 11 12 6 2 0 0 21 134 0 0 0 0 0 0 123 99 0 0 0 0 0 1 135 11 0 0 0 2 2 7 54;
<CIRCLE 263 134 1.06066 0 5.94367e-08>; 1 106 64 0 0 0 0 0 0 78 128 0 0 0 0 0 0 35 128 4 0 0 0 0 0 24 128 1 0 0 0 0 0 50 102 9 1 0 0 0 0 45 128 23 0 0 0 0 0 45 128 9 0 0 0 0 0 61 128 2 0 0 0 0 0 15 51 18 18 45 0 0 1 12 106 58 2 4 2 2 5 45 111 8 0 0 1 5 1 51 99 1 1 2 0 0 0 0 0 2 33 128 74 0 0 0 3 8 3 56 128 4 3 2 1 0 0 18 128 17 0 2 4 0 1 11 97 7;
<CIRCLE 53 86 2.52269 0 5.81675e-08>; 4 0 0 0 1 2 5 3 3 1 9 5 0 1 4 11 1 5 28 7 5 4 5 6 1 9 15 0 0 0 8 11 7 1 0 0 6 13 13 5 4 2 65 128 98 25 11 4 0 85 157 78 22 16 26 3 0 56 157 8 0 6 14 7 15 4 2 3 10 6 12 6 0 1 7 32 139 132 85 1 0 19 56 20 24 117 157 4 0 14 111 10 0 78 157 1 3 0 0 0 0 4 14 9 1 0 0 0 4 24 48 9 1 0 0 0 2 27 93 10 0 0 0 0 0 19 117 6;
<CIRCLE 319 109 1.06066 0 5.4228e-08>; 0 0 14 4 0 6 16 0 0 2 20 2 0 1 25 3 1 5 8 1 0 2 36 8 2 3 1 0 0 5 16 9 0 4 142 16 0 1 3 0 9 53 142 9 0 0 5 1 52 112 66 0 0 3 7 5 11 9 0 0 2 16 6 1 8 22 142 12 0 0 14 19 124 73 138 2 0 0 3 125 142 49 13 0 0 0 0 127 34 5 2 1 0 6 6 16 4 1 6 0 0 0 142 115 53 3 0 0 0 1 72 142 46 12 15 1 0 1 1 100 4 2 34 18 0 0 0 8;
<CIRCLE 53 85 2.52269 0 3.23933e-08>; 5 0 0 0 0 1 4 3 2 1 4 2 0 0 4 10 2 2 15 4 4 3 5 6 1 7 10 0 0 0 8 9 5 1 0 0 5 12 12 4 5 2 63 111 67 13 8 6 0 75 145 69 17 7 9 3 0 50 145 5 0 2 7 10 16 4 2 3 11 6 11 7 1 1 12 49 145 126 70 1 0 29 93 30 29 109 145 4 0 21 145 12 0 70 145 1 2 0 0 0 0 4 14 8 1 0 0 0 5 32 57 7 0 0 0 0 1 35 129 7 0 0 0 0 0 25 145 5;
<CIRCLE 206 170 1.06066 0 2.50004e-08>; 0 20 109 49 0 0 0 0 4 12 109 84 12 2 1 3 14 14 20 22 52 94 48 5 23 66 6 12 47 94 36 0 7 3 59 42 5 3 3 10 46 9 21 25 2 2 23 109 20 8 5 35 72 21 38 44 5 10 4 87 109 42 7 4 15 31 35 14 6 4 6 15 88 77 11 1 7 1 6 55 10 23 10 24 106 63 11 10 2 0 1 28 65 109 35 7 13 76 92 14 12 11 6 37 33 109 27 0 0 2 95 81 7 34 47 49 3 45 109 6 4 1 18 76 16 35 107 2;
<CIRCLE 203 93 1.5 0 2.12399e-08>; 0 0 2 24 59 2 0 0 0 0 0 97 139 1 0 0 40 2 1 57 86 7 7 81 78 0 0 0 0 0 6 139 0 0 0 71 81 5 0 0 0 0 0 56 139 29 35 21 36 0 0 4 43 14 42 139 50 2 0 0 2 2 5 139 20 5 14 77 33 6 11 25 16 1 0 6 28 36 139 90 11 0 1 3 4 5 114 139 7 0 0 1 8 4 13 42 80 35 17 20 7 1 12 78 30 0 0 0 0 10 38 72 1 0 2 3 3 16 22 24 2 0 0 0 1 8 28 27;
<CIRCLE 348 134 2.52269 0 1.87511e-08>; 41 6 27 115 11 0 0 28 116 39 98 102 1 0 0 77 80 124 124 52 0 0 0 35 3 16 107 124 1 0 0 0 34 20 54 40 10 4 2 12 95 13 67 76 0 0 0 124 77 14 10 8 0 0 0 124 2 3 16 6 0 1 0 1 29 4 30 23 18 5 17 110 100 1 3 2 1 0 2 124 14 0 0 0 0 0 1 36 0 0 0 0 0 2 0 0 15 3 2 2 2 5 80 124 14 3 1 0 0 1 5 83 0 0 0 0 0 2 6 3 0 0 0 0 0 1 3 0;
<CIRCLE 307 160 1.06066 0 4.1465e-09>; 0 0 0 2 130 76 0 0 0 0 0 5 93 84 0 0 2 5 4 1 19 30 3 0 40 17 4 0 0 1 2 5 0 0 0 0 130 119 0 0 0 0 0 0 130 62 0 0 0 0 0 0 46 31 13 3 22 3 0 0 0 3 16 13 0 0 0 0 130 130 0 0 0 0 0 0 130 130 0 0 0 0 0 0 36 87 8 4 25 0 0 1 1 5 9 12 0 0 0 0 130 130 2 0 0 0 0 0 74 130 36 0 0 0 0 1 43 130 51 0 21 0 1 1 3 15 45 40;
<CIRCLE 177 170 1.5 0 3.51991e-09>; 3 71 142 14 5 1 2 0 1 49 142 72 17 6 1 0 0 8 142 74 16 2 0 0 1 28 117 12 0 0 0 0 5 6 10 7 11 38 111 8 4 11 25 2 1 31 115 8 1 4 25 3 2 21 66 9 3 10 15 0 0 5 51 15 13 12 0 0 0 33 142 11 0 0 0 2 1 77 142 0 0 0 0 0 6 61 142 7 0 0 0 0 0 26 141 11 5 30 94 0 0 1 26 16 0 31 69 1 0 12 47 4 0 7 51 0 4 32 66 3 0 8 18 0 0 13 87 3;
