KOEN1
128
174
<CIRCLE 158 75 1.78381 0 3.7651e-05>; 0 0 2 19 15 17 7 2 1 3 8 28 5 8 22 2 50 39 9 5 0 2 16 5 41 26 2 0 0 0 3 19 12 22 39 10 8 15 9 5 70 27 1 5 5 32 131 61 26 17 0 2 37 120 131 17 18 55 16 1 4 12 26 9 19 22 9 0 0 8 91 10 131 73 0 0 13 11 44 65 57 15 1 11 131 112 21 13 85 24 3 6 29 23 44 39 0 0 0 0 0 23 131 8 48 2 0 0 1 6 131 119 20 3 0 0 47 131 27 36 83 6 0 0 7 96 65 47;
<CIRCLE 287 124 2.12132 0 3.5952e-05>; 0 0 0 62 67 22 14 2 0 0 0 116 17 0 5 50 3 0 0 14 0 0 35 132 1 0 0 0 0 8 41 80 2 0 12 70 132 28 7 11 74 18 2 17 19 6 29 132 21 23 24 0 0 3 132 132 0 1 13 6 23 69 113 13 11 6 41 40 29 5 24 26 84 107 28 0 2 4 38 41 18 118 132 0 0 2 26 16 0 23 132 24 22 14 13 0 11 2 1 0 0 1 34 74 1 5 3 0 0 15 81 5 0 9 28 0 0 14 66 1 0 8 39 0 0 6 52 1;
<CIRCLE 157 74 1.78381 0 3.43294e-05>; 0 0 3 29 19 17 4 2 1 0 7 30 5 6 8 2 36 32 12 9 1 1 6 3 55 21 0 0 0 0 2 22 3 11 44 18 18 25 7 1 42 18 4 11 7 26 120 47 28 17 3 4 14 97 130 23 35 63 11 0 5 20 22 8 8 20 24 4 2 6 56 6 130 89 2 0 2 5 45 53 95 23 0 8 130 110 54 21 47 23 5 10 60 33 34 24 0 0 0 0 0 27 130 4 67 5 0 0 0 3 130 116 49 4 0 1 69 130 27 63 69 10 0 1 26 130 51 30;
<CIRCLE 135 80 1.78381 0 3.29146e-05>; 75 25 13 10 1 0 4 15 77 4 0 36 35 14 60 39 0 0 19 96 44 21 38 0 0 0 29 73 20 8 9 0 134 19 11 4 0 2 39 71 106 3 2 96 111 40 8 35 0 0 30 116 60 29 58 0 0 0 15 41 38 13 72 0 50 14 2 0 0 3 108 123 14 0 0 3 37 116 88 49 0 0 1 4 13 89 134 0 0 0 0 1 1 24 134 0 106 28 11 0 0 0 5 34 5 15 23 0 0 4 40 12 0 5 21 0 0 10 77 1 0 1 10 0 0 12 71 0;
<CIRCLE 155 80 2.12132 0 3.20669e-05>; 0 1 21 53 26 17 4 0 19 11 12 8 11 20 26 16 24 8 2 3 6 44 125 27 36 35 3 0 4 21 20 9 0 2 17 41 19 21 105 0 112 38 10 2 0 4 99 53 141 17 0 0 80 80 61 66 43 5 1 3 77 65 24 34 0 0 0 0 0 43 141 0 17 0 0 0 0 27 141 73 37 0 0 0 22 99 91 124 45 0 0 0 22 141 78 47 0 6 30 0 0 17 53 0 0 5 20 0 0 27 83 2 0 1 7 0 0 31 53 8 1 0 0 0 0 40 57 11;
<CIRCLE 155 81 1.78381 0 3.20045e-05>; 0 5 50 30 13 6 2 1 49 40 15 2 3 9 26 23 56 16 0 1 20 61 138 41 12 16 2 3 31 58 40 6 0 2 4 4 9 18 138 3 92 39 1 0 0 7 131 44 138 40 0 1 82 43 26 65 27 13 2 11 134 94 13 8 0 0 0 0 0 39 138 0 7 0 0 0 0 19 138 48 40 4 0 0 12 50 78 117 11 2 0 0 23 138 55 13 0 2 10 0 0 20 42 0 0 1 7 0 0 28 71 1 2 4 3 0 0 23 51 3 0 1 1 1 1 38 37 1;
<CIRCLE 273 121 3 0 3.13259e-05>; 2 1 0 0 0 9 57 12 2 2 0 0 0 3 58 11 0 0 0 25 11 6 22 10 0 0 6 91 5 0 2 12 0 27 88 0 0 26 139 6 0 14 75 14 25 55 139 9 2 0 9 85 139 59 41 16 14 1 0 56 17 1 38 139 0 55 139 4 8 8 28 1 3 49 139 44 23 8 11 5 25 12 84 81 99 11 18 39 70 72 41 1 6 3 33 93 0 0 6 69 28 10 23 5 12 5 25 29 22 2 1 100 18 4 8 1 0 1 30 104 3 13 12 0 0 8 48 6;
<CIRCLE 97 95 2.52269 0 3.06104e-05>; 0 1 13 4 0 0 0 0 6 5 13 1 0 0 0 20 11 2 1 0 0 0 29 140 0 0 5 42 18 4 98 117 7 6 69 24 0 0 0 0 131 36 37 5 0 0 0 138 52 18 87 67 4 0 11 140 1 1 36 140 66 1 14 35 25 3 21 16 0 0 1 30 108 94 83 7 13 3 0 41 19 48 140 102 1 0 0 10 0 1 112 140 11 0 0 0 21 4 1 1 0 0 10 20 11 7 15 38 35 4 0 6 0 2 54 41 9 1 0 0 0 3 29 21 0 0 0 0;
<CIRCLE 166 83 2.12132 0 3.05012e-05>; 73 12 0 0 16 40 89 41 24 17 1 1 53 72 49 17 17 42 14 0 0 1 70 44 3 23 9 0 0 2 83 14 119 10 0 0 34 45 67 116 60 1 0 2 114 123 46 41 123 0 0 0 0 11 123 123 8 0 0 0 0 11 123 28 3 0 0 0 1 34 101 60 7 0 0 0 4 123 107 32 93 3 1 0 0 20 72 123 14 5 7 0 0 11 18 12 0 12 41 1 0 14 25 0 0 10 18 0 0 21 47 1 5 4 11 1 1 13 41 9 1 6 12 2 1 9 4 2;
<CIRCLE 166 82 2.52269 0 2.95742e-05>; 33 11 4 4 7 25 71 26 47 34 3 1 18 49 64 18 16 54 18 0 0 0 31 22 1 16 9 0 0 3 27 7 123 21 1 0 19 27 104 95 74 5 0 3 123 123 49 52 117 10 3 0 2 11 123 123 3 5 2 0 0 26 123 19 8 0 0 0 1 31 123 68 19 0 0 0 13 123 103 49 104 4 2 0 0 27 75 121 7 6 6 0 0 13 44 9 0 29 72 0 0 11 22 0 0 19 36 0 0 19 40 1 5 6 27 3 1 14 33 8 1 7 19 3 2 7 3 3;
<CIRCLE 162 107 2.12132 0 2.83532e-05>; 3 87 126 0 0 0 0 0 15 82 81 1 0 0 0 1 1 28 102 13 2 1 3 0 0 8 101 8 1 3 2 0 36 126 57 0 0 0 0 0 96 126 52 17 16 1 0 18 6 22 119 126 86 1 0 3 0 46 126 17 3 0 0 0 3 89 53 2 0 0 0 0 7 126 126 13 3 0 0 0 0 50 126 105 54 0 0 0 0 24 100 37 10 0 0 0 0 2 4 1 0 0 1 1 1 22 20 1 0 0 1 1 0 15 71 11 1 0 0 0 0 2 49 14 0 0 0 0;
<CIRCLE 310 106 3.56762 0 2.7964e-05>; 0 0 0 0 0 3 24 4 0 0 0 0 0 4 49 5 0 0 0 0 0 0 51 32 0 0 0 0 0 0 28 58 25 23 45 22 0 0 13 18 73 11 3 0 1 14 124 124 4 0 0 0 34 112 124 54 1 0 0 0 5 12 16 31 53 11 17 27 0 4 51 124 124 89 16 12 12 16 36 124 22 29 20 76 124 93 35 26 1 2 2 9 32 11 5 4 16 20 46 10 7 31 90 95 88 66 17 9 13 30 32 112 13 19 9 33 124 89 16 26 15 5 1 5 26 15 5 27;
<CIRCLE 99 95 3 0 2.68522e-05>; 0 0 10 4 1 1 0 0 10 3 5 0 0 0 1 42 8 3 0 4 4 1 61 133 0 1 16 38 11 16 107 41 16 9 69 21 0 0 0 1 133 44 40 4 0 0 0 133 31 12 83 133 27 2 31 133 7 25 48 133 46 3 15 12 38 8 22 15 0 0 1 26 98 95 133 26 7 0 0 26 9 21 133 133 2 0 0 5 1 33 67 133 4 0 0 0 13 2 1 3 2 3 19 17 5 2 17 43 33 13 1 2 0 0 40 36 6 6 0 0 0 11 16 8 0 0 0 0;
<CIRCLE 274 122 3 0 2.66103e-05>; 2 1 0 0 0 9 79 9 1 2 0 0 1 7 78 12 0 0 0 42 18 8 20 8 1 0 6 91 4 0 2 24 1 34 115 0 0 16 133 7 0 16 101 26 46 64 133 7 7 0 9 92 133 47 25 30 21 5 1 34 9 1 54 133 0 47 133 9 13 10 24 1 6 41 133 50 26 4 3 13 33 16 57 59 69 7 26 52 58 81 61 0 1 3 34 69 0 0 4 77 29 8 15 12 15 4 12 19 15 1 1 129 14 2 2 0 0 1 32 87 1 7 10 0 0 9 43 3;
<CIRCLE 128 80 1.5 0 2.61634e-05>; 0 3 37 47 2 0 0 0 38 28 37 27 1 0 0 1 126 23 1 8 9 1 9 33 14 0 4 83 68 8 16 7 0 0 34 38 0 9 94 0 89 19 26 7 0 9 77 47 126 6 1 25 51 11 6 89 7 0 16 120 115 43 16 2 1 12 46 17 3 18 126 4 34 34 10 0 0 10 126 91 51 1 0 1 21 39 55 122 0 0 1 4 36 126 126 2 22 25 74 27 1 2 7 11 126 58 13 0 0 0 6 45 25 7 3 0 0 2 32 24 0 2 2 0 0 7 54 4;
<CIRCLE 310 107 3.56762 0 2.50545e-05>; 0 0 0 0 0 3 24 5 0 0 0 0 0 3 54 7 0 0 0 0 0 1 57 33 0 0 0 0 0 0 26 56 31 25 48 25 0 0 10 23 94 13 3 0 2 15 120 123 5 0 0 1 49 123 123 52 1 0 0 0 7 14 14 26 47 8 11 22 0 6 64 123 123 94 17 12 11 16 31 123 21 31 22 83 123 79 25 24 2 3 2 10 31 9 4 4 16 24 57 12 8 29 77 78 87 69 19 9 13 28 28 103 13 19 8 26 123 91 14 24 15 4 1 3 26 17 6 31;
<CIRCLE 286 124 2.12132 0 2.47996e-05>; 0 0 0 43 64 31 25 3 0 0 0 126 26 0 3 32 3 0 0 23 0 0 28 129 0 0 0 0 0 6 42 96 0 0 24 78 129 33 8 3 63 12 0 24 41 9 19 129 33 26 19 0 0 0 129 129 0 2 16 5 16 53 129 23 8 8 64 48 28 4 17 24 75 77 13 2 6 5 42 40 31 129 129 0 0 1 24 22 0 27 129 19 15 11 15 0 15 2 1 0 0 0 23 88 1 4 1 0 0 13 81 10 0 9 22 0 0 15 64 1 0 7 37 0 0 5 52 1;
<CIRCLE 156 81 1.5 0 2.17759e-05>; 2 20 36 3 1 2 6 2 91 77 3 0 0 3 34 29 68 27 0 1 48 77 118 28 4 9 3 8 57 62 29 3 0 2 0 0 0 15 118 6 135 47 0 0 0 5 89 51 135 41 0 2 113 39 9 40 13 21 4 14 135 92 9 2 0 0 0 0 0 32 135 2 17 0 1 0 0 4 135 68 56 7 2 0 19 57 44 104 3 2 1 0 28 135 43 5 0 0 0 0 0 23 46 0 0 0 2 1 1 19 67 2 2 14 7 0 0 18 36 4 0 5 10 2 2 46 24 0;
<CIRCLE 167 84 1.78381 0 2.11952e-05>; 66 16 0 5 110 69 41 14 41 23 5 10 69 37 33 22 41 20 8 0 0 2 126 57 5 14 7 0 0 7 126 16 58 5 0 1 74 126 30 69 105 17 1 2 52 126 77 44 126 9 0 0 0 8 86 110 11 1 0 0 0 20 126 15 5 9 3 1 2 58 36 20 10 1 1 1 3 126 115 36 85 12 3 0 0 8 49 106 7 9 13 0 0 20 10 6 0 5 20 1 0 20 33 0 0 4 7 0 0 21 62 1 6 7 6 1 1 15 45 6 1 10 17 2 2 14 7 3;
<CIRCLE 113 87 1.26134 0 2.06997e-05>; 3 0 0 0 0 0 45 65 1 0 4 3 0 6 129 76 0 0 16 11 0 13 129 17 0 0 14 13 2 9 129 6 0 0 0 12 6 1 91 129 0 0 68 129 40 1 62 56 3 23 129 69 4 1 47 6 0 5 129 76 1 4 20 0 0 0 7 121 29 0 10 9 0 0 12 129 124 8 6 1 17 24 51 22 17 6 27 27 3 7 21 14 1 8 47 13 0 0 8 114 52 1 0 0 0 0 8 91 38 9 1 0 35 59 19 20 2 1 8 13 25 35 19 0 0 4 52 19;
<CIRCLE 197 99 8.48528 0 2.01682e-05>; 5 0 0 0 5 16 64 64 3 0 0 2 4 26 66 63 0 0 4 25 25 40 13 2 0 1 3 9 21 20 0 0 2 44 94 0 0 10 138 62 0 11 109 12 33 137 116 29 0 0 24 39 80 138 12 0 1 2 14 17 7 27 35 1 0 87 138 0 0 1 29 3 1 59 138 12 10 9 25 11 1 53 138 18 26 65 24 5 1 36 40 1 0 33 81 2 0 3 12 0 0 9 124 7 2 7 17 0 0 4 120 28 2 15 18 0 0 27 64 12 3 23 21 1 0 10 15 4;
<CIRCLE 307 112 2.12132 0 2.01327e-05>; 16 31 38 1 0 0 3 6 43 9 0 0 0 2 26 85 10 0 0 0 5 51 115 87 0 0 0 0 21 71 37 4 39 12 8 0 0 0 3 109 115 28 3 0 0 0 2 115 80 32 29 16 68 47 38 86 0 0 2 15 115 65 5 0 8 1 0 0 0 14 39 59 89 94 30 0 0 4 6 33 29 108 115 34 29 7 21 35 0 6 15 74 115 10 2 0 1 0 7 5 26 63 52 5 56 10 1 0 10 17 15 115 18 12 5 3 29 43 66 102 0 2 1 9 108 78 5 0;
<CIRCLE 195 97 8.48528 0 1.96056e-05>; 5 0 0 0 7 19 49 53 5 0 0 1 2 17 59 73 0 0 3 20 20 40 18 3 0 1 2 9 22 23 0 0 2 39 71 0 0 14 141 63 0 9 84 8 24 121 140 41 0 0 20 39 81 141 11 0 0 1 15 21 10 27 25 1 0 99 141 0 0 1 23 4 1 57 141 11 10 12 20 9 1 49 141 21 34 75 18 4 1 31 38 1 1 42 80 2 0 5 17 0 0 10 123 6 1 9 28 0 0 3 125 27 2 18 27 0 0 22 67 15 3 27 24 1 0 9 16 4;
<CIRCLE 163 108 1.78381 0 1.88993e-05>; 24 89 72 0 0 0 0 10 34 62 36 7 10 1 1 20 1 24 124 38 19 1 0 1 0 20 125 7 0 0 0 0 58 125 38 0 0 0 0 19 51 125 90 33 54 3 2 43 1 19 93 125 125 3 1 1 0 68 125 10 7 0 0 0 0 106 67 0 0 0 0 0 0 125 125 16 7 0 0 0 0 44 125 61 79 5 0 0 1 22 71 24 15 5 2 2 0 3 3 0 0 0 2 1 2 23 19 1 0 0 1 0 0 13 72 11 2 0 0 0 0 1 58 12 0 0 0 0;
<CIRCLE 157 80 3.56762 0 1.83075e-05>; 0 0 0 10 20 24 30 1 3 1 2 27 26 7 12 5 56 7 1 4 2 2 15 29 17 5 0 0 0 0 9 31 0 0 1 59 60 54 85 1 38 2 3 19 15 21 118 93 32 5 0 0 4 82 89 90 17 8 0 0 0 6 99 92 0 8 30 1 7 62 131 1 6 3 17 0 0 34 131 66 6 1 2 0 1 96 131 84 13 0 1 0 0 6 85 110 0 58 131 0 0 1 8 0 1 101 131 0 0 4 18 0 2 51 81 9 0 8 24 2 1 5 90 6 0 1 7 5;
<CIRCLE 156 74 1.5 0 1.77735e-05>; 2 0 2 18 16 20 10 6 3 0 8 31 8 7 13 7 8 16 22 23 2 3 15 1 59 40 3 0 0 0 2 11 1 15 56 10 11 22 10 1 39 29 7 10 11 21 104 43 20 7 3 5 7 88 125 32 29 39 2 0 10 61 56 7 3 21 24 1 0 5 22 6 125 122 2 0 0 3 18 26 125 62 0 3 118 72 62 24 7 19 8 21 125 63 19 3 0 0 0 0 0 20 125 4 77 11 0 0 0 4 125 73 125 14 0 0 67 48 22 75 10 11 1 5 97 125 19 3;
<CIRCLE 288 124 2.52269 0 1.74662e-05>; 0 0 0 47 42 22 29 7 1 0 1 133 17 0 5 44 3 0 1 26 0 1 30 133 35 8 0 0 0 5 19 74 3 1 30 84 133 41 16 11 66 24 6 33 29 6 45 133 11 19 34 2 3 19 133 133 14 3 8 6 32 75 62 26 15 11 65 42 30 4 28 42 74 108 48 1 4 8 59 49 10 90 133 6 3 8 46 13 16 35 133 23 29 19 15 9 15 2 1 0 0 1 21 87 1 3 2 0 0 15 64 6 0 5 18 0 0 11 66 2 6 9 21 0 0 8 44 6;
<CIRCLE 100 95 4.24264 0 1.67883e-05>; 0 0 6 22 6 0 0 0 15 12 4 3 2 0 2 37 16 18 1 2 2 8 58 84 15 4 8 10 5 25 50 39 8 12 74 40 0 0 0 0 128 67 48 8 0 0 5 128 33 19 90 128 28 12 66 128 43 102 88 75 11 14 29 29 21 12 41 25 0 0 12 16 89 106 128 43 9 2 1 11 9 28 128 128 4 0 0 3 1 94 128 42 0 0 0 0 2 0 0 0 0 6 39 23 1 0 9 18 23 62 34 6 0 2 23 19 8 69 46 0 0 6 23 1 0 14 18 0;
<CIRCLE 165 81 2.52269 0 1.66756e-05>; 19 8 5 8 7 20 51 19 51 31 3 2 9 43 70 18 24 53 15 0 0 2 16 19 2 17 9 0 0 1 18 7 123 27 3 0 7 16 100 78 74 7 0 2 123 123 55 46 103 16 5 1 10 17 123 122 5 10 4 0 0 16 123 27 16 0 0 0 1 24 123 77 20 0 0 0 25 123 94 55 123 2 1 0 1 49 92 123 15 4 4 0 0 13 68 18 0 21 60 0 0 14 31 0 0 14 28 0 0 27 45 1 7 5 16 2 1 15 45 15 2 7 15 2 1 8 4 3;
<CIRCLE 113 86 1.06066 0 1.54134e-05>; 3 0 0 0 0 0 46 66 0 0 1 2 0 7 128 63 0 0 5 5 0 13 128 17 0 0 5 5 1 8 128 7 0 0 0 11 4 1 92 128 0 0 64 110 13 1 77 59 0 10 128 51 0 1 70 9 0 3 128 67 0 6 35 0 0 0 6 93 32 0 13 17 0 0 33 128 124 4 4 1 13 34 128 43 17 3 12 11 4 18 67 26 0 1 7 5 0 0 3 128 37 0 0 0 0 0 1 83 56 10 5 0 17 10 4 4 6 5 19 20 15 3 0 0 0 3 52 28;
<CIRCLE 129 87 6 0 1.52299e-05>; 9 11 1 0 0 1 5 10 2 1 1 1 14 28 12 6 0 0 0 0 36 54 19 3 11 0 0 3 19 9 11 21 22 12 5 10 2 5 28 63 23 23 12 11 4 19 57 74 10 15 14 0 29 111 130 48 2 2 4 0 10 21 130 67 31 37 119 81 4 2 7 28 18 127 130 49 2 2 9 15 9 130 130 0 0 12 57 10 0 120 130 2 0 4 80 9 0 3 33 20 6 38 33 2 0 15 54 5 0 24 32 0 0 40 103 1 0 7 13 0 0 87 127 5 0 0 6 0;
<CIRCLE 128 88 6 0 1.49275e-05>; 10 12 1 0 0 1 4 10 3 2 1 1 12 26 13 7 1 0 0 0 35 59 23 5 9 0 0 3 22 11 14 21 26 13 7 12 2 4 27 70 23 28 17 15 4 17 58 74 13 22 22 0 25 107 134 54 2 4 7 0 11 25 134 62 33 42 122 78 4 2 5 25 15 118 134 57 2 2 6 11 9 134 134 0 0 9 43 9 0 134 134 2 0 3 68 6 0 2 27 17 6 41 37 3 0 12 45 5 0 31 41 0 0 32 88 1 0 10 18 0 0 81 113 4 0 1 9 0;
<CIRCLE 96 96 2.12132 0 1.44182e-05>; 0 1 26 8 0 0 0 0 14 8 24 3 0 0 0 30 19 2 2 0 0 0 9 139 2 0 0 36 18 2 63 139 11 7 68 25 0 0 0 1 139 47 28 3 0 0 0 106 90 41 112 35 0 0 3 139 3 0 90 139 27 0 3 38 27 2 12 9 0 0 0 38 92 88 57 5 13 3 1 33 18 74 139 57 2 0 0 2 0 0 139 138 1 0 0 0 28 5 1 1 0 0 4 22 12 7 11 35 35 3 0 7 0 3 52 43 13 0 0 0 0 0 40 28 0 0 0 0;
<CIRCLE 134 80 1.5 0 1.39202e-05>; 86 30 14 6 0 0 0 8 120 7 0 34 34 4 17 30 1 0 18 115 76 9 12 0 2 2 34 50 21 3 3 0 127 15 8 1 0 2 32 67 125 1 1 77 114 30 3 44 0 0 46 115 84 41 40 0 1 0 47 26 19 5 54 1 41 12 1 0 0 2 127 109 23 0 0 2 43 101 42 54 0 0 3 4 20 121 127 0 0 0 5 1 0 21 127 0 82 23 2 0 0 0 9 31 3 3 3 0 0 4 44 12 0 1 2 0 0 13 79 3 0 0 1 0 0 9 77 0;
<CIRCLE 200 101 8.48528 0 1.35652e-05>; 5 0 0 0 3 12 80 77 2 0 0 4 7 41 67 49 0 0 6 31 30 39 8 0 0 1 3 8 19 15 0 0 2 47 125 0 0 7 135 59 0 12 130 17 48 135 85 17 0 1 27 38 72 135 16 0 1 3 12 12 4 23 47 2 0 70 135 1 0 1 39 3 2 64 135 12 11 8 33 15 1 57 135 14 18 57 31 5 1 39 42 1 0 25 83 3 0 2 8 1 0 7 123 7 2 6 9 0 0 6 112 29 2 12 11 0 0 33 60 9 2 19 20 2 1 10 15 4;
<CIRCLE 307 113 1.78381 0 1.34882e-05>; 34 34 17 0 0 0 0 29 90 4 0 0 0 0 9 114 37 0 0 0 11 45 111 118 0 0 0 0 69 108 37 0 30 1 0 0 0 0 3 94 118 38 11 0 0 0 0 79 80 47 63 13 42 9 5 47 0 1 9 22 118 25 0 0 10 2 0 0 0 17 17 15 68 72 59 1 0 2 7 19 23 104 118 13 6 3 31 40 3 15 30 73 108 9 6 2 4 0 0 1 37 56 29 4 54 3 3 0 9 4 20 118 12 4 4 1 10 27 89 118 1 0 1 8 98 86 14 3;
<CIRCLE 313 114 1.78381 0 1.24351e-05>; 103 1 0 0 0 0 9 118 31 0 0 0 35 67 89 85 0 0 0 0 119 115 20 0 0 0 0 0 14 8 4 5 119 59 30 0 0 0 0 45 38 60 100 26 70 6 2 18 0 2 11 43 119 16 0 0 2 5 1 4 27 4 4 4 31 53 60 1 0 1 16 43 22 80 116 19 14 14 56 59 2 10 22 88 119 26 6 2 5 32 6 12 17 1 0 0 62 6 1 0 4 1 21 119 6 4 3 2 29 45 75 82 0 0 0 5 119 118 7 0 9 15 0 1 20 24 1 0;
<CIRCLE 305 126 2.52269 0 1.10336e-05>; 1 0 0 1 0 8 55 112 54 34 7 0 0 14 17 42 49 96 80 17 18 7 21 50 1 10 19 54 104 15 5 2 1 15 73 9 17 39 112 38 56 19 21 10 44 64 25 78 59 45 19 6 29 34 59 112 1 4 4 14 112 105 12 3 0 34 112 8 5 5 34 0 46 87 112 12 12 7 19 16 87 112 54 13 13 6 4 22 2 5 14 35 109 59 5 3 0 0 1 0 0 6 38 2 28 9 3 0 0 7 31 15 112 73 0 0 0 6 7 19 21 25 1 3 19 108 12 4;
<CIRCLE 169 79 1.78381 0 1.09308e-05>; 27 23 1 0 8 55 74 9 21 69 24 0 0 4 14 7 3 53 34 0 0 0 9 6 2 17 13 0 0 2 5 1 26 10 2 12 132 91 30 6 81 30 7 5 16 12 90 57 23 22 11 0 0 6 132 51 5 12 8 0 0 16 132 13 21 4 0 2 90 132 30 22 132 19 0 1 9 92 78 89 132 2 0 0 0 15 116 70 4 6 0 0 0 21 132 9 2 5 3 1 3 81 29 5 30 2 0 0 1 60 96 64 45 13 7 0 0 7 10 47 0 7 9 0 0 15 10 0;
<CIRCLE 156 82 1.26134 0 1.01068e-05>; 2 15 6 0 1 5 12 3 118 96 1 0 0 1 3 8 132 65 0 1 67 27 20 9 1 9 7 18 132 37 5 0 0 0 0 0 2 15 132 6 99 11 0 0 0 2 132 69 132 20 0 0 57 25 14 71 4 4 2 3 132 132 11 3 0 0 1 1 0 20 132 6 4 0 8 1 0 8 132 41 45 11 6 0 7 20 45 88 3 5 3 0 19 132 23 3 0 0 2 2 1 20 35 1 0 1 12 2 1 15 53 2 1 17 12 0 0 16 32 2 0 14 19 1 2 23 12 0;
<CIRCLE 132 71 2.52269 0 9.54838e-06>; 0 0 0 0 10 25 2 0 0 0 0 4 33 28 1 0 1 2 3 9 17 8 7 1 2 1 0 3 5 8 11 4 1 3 7 10 9 19 5 3 32 6 3 5 15 44 75 38 7 0 1 18 23 66 135 19 1 0 6 38 27 36 54 5 7 10 59 59 4 11 42 6 135 39 22 33 20 9 35 79 41 2 9 135 111 50 56 19 0 0 25 129 36 22 47 0 18 12 36 20 1 27 135 22 87 10 3 4 12 30 102 135 7 0 1 28 43 128 135 15 0 0 0 8 6 41 135 0;
<CIRCLE 309 105 2.12132 0 9.39223e-06>; 0 0 0 0 0 2 26 3 0 0 0 0 0 6 31 7 0 0 0 0 0 1 38 23 0 0 0 0 0 0 25 26 26 38 26 0 0 1 10 12 37 2 0 0 0 6 105 125 2 0 0 0 11 111 125 57 1 0 0 0 15 51 24 12 94 20 7 0 0 0 1 105 125 30 8 1 1 3 23 125 28 11 15 19 125 125 66 59 0 0 0 5 125 64 5 2 35 10 0 0 0 7 16 43 107 125 66 1 0 0 5 29 12 59 95 70 91 7 9 12 0 6 4 48 100 4 0 0;
<CIRCLE 133 72 2.52269 0 9.11166e-06>; 0 0 0 0 11 27 2 0 0 0 0 4 33 29 7 0 2 2 3 7 12 9 19 3 1 0 0 6 6 8 14 4 4 5 13 17 10 17 5 3 52 9 4 7 13 39 101 51 5 0 2 39 29 66 136 15 0 0 11 53 34 37 37 3 20 13 52 54 3 14 65 16 136 30 13 40 37 19 35 93 17 1 10 136 105 57 59 8 0 1 24 101 31 22 81 0 36 18 35 15 0 20 123 38 72 9 1 3 13 41 90 136 1 0 1 13 26 110 136 5 0 0 0 2 3 39 136 0;
<CIRCLE 303 126 1.26134 0 8.30887e-06>; 0 0 0 1 13 56 83 0 16 1 3 18 38 37 9 6 47 2 3 5 2 0 32 121 1 0 0 0 0 2 83 121 0 1 27 34 102 40 30 0 61 0 2 39 119 53 40 35 121 45 4 2 0 0 18 119 13 29 16 2 0 0 14 33 0 43 121 16 15 7 0 0 7 37 121 5 13 30 51 18 50 121 121 0 0 0 13 21 5 118 89 0 0 0 0 1 0 14 54 0 0 6 53 0 0 21 109 0 0 10 48 10 51 52 65 0 0 0 9 59 37 40 28 0 0 0 21 49;
<CIRCLE 126 88 8.48528 0 8.0232e-06>; 4 1 0 2 4 2 20 17 4 0 0 0 9 27 22 10 0 0 0 1 44 57 11 2 9 0 0 0 9 10 12 56 27 20 20 9 1 0 1 18 23 24 32 4 0 12 44 58 7 32 25 0 5 97 139 32 3 7 10 0 1 18 139 103 14 56 65 13 1 6 10 7 10 73 139 36 2 13 15 10 6 139 139 0 0 7 41 9 1 99 139 0 0 2 51 20 1 0 3 2 1 13 46 40 0 2 18 5 2 78 127 9 0 24 50 0 0 53 125 1 0 23 98 0 0 4 103 6;
<CIRCLE 114 94 4.24264 0 7.79601e-06>; 10 11 2 1 0 0 2 24 11 15 2 2 2 9 44 47 19 4 9 9 4 20 42 48 22 1 0 3 31 49 62 55 86 32 24 7 0 0 7 109 13 12 57 127 25 14 61 97 59 105 73 44 7 13 32 49 38 88 103 0 1 30 84 52 58 71 114 36 4 0 0 9 5 20 127 127 3 0 0 3 4 122 127 27 0 0 0 0 2 124 127 0 0 0 0 0 1 0 11 16 16 38 18 2 0 2 25 16 4 39 26 0 0 8 30 0 0 7 10 0 0 13 41 1 0 1 1 0;
<CIRCLE 298 125 2.52269 0 7.39439e-06>; 2 0 1 62 4 0 15 97 3 0 0 3 0 6 52 122 76 40 8 0 0 8 13 48 48 81 68 17 21 4 11 31 52 40 24 4 1 0 77 122 1 12 58 9 21 57 122 61 54 16 10 7 37 65 29 90 41 30 16 5 26 32 57 122 32 92 90 0 0 6 43 16 0 47 122 15 12 10 38 1 54 95 119 14 19 11 13 22 61 117 48 13 17 6 4 20 0 1 1 0 0 12 40 1 0 2 9 0 0 8 59 2 36 16 9 0 0 7 34 16 102 57 1 0 1 7 6 17;
<CIRCLE 112 86 5.04538 0 6.77942e-06>; 4 10 5 7 3 1 1 2 15 27 2 0 0 1 6 9 6 5 6 5 11 29 12 5 6 0 0 4 31 46 41 8 17 8 11 9 3 0 1 30 23 17 4 16 7 11 65 122 39 19 15 22 8 32 79 83 30 12 6 5 41 87 125 75 88 61 59 14 0 0 0 35 50 42 125 125 13 5 25 84 36 125 125 85 7 6 15 21 21 125 125 0 0 15 55 20 14 16 25 15 10 15 14 9 1 11 100 66 9 26 12 0 0 34 95 12 0 4 4 0 0 46 125 0 0 0 0 0;
<CIRCLE 303 125 1.5 0 5.79665e-06>; 0 0 0 0 1 35 70 4 8 2 1 2 12 36 11 5 14 11 24 12 1 2 34 106 10 20 26 4 1 11 100 108 0 1 22 13 60 61 102 0 53 0 2 21 120 61 21 31 120 21 2 2 2 0 25 120 7 10 8 2 10 14 49 80 0 37 120 23 29 4 1 0 21 33 120 12 50 32 32 27 98 120 92 0 0 1 9 32 7 93 83 4 4 0 0 1 0 17 67 0 0 6 56 0 2 28 109 0 0 9 46 11 67 72 60 0 0 0 7 51 39 46 32 0 0 3 22 37;
<CIRCLE 202 102 7.13524 0 5.73403e-06>; 7 0 0 0 0 9 101 81 0 0 5 9 12 79 51 14 0 0 22 40 22 22 1 0 0 0 9 13 17 11 0 0 1 26 139 3 0 11 101 41 0 18 123 15 55 139 42 3 0 1 32 23 52 139 29 0 0 4 19 7 1 31 53 0 0 38 139 11 0 0 18 2 1 82 139 10 10 10 20 13 1 66 139 8 11 64 38 3 1 47 60 0 0 36 94 2 0 2 13 1 0 6 126 11 1 7 12 0 0 6 105 40 1 15 21 0 0 31 58 8 2 26 26 0 0 4 12 11;
<CIRCLE 95 96 1.78381 0 5.5064e-06>; 0 1 30 13 0 0 0 0 13 8 36 6 0 0 0 21 25 2 6 0 0 0 11 137 15 0 1 15 3 0 28 137 7 7 64 27 0 0 0 1 137 39 26 3 0 0 0 97 125 50 81 17 0 0 9 137 7 2 137 123 4 0 3 58 20 2 10 8 0 0 1 42 94 77 40 4 16 9 2 50 29 128 137 37 3 1 0 4 0 1 137 98 0 0 0 0 38 4 1 0 0 0 1 29 21 10 8 22 43 15 1 13 0 16 46 35 16 6 0 0 0 0 57 30 0 0 0 0;
<CIRCLE 311 117 1.5 0 5.22127e-06>; 118 17 3 0 0 0 0 46 74 31 43 4 12 2 0 40 0 2 13 15 118 13 0 0 0 0 0 5 113 9 1 1 79 55 49 9 0 1 1 4 24 115 118 12 1 0 14 18 7 60 83 70 100 2 6 5 0 9 3 48 99 0 0 0 20 5 10 8 2 2 22 93 11 13 18 5 0 9 118 118 7 14 9 20 81 104 66 23 1 7 3 26 76 38 0 0 112 14 1 2 5 2 9 90 18 18 11 1 3 5 26 66 0 0 3 4 114 68 8 1 0 0 0 0 93 73 0 0;
<CIRCLE 118 93 1.78381 0 5.02106e-06>; 0 0 24 96 31 4 70 56 1 8 126 75 6 6 68 5 16 27 117 49 1 10 52 8 101 44 14 0 0 1 39 46 0 1 9 126 97 1 2 2 32 47 51 43 22 1 23 41 36 21 40 10 0 3 100 72 120 46 66 2 0 0 8 61 0 2 28 126 37 1 0 0 21 126 63 35 6 2 2 5 10 98 126 8 0 0 14 10 3 44 126 13 0 0 1 3 0 1 33 44 8 3 0 0 3 29 11 4 5 8 2 0 1 36 64 1 0 0 0 0 0 27 65 0 0 0 0 0;
<CIRCLE 306 114 1.5 0 4.98428e-06>; 34 13 3 0 0 0 1 72 119 2 0 0 0 0 0 93 119 1 0 0 5 6 21 119 1 0 0 0 98 65 24 7 13 2 1 0 1 2 4 59 119 43 13 0 0 0 0 39 117 92 119 5 5 0 0 33 0 19 53 30 119 4 0 0 5 0 0 0 3 20 11 5 58 47 40 12 1 4 5 12 20 88 119 19 0 1 47 58 14 69 72 41 41 12 27 18 3 0 0 5 37 53 29 0 55 2 2 6 10 5 15 111 12 0 0 2 0 4 103 119 2 1 0 3 50 79 55 21;
<CIRCLE 156 104 1.06066 0 4.79997e-06>; 0 55 108 0 0 0 0 0 0 89 129 0 0 0 1 1 4 107 77 3 0 0 0 1 11 49 18 1 0 0 1 1 18 93 46 0 0 0 0 1 49 72 30 0 0 0 32 39 43 71 16 0 0 0 83 57 76 31 1 0 7 5 16 59 5 92 33 0 0 0 0 0 64 129 22 0 0 0 7 13 37 129 54 0 0 0 52 38 36 64 41 6 16 3 14 58 0 8 28 4 0 0 0 0 1 111 56 0 0 0 0 0 1 129 129 0 0 0 0 0 2 129 129 5 2 0 0 0;
<CIRCLE 126 91 2.12132 0 4.59103e-06>; 0 0 32 21 2 24 113 1 22 15 19 9 0 18 120 42 48 3 0 2 8 23 65 120 1 0 0 11 24 86 114 5 11 8 87 48 4 2 18 15 120 42 40 10 0 1 22 56 107 50 35 0 0 3 19 43 0 15 37 0 0 13 68 4 21 104 50 15 2 0 8 13 26 51 120 3 0 0 13 29 14 120 120 0 0 0 0 2 0 62 120 0 0 0 0 0 0 42 27 4 2 0 0 0 0 32 109 1 0 0 0 0 0 58 114 0 0 0 0 0 0 37 120 0 0 0 0 0;
<CIRCLE 306 131 2.12132 0 4.41766e-06>; 0 1 19 10 32 69 74 5 70 10 1 2 24 34 13 114 39 20 7 3 20 32 67 118 0 1 1 8 118 102 13 2 0 26 118 25 21 10 12 1 78 118 92 9 14 8 3 26 58 118 74 17 16 5 3 19 0 5 19 45 118 46 1 0 0 7 31 0 0 10 75 2 81 46 25 0 0 5 35 31 118 84 9 2 1 8 12 37 14 9 3 16 44 118 20 8 0 1 0 0 0 3 8 2 20 7 0 0 0 3 11 23 107 105 0 0 0 0 2 11 35 76 9 1 9 60 4 1;
<CIRCLE 125 86 1.26134 0 4.35245e-06>; 0 0 5 9 2 9 124 7 0 2 5 3 0 31 124 5 60 3 1 0 0 8 124 97 82 0 0 3 33 22 14 73 0 1 124 76 3 7 66 1 22 93 124 18 0 5 78 8 67 79 9 0 0 1 113 41 8 1 6 1 2 13 34 29 1 4 50 36 3 8 27 4 124 35 31 6 1 2 14 71 124 32 4 0 0 0 3 80 10 10 9 0 0 1 28 13 8 8 10 0 0 10 96 18 38 4 28 5 0 3 57 88 50 39 105 9 0 0 0 24 1 50 88 0 0 0 0 0;
<CIRCLE 178 81 5.04538 0 4.22048e-06>; 14 0 0 7 14 4 4 12 31 0 0 0 0 0 5 55 3 0 0 0 0 0 12 31 0 0 2 4 1 5 11 3 11 0 0 6 9 18 116 74 26 0 0 0 0 16 123 113 1 0 5 2 4 90 103 14 0 0 34 17 7 40 5 0 0 28 49 0 0 21 129 33 0 5 46 1 0 15 112 92 0 6 36 1 6 129 87 8 0 0 15 6 52 129 9 0 0 129 129 9 0 0 1 0 0 26 129 33 0 0 1 0 0 59 129 2 2 3 0 0 0 34 120 8 31 64 6 0;
<CIRCLE 275 124 1.78381 0 4.09775e-06>; 0 1 6 0 0 16 136 5 0 0 1 2 30 85 136 3 0 0 0 81 103 33 13 1 0 0 1 82 15 0 1 26 0 47 136 1 0 5 37 0 0 15 136 73 93 41 26 0 0 0 12 78 136 35 7 5 47 7 0 10 13 8 14 136 0 34 136 7 6 3 0 0 4 37 136 33 6 0 0 3 5 6 56 51 36 8 18 15 52 59 8 1 2 4 22 25 1 1 10 28 29 4 0 8 23 10 17 1 0 0 0 85 15 2 3 0 0 1 49 87 1 5 1 0 0 11 79 4;
<CIRCLE 206 98 1.26134 0 4.00982e-06>; 0 0 0 0 39 145 6 0 0 0 1 4 61 145 2 0 0 0 13 11 13 37 4 0 0 0 1 1 2 18 7 0 1 6 35 8 50 117 0 0 0 0 5 11 145 145 4 0 8 7 34 23 55 86 39 6 25 7 5 1 0 10 21 21 4 28 81 30 21 17 2 0 16 40 23 7 70 145 34 1 1 0 2 1 16 145 140 4 6 0 0 0 1 83 83 16 4 8 10 3 7 49 19 2 14 26 22 7 10 30 15 4 0 12 17 6 9 109 21 0 3 8 1 0 0 75 126 7;
<CIRCLE 207 97 1.78381 0 3.18429e-06>; 0 0 0 0 23 146 2 0 0 0 1 0 16 146 2 0 0 2 8 1 5 28 0 0 0 5 15 0 0 3 1 0 0 6 13 8 52 146 0 0 0 0 2 8 146 146 3 0 5 2 5 11 33 52 21 10 1 0 0 0 1 28 19 4 1 6 46 41 34 22 1 0 3 6 15 11 96 146 27 0 2 0 0 1 12 146 144 11 0 0 0 0 2 84 100 4 0 28 65 6 9 16 3 0 2 10 36 8 13 33 6 0 4 6 4 2 7 80 73 5 2 5 12 2 0 72 146 5;
<CIRCLE 117 93 1.5 0 2.99949e-06>; 0 0 27 126 57 4 29 28 2 24 126 80 15 2 19 9 2 10 126 67 2 5 17 5 83 55 48 8 0 0 7 30 0 0 5 126 99 3 1 0 37 46 24 28 22 6 23 43 23 24 18 5 0 10 126 48 74 11 34 4 0 2 50 98 0 0 20 126 40 2 0 0 27 126 58 50 5 3 1 3 20 126 126 4 0 0 17 8 2 10 126 27 0 0 7 6 0 0 21 52 13 8 0 0 6 28 7 5 6 20 5 1 4 58 59 0 0 0 0 0 0 18 77 2 0 0 0 0;
<CIRCLE 143 73 1.06066 0 2.60521e-06>; 0 0 0 3 2 26 118 1 1 0 3 6 1 27 118 16 0 0 7 6 24 92 58 4 0 0 0 15 50 82 15 2 0 4 89 108 16 17 49 0 0 4 96 118 21 20 34 0 0 1 118 105 27 32 7 0 0 8 118 30 26 45 11 0 7 16 74 79 35 21 12 13 12 14 45 69 118 17 2 13 0 2 88 65 118 14 1 2 0 17 102 7 3 1 9 6 1 2 118 18 7 12 19 4 2 1 92 68 50 3 14 7 0 0 3 32 86 10 35 11 0 0 0 0 1 3 34 25;
<CIRCLE 162 81 1.5 0 2.51436e-06>; 90 52 0 0 1 9 59 32 22 8 1 5 87 110 87 10 9 23 7 7 27 35 34 7 4 23 16 0 0 5 69 9 125 47 0 0 2 1 35 50 78 16 1 8 125 89 5 15 64 57 6 12 79 71 22 10 125 28 0 0 0 4 95 48 34 1 1 0 0 1 125 89 28 7 3 0 38 125 18 47 29 4 0 0 14 125 92 23 125 11 0 0 0 10 38 72 0 2 2 0 0 11 45 3 2 16 12 0 1 27 24 2 0 1 8 2 2 63 52 6 18 13 2 0 0 5 35 43;
<CIRCLE 305 131 1.78381 0 2.45829e-06>; 0 2 36 17 69 65 54 0 103 11 3 3 58 30 11 89 83 39 12 1 2 4 40 121 0 3 7 6 106 75 23 11 0 38 121 21 20 6 12 0 52 108 121 5 13 11 12 25 63 121 103 1 0 0 1 17 3 32 68 45 70 11 3 3 0 8 30 0 0 15 94 1 49 31 40 0 0 9 57 39 121 84 11 0 0 0 9 65 30 21 12 12 12 67 43 22 2 1 0 0 1 7 10 0 12 4 0 0 1 6 15 12 97 97 0 0 0 0 4 9 73 96 0 0 1 22 7 4;
<CIRCLE 321 144 1.78381 0 2.45754e-06>; 63 56 0 1 8 96 37 14 2 1 2 10 44 138 31 6 8 0 1 1 3 62 48 78 8 0 0 0 0 0 11 68 116 138 13 0 2 13 1 2 7 76 55 11 77 138 5 0 0 0 8 17 54 138 40 19 4 0 0 0 0 2 14 46 29 115 30 0 0 1 6 21 0 98 138 44 23 21 8 0 1 42 138 76 39 30 5 1 14 67 15 0 0 0 3 11 0 0 1 0 0 1 17 33 0 0 12 4 4 31 52 15 2 18 20 6 3 74 95 7 32 43 4 0 0 5 47 39;
<CIRCLE 150 72 8.48528 0 2.1459e-06>; 0 0 0 0 5 12 66 27 0 0 0 10 46 16 13 8 13 0 0 8 24 6 4 34 12 0 0 0 0 8 18 34 7 0 0 0 5 22 22 20 0 0 0 0 34 99 58 8 11 0 0 0 8 21 78 107 3 0 0 3 4 21 55 61 19 39 78 10 0 2 22 38 11 86 100 0 0 52 134 30 2 40 87 0 0 16 134 96 0 5 56 9 30 125 95 23 1 27 102 19 2 23 28 0 1 113 134 0 0 11 26 1 1 92 134 1 0 0 21 5 1 37 134 10 11 13 10 5;
<CIRCLE 320 144 1.78381 0 2.11e-06>; 83 76 0 0 3 51 33 17 6 3 1 8 42 134 26 3 6 0 2 3 8 106 50 59 8 0 0 0 0 0 11 68 129 134 6 0 0 4 1 4 18 116 53 6 56 134 3 0 0 2 14 19 68 134 33 10 3 0 0 1 2 7 19 41 32 84 13 0 0 0 7 28 2 124 134 24 13 13 7 1 0 28 134 85 43 33 5 0 10 70 26 3 2 2 4 8 0 0 0 0 0 0 14 35 0 0 9 2 3 18 43 18 0 9 19 7 4 74 81 5 23 41 6 0 0 11 58 31;
<CIRCLE 208 98 2.12132 0 2.0399e-06>; 0 0 0 0 24 137 0 0 0 0 4 1 21 137 0 0 0 4 16 1 5 15 1 0 0 3 20 1 0 1 1 0 0 5 13 14 58 137 0 0 0 0 0 5 137 137 8 0 0 0 0 1 21 61 43 9 0 0 0 0 3 31 13 0 0 10 33 37 28 11 0 0 0 0 6 11 54 137 28 0 0 0 0 0 3 137 137 4 0 0 0 0 1 112 137 0 0 59 137 2 3 1 0 0 0 46 125 5 5 12 2 0 2 28 47 3 1 27 54 4 0 5 28 4 1 52 79 0;
<CIRCLE 115 89 12 0 2.02604e-06>; 1 0 0 0 0 0 125 125 1 0 0 0 1 6 125 94 0 0 0 2 35 34 62 33 7 0 0 2 15 7 14 48 4 24 37 4 0 0 17 18 27 32 38 3 0 5 16 29 8 39 42 0 10 67 122 32 2 13 25 1 5 34 125 88 0 13 47 6 0 2 23 8 9 49 106 13 2 21 46 14 4 125 125 5 1 28 70 9 2 82 125 4 3 10 62 18 1 0 0 0 0 6 35 41 2 0 0 0 0 27 80 83 0 3 8 0 0 89 125 3 0 7 22 0 0 14 110 9;
<CIRCLE 321 145 1.26134 0 1.88299e-06>; 28 35 2 0 13 48 7 5 0 0 0 0 80 136 8 0 2 0 0 0 12 108 46 19 5 0 0 0 0 1 20 33 24 136 74 0 2 6 0 1 0 86 90 14 57 136 0 0 0 0 19 33 106 136 10 3 5 2 1 0 7 6 21 13 4 94 75 3 1 9 6 3 0 89 136 45 9 24 7 0 0 38 136 82 42 20 2 0 2 93 39 2 3 1 1 3 2 0 0 0 0 9 19 10 0 0 11 8 0 59 55 7 0 16 31 5 7 119 56 1 10 87 22 0 1 20 48 10;
<CIRCLE 123 90 1.26134 0 1.78593e-06>; 0 6 123 63 1 5 51 1 3 20 123 58 2 4 41 0 58 113 52 0 0 1 59 17 32 16 1 0 0 2 46 29 7 19 62 24 1 4 30 14 28 10 39 25 4 12 47 30 123 35 9 0 0 0 5 118 73 20 10 0 0 0 9 36 48 48 12 0 0 4 71 41 7 4 38 4 0 15 123 54 72 21 96 18 0 0 20 90 14 66 123 5 0 0 0 2 19 123 60 0 0 0 0 1 1 26 123 16 0 1 3 1 0 10 123 38 0 0 0 0 0 76 90 8 0 0 0 0;
<CIRCLE 298 106 5.04538 0 1.72177e-06>; 0 0 0 0 2 10 21 3 0 0 0 0 0 7 38 2 0 0 0 0 0 3 38 8 0 0 0 0 0 0 28 33 2 0 0 12 4 9 22 9 25 14 29 36 3 5 24 22 68 10 5 1 7 26 118 118 1 0 0 1 21 51 97 50 6 2 24 59 106 54 82 25 62 13 20 56 29 7 88 118 118 47 11 19 51 35 63 118 9 7 4 35 118 60 20 15 31 14 87 50 44 9 15 73 52 57 68 7 8 7 52 89 113 99 35 8 38 24 20 44 15 10 1 6 98 80 16 28;
<CIRCLE 135 154 2.12132 0 1.67855e-06>; 7 12 10 7 15 39 28 12 35 25 10 0 0 4 27 88 3 2 24 6 3 24 24 13 0 0 6 2 59 36 4 0 6 12 2 1 1 146 62 1 17 45 96 38 25 94 22 5 1 28 146 57 14 34 16 1 0 41 146 32 21 13 6 0 0 0 0 1 6 76 25 0 0 0 6 11 22 146 84 0 0 8 54 17 13 146 146 0 0 16 79 5 1 101 146 0 0 0 6 11 3 1 0 0 0 1 10 6 1 19 15 0 0 0 1 13 17 56 55 0 0 0 0 1 4 51 91 0;
<CIRCLE 192 164 2.52269 0 1.67017e-06>; 2 15 61 5 6 45 8 1 19 27 37 9 2 12 7 3 5 13 2 0 0 16 19 4 0 0 0 0 0 13 31 7 0 41 154 12 1 54 118 0 23 153 154 18 1 13 106 21 91 154 17 0 0 1 24 45 8 1 0 0 0 4 53 27 0 0 10 1 0 110 154 0 15 18 14 0 0 72 154 40 101 24 0 0 0 16 88 125 18 2 3 3 0 0 15 23 0 0 0 2 5 10 13 0 1 0 0 2 2 30 28 5 15 5 0 0 1 48 17 7 10 6 5 17 12 2 0 1;
<CIRCLE 145 71 1.26134 0 1.49922e-06>; 12 10 0 0 0 4 58 8 7 6 2 4 5 14 39 12 0 0 5 73 48 20 4 0 9 0 12 70 6 1 5 19 0 0 19 32 4 38 130 6 0 0 56 46 15 86 130 12 0 0 43 35 85 130 32 2 8 0 11 16 25 47 53 25 5 19 130 121 26 13 12 7 1 3 130 130 111 19 1 1 0 21 130 52 29 20 5 1 9 59 107 7 11 23 17 3 7 8 90 32 21 13 17 15 2 1 28 66 130 16 12 6 0 5 19 8 28 5 35 30 6 34 14 0 3 10 27 6;
<CIRCLE 212 113 1.5 0 1.4597e-06>; 0 17 45 2 6 14 1 0 7 24 8 1 4 27 26 5 9 29 45 7 2 37 87 7 0 5 39 7 1 58 104 0 0 117 141 0 0 0 0 0 0 141 130 5 7 12 3 0 0 34 133 24 20 6 2 1 2 35 70 4 0 0 20 7 0 63 134 0 0 0 0 0 0 141 141 3 0 0 0 0 0 85 141 9 0 0 0 1 0 119 141 0 0 0 2 1 0 2 2 0 0 1 7 5 1 7 21 1 1 5 7 4 3 16 43 0 0 0 3 13 0 17 61 6 7 4 2 2;
<CIRCLE 263 131 1.5 0 1.42599e-06>; 0 33 140 0 0 0 7 0 0 74 140 0 0 0 6 0 0 64 140 0 0 0 1 0 0 49 140 2 0 0 0 0 0 2 14 0 0 7 140 7 0 10 30 3 10 31 140 1 0 7 71 23 55 39 25 0 1 20 109 9 6 0 0 1 9 1 2 11 0 0 40 15 1 0 8 140 38 16 45 4 0 0 2 132 80 12 4 2 6 2 5 7 7 1 1 57 5 7 11 77 6 0 0 0 0 0 5 140 23 0 1 1 2 0 1 48 5 0 4 57 6 0 0 0 0 0 1 140;
<CIRCLE 46 40 1.78381 0 1.40527e-06>; 0 0 0 0 0 2 7 2 0 0 0 0 0 1 27 20 0 0 0 0 0 2 72 26 0 0 0 0 0 0 95 93 0 0 0 0 1 1 116 77 0 0 0 0 0 0 147 147 0 0 0 0 0 2 147 145 0 0 0 1 0 0 147 147 0 0 2 1 0 0 147 129 1 0 10 5 0 0 129 147 0 1 15 13 1 3 74 33 0 0 7 15 1 0 17 9 0 0 18 8 0 0 15 6 0 0 21 20 1 0 2 1 0 5 29 5 0 0 0 0 0 1 8 11 1 0 0 0;
<CIRCLE 150 136 1.5 0 1.35771e-06>; 0 0 0 0 0 24 85 2 0 1 1 0 2 37 42 0 0 0 1 2 9 14 34 3 0 1 2 0 1 1 49 12 0 0 0 0 2 88 136 0 1 0 0 0 24 136 136 17 5 0 0 0 1 29 136 131 0 0 0 0 0 0 136 57 0 0 0 0 28 31 43 2 34 0 0 0 136 85 15 30 124 0 0 0 5 9 55 136 5 0 0 0 1 2 103 28 0 0 0 0 33 8 7 3 46 0 0 0 136 24 0 3 136 10 0 0 5 2 0 8 10 4 0 1 3 3 1 1;
<CIRCLE 107 94 1.26134 0 1.30378e-06>; 36 0 0 1 0 0 14 129 8 0 3 35 18 2 33 79 0 0 7 129 61 0 7 8 2 3 26 102 72 8 10 4 9 0 44 34 0 0 18 85 3 0 40 129 42 0 0 5 0 0 5 129 107 6 0 0 4 11 16 71 26 10 4 1 0 0 129 106 0 0 0 0 0 0 129 129 4 0 0 0 0 0 36 129 33 2 0 0 1 14 29 115 16 7 1 0 0 2 106 42 0 0 0 0 0 2 113 41 0 0 0 0 0 1 32 78 6 2 0 0 0 2 8 8 11 24 4 0;
<CIRCLE 318 143 3 0 1.29506e-06>; 116 119 45 6 4 3 7 23 48 55 26 40 119 88 10 11 11 0 0 3 88 85 22 56 9 0 0 0 0 0 12 101 119 61 1 0 0 2 14 38 119 119 15 5 29 119 17 14 2 10 15 17 48 119 57 43 3 1 0 0 0 3 25 85 32 11 0 0 0 0 4 98 52 119 53 11 5 8 12 41 7 35 92 68 28 40 32 8 34 24 8 2 1 2 11 33 4 0 0 0 0 0 9 92 1 0 0 0 0 1 33 60 2 1 2 2 1 15 79 30 11 2 0 0 0 0 36 39;
<CIRCLE 322 131 5.04538 0 1.19286e-06>; 112 22 10 8 1 5 47 112 52 15 5 32 112 86 68 53 1 0 0 5 30 20 15 15 0 0 0 0 9 20 47 29 97 76 53 9 6 15 56 96 67 48 6 27 112 106 15 40 11 0 0 4 42 31 39 112 0 0 0 0 0 0 82 101 97 58 27 1 0 1 25 36 112 83 14 12 53 105 19 18 9 2 5 8 16 57 50 107 1 0 0 0 0 0 39 62 14 2 0 0 0 0 15 103 27 24 12 8 3 3 29 67 15 2 5 7 2 3 37 53 2 0 0 0 0 0 22 27;
<CIRCLE 317 133 1.26134 0 1.11336e-06>; 0 43 90 13 21 1 0 0 0 2 23 33 142 40 0 0 0 0 0 1 84 114 18 0 7 0 0 0 3 57 12 7 14 53 84 6 3 26 69 20 0 8 94 86 61 87 18 0 1 1 97 72 34 74 11 0 10 5 24 17 16 41 11 16 48 49 0 0 0 33 68 22 8 0 3 10 25 142 78 8 4 1 36 19 36 142 37 9 21 5 12 2 1 18 28 70 91 135 0 0 0 0 0 2 34 22 0 0 15 66 8 6 0 0 0 0 63 142 12 1 2 0 0 0 8 71 33 20;
<CIRCLE 191 164 2.52269 0 1.10776e-06>; 1 18 65 3 6 43 6 0 18 22 42 11 2 17 8 3 6 17 4 0 0 13 14 4 0 0 0 0 0 14 30 5 0 47 155 8 1 58 118 0 14 115 155 22 1 18 114 15 88 155 31 0 0 0 27 44 14 4 0 0 0 4 46 27 0 0 8 0 0 111 155 0 8 13 15 0 0 78 155 25 91 27 1 0 0 22 124 124 28 2 2 2 0 0 13 29 0 0 0 2 5 10 11 0 1 0 0 3 2 24 26 4 11 3 0 0 1 51 20 7 12 7 3 13 9 4 1 1;
<CIRCLE 222 107 1.5 0 1.09818e-06>; 0 0 0 0 2 62 74 0 0 0 0 0 5 59 62 0 0 0 0 0 5 32 27 0 0 0 0 0 3 6 8 3 3 9 20 4 0 96 129 4 0 2 14 4 2 129 129 0 0 0 1 2 7 129 129 0 0 0 0 0 0 74 87 3 1 17 81 15 7 8 10 2 0 20 74 10 3 21 46 5 0 2 16 14 19 111 69 2 0 0 0 0 0 82 129 3 0 52 129 7 2 0 1 1 1 88 129 0 0 0 17 5 0 39 129 0 0 2 37 5 0 34 94 0 0 2 56 7;
<CIRCLE 193 164 2.12132 0 1.01573e-06>; 2 9 87 15 4 27 8 1 13 51 48 8 1 2 2 2 6 17 1 0 0 7 21 7 0 0 0 0 0 13 34 3 0 23 156 17 1 34 105 1 40 156 156 8 0 3 74 31 105 146 7 0 0 0 13 40 8 0 0 0 0 2 44 29 0 0 8 0 0 93 156 0 26 20 5 0 0 51 156 71 115 17 0 0 0 6 57 140 18 0 1 1 0 0 15 26 0 0 0 2 2 13 32 0 0 0 0 0 1 49 47 2 23 6 0 0 0 36 16 12 12 7 2 9 5 0 0 1;
<CIRCLE 298 106 1.78381 0 9.60764e-07>; 0 2 7 1 0 0 25 18 0 3 16 3 0 5 34 13 0 3 2 0 0 8 30 5 0 0 0 0 0 12 31 12 0 4 67 108 9 0 2 7 13 55 130 21 0 2 3 12 56 75 28 1 0 3 5 29 69 2 0 0 0 4 65 130 2 0 14 130 8 0 2 37 22 17 25 10 0 0 7 130 121 15 2 0 0 0 0 130 130 18 4 0 0 0 5 130 7 0 0 12 0 0 12 130 0 0 0 0 0 5 43 130 60 14 0 0 0 8 9 37 128 107 86 1 0 0 2 15;
<CIRCLE 324 127 6 0 9.00181e-07>; 69 10 8 8 2 3 44 85 26 1 0 4 40 65 114 72 0 0 0 0 17 30 41 25 0 0 0 0 20 31 54 24 114 39 17 5 6 3 52 114 73 19 1 18 114 84 21 53 0 0 0 3 37 23 62 104 0 0 0 0 0 5 114 114 99 73 24 0 1 1 21 42 112 62 5 4 62 107 26 24 3 0 1 2 10 40 69 114 0 0 0 0 0 0 60 68 22 2 0 0 0 0 17 114 38 18 5 4 2 5 25 82 7 0 1 2 1 3 33 69 0 0 0 0 0 0 34 23;
<CIRCLE 255 146 1.78381 0 8.51809e-07>; 0 13 34 3 0 0 0 0 4 27 54 47 0 0 0 0 3 9 36 156 25 0 0 1 0 0 1 156 30 0 9 60 1 3 9 9 7 2 0 0 0 2 29 156 81 39 16 0 0 0 28 156 30 21 97 52 12 0 0 22 6 0 39 156 9 0 0 1 5 6 3 6 8 0 0 10 40 87 120 22 0 0 0 4 9 31 156 96 7 0 0 0 0 0 93 156 20 0 0 0 1 1 0 7 42 12 0 0 0 0 12 23 16 12 0 0 0 0 29 27 4 1 3 2 0 0 9 14;
<CIRCLE 205 80 8.48528 0 8.37474e-07>; 15 0 0 1 7 4 6 60 6 0 0 0 1 20 48 40 0 0 0 0 15 60 21 1 2 5 0 0 6 8 0 1 7 0 0 0 1 15 130 127 0 0 1 16 24 98 83 37 0 0 13 55 51 48 3 0 1 3 5 9 19 14 1 2 2 52 130 1 0 13 127 51 0 19 130 29 82 130 50 6 0 3 36 34 58 130 38 0 3 5 9 6 1 20 75 7 0 42 130 1 0 0 52 5 3 61 130 11 7 6 41 19 2 56 113 7 7 37 36 4 1 35 45 2 0 14 71 3;
<CIRCLE 256 145 2.52269 0 8.20938e-07>; 3 10 15 1 0 4 39 12 4 15 26 24 0 18 82 10 1 2 10 148 59 24 78 11 9 3 15 98 60 9 4 118 0 8 30 7 2 0 0 0 0 10 58 148 42 20 12 0 0 1 19 148 32 8 51 139 11 0 0 25 5 0 12 148 12 4 1 1 3 3 3 6 11 0 0 25 39 64 116 25 3 0 0 13 8 18 148 148 7 1 1 0 0 0 14 148 10 0 0 0 0 15 10 5 33 29 1 0 0 1 10 14 11 25 13 4 0 0 15 17 2 11 23 4 0 0 1 4;
<CIRCLE 264 131 1.06066 0 7.91753e-07>; 0 25 89 0 0 1 40 0 0 45 138 0 0 6 34 0 0 28 138 3 2 5 4 0 0 36 138 2 0 0 0 0 0 0 0 0 0 11 138 4 0 2 6 7 31 81 138 0 0 0 21 36 95 66 20 0 0 9 58 19 12 0 0 0 4 1 8 29 6 5 60 16 0 0 5 138 114 26 36 1 0 0 3 138 118 11 1 0 1 3 8 10 15 8 2 7 1 1 16 138 15 0 0 1 0 0 20 138 27 0 0 0 2 5 6 70 13 1 0 10 4 2 1 0 0 3 3 71;
<CIRCLE 172 109 1.06066 0 7.40841e-07>; 0 56 118 41 25 0 0 0 0 91 118 0 0 0 0 0 0 26 118 8 0 0 0 0 0 11 98 27 0 0 0 0 0 29 53 28 94 51 0 0 8 107 118 4 4 7 8 4 11 118 118 5 0 0 1 4 0 26 118 47 0 0 0 0 0 7 67 26 59 78 8 0 8 20 53 11 10 30 76 25 12 30 51 95 23 1 17 19 0 4 118 87 8 0 0 0 0 11 118 14 1 0 0 0 0 14 118 24 0 1 6 1 0 5 91 76 7 0 2 1 2 3 10 24 6 0 0 0;
<CIRCLE 101 136 12 0 7.34312e-07>; 2 26 55 4 0 0 4 6 20 51 80 8 0 0 2 10 21 82 120 5 1 21 49 31 4 72 116 0 1 26 120 52 0 2 26 4 0 6 56 14 2 22 45 7 2 19 89 60 1 57 120 12 3 95 120 12 1 102 120 0 0 23 119 8 3 0 0 0 0 6 63 51 9 1 2 0 0 6 54 120 2 0 7 3 2 112 120 39 0 0 1 0 0 74 120 3 1 0 3 3 0 0 56 39 6 3 24 13 1 0 9 41 3 12 48 21 3 9 3 3 6 23 6 1 1 17 26 1;
<CIRCLE 292 104 1.5 0 7.12951e-07>; 2 0 0 0 2 6 13 13 1 1 0 0 0 4 50 28 0 2 0 0 1 8 54 31 0 0 0 0 1 6 31 11 7 0 0 6 3 2 8 45 5 11 78 93 15 0 17 29 2 47 145 32 8 9 22 10 9 78 85 8 5 6 10 8 7 1 19 131 8 1 3 15 0 1 54 145 50 0 1 6 8 38 145 54 7 0 9 75 92 87 55 0 0 0 4 127 0 0 13 145 22 0 0 1 11 0 11 108 6 0 3 79 6 0 0 2 0 0 21 145 21 1 0 0 0 0 8 145;
<CIRCLE 257 145 3 0 5.55206e-07>; 1 8 15 0 0 5 88 21 0 12 44 26 3 27 133 9 0 13 75 136 89 36 63 13 27 21 115 39 30 1 2 136 1 7 37 6 2 0 1 0 0 7 56 136 37 19 20 4 1 0 10 136 39 7 47 136 20 0 0 10 5 0 4 136 11 4 3 2 3 5 7 7 13 3 0 21 30 49 112 33 4 2 2 8 5 11 136 136 13 5 2 0 0 0 3 95 5 0 0 0 0 32 23 3 24 30 1 0 0 5 13 11 6 23 32 5 0 0 7 11 6 22 18 1 0 0 0 6;
<CIRCLE 147 151 1.78381 0 5.47093e-07>; 0 0 0 0 1 16 12 4 0 0 0 0 72 24 4 1 93 2 0 0 61 21 0 7 64 5 0 0 1 0 0 4 0 11 117 13 5 13 4 0 0 20 72 16 46 34 4 0 76 17 20 21 59 34 0 8 68 20 13 3 2 0 0 7 0 32 129 16 4 42 69 0 0 61 129 24 4 17 48 0 11 67 129 40 9 12 12 0 10 95 129 3 0 1 3 0 0 0 1 0 2 90 129 0 0 2 9 1 0 92 129 0 0 4 25 3 0 100 129 0 0 17 53 0 0 40 129 0;
<CIRCLE 298 105 1.5 0 5.10314e-07>; 0 4 5 0 0 1 34 22 0 3 7 2 4 13 36 14 0 2 0 0 0 7 31 10 0 0 0 0 1 22 17 4 1 17 128 83 11 0 5 6 7 64 134 16 6 6 5 4 33 99 43 1 1 3 6 11 45 5 2 0 1 11 27 107 1 2 37 126 20 0 3 24 28 36 69 4 0 0 11 134 107 42 8 0 0 0 3 134 134 2 0 0 0 0 1 134 8 0 2 11 0 0 9 131 5 0 0 0 0 0 21 134 42 5 2 0 2 2 4 90 134 48 18 0 0 0 0 55;
<CIRCLE 100 131 8.48528 0 4.96038e-07>; 0 11 78 15 0 0 2 1 27 77 82 16 1 2 4 11 18 75 122 34 1 3 11 23 7 122 122 0 0 12 57 14 0 0 12 5 0 8 59 16 2 13 23 8 3 27 85 52 0 14 84 21 5 109 122 9 0 65 122 0 0 53 115 0 1 0 0 0 5 16 32 39 11 0 0 0 0 3 36 122 0 0 0 0 0 94 122 51 0 0 0 0 6 111 122 2 1 0 0 0 0 0 41 79 14 3 6 0 0 0 7 109 2 1 21 8 2 20 12 15 0 2 8 3 5 60 20 0;
<CIRCLE 291 104 1.06066 0 4.87549e-07>; 12 0 0 0 0 0 6 25 5 1 3 0 0 6 47 25 8 7 9 0 0 5 55 42 3 1 5 3 7 35 34 8 9 0 0 3 4 0 4 57 5 3 53 106 31 0 5 20 10 56 146 58 4 1 5 6 2 37 146 32 9 13 3 1 6 2 22 91 7 0 1 21 0 0 28 146 99 0 0 1 0 14 146 130 31 1 3 5 9 49 146 3 0 0 5 31 1 0 24 146 14 0 0 0 3 0 28 146 12 0 0 6 6 0 2 22 8 1 14 67 6 2 0 0 0 0 22 146;
<CIRCLE 393 24 1.78381 0 4.56447e-07>; 7 12 4 0 12 15 2 2 2 2 0 0 147 147 1 0 0 0 0 0 129 130 0 0 0 0 0 0 3 2 0 0 7 20 12 0 0 0 0 0 2 14 13 7 147 91 0 0 0 0 0 0 147 147 0 1 0 0 0 0 14 14 1 2 1 3 6 0 0 0 7 5 3 4 4 2 48 45 8 7 0 0 0 0 147 147 1 1 0 0 0 0 54 67 0 0 3 3 0 0 0 0 1 2 11 4 0 0 3 5 3 5 5 0 0 0 147 127 1 1 0 0 0 0 103 71 2 0;
<CIRCLE 202 80 7.13524 0 4.52087e-07>; 17 0 0 0 2 2 6 63 2 0 0 0 0 8 46 38 0 0 0 2 13 64 23 1 1 2 0 1 12 24 0 0 12 0 0 0 0 11 128 115 0 0 7 13 14 94 67 22 0 0 28 54 31 32 2 0 0 1 11 18 26 20 0 0 1 25 137 2 0 14 132 55 0 15 111 16 61 137 56 5 0 1 34 30 59 137 28 0 0 5 24 10 2 30 49 0 0 37 137 10 0 0 12 1 1 73 137 10 11 12 13 9 0 54 137 8 13 70 34 2 1 36 47 0 0 36 91 2;
<CIRCLE 194 164 1.5 0 4.47353e-07>; 3 36 110 38 10 4 0 0 14 103 37 0 0 0 3 7 3 20 2 0 0 2 20 13 0 0 0 0 0 9 21 3 4 69 155 16 0 6 93 6 47 155 88 0 0 0 39 34 95 149 8 0 0 1 5 28 9 1 0 0 1 3 24 27 1 4 3 0 0 52 155 7 40 29 1 0 0 30 155 112 128 18 0 0 0 1 27 144 20 1 0 0 0 2 14 22 0 0 0 0 2 30 57 0 3 0 0 0 4 65 61 6 57 7 0 0 2 17 9 17 14 5 1 0 0 0 1 5;
<CIRCLE 117 145 1.5 0 4.27148e-07>; 22 0 0 0 0 2 13 28 11 0 6 6 3 15 35 22 0 2 10 8 26 55 21 0 0 7 57 65 88 48 2 0 5 0 0 1 5 18 64 31 6 2 61 111 78 38 16 18 6 101 129 49 33 32 24 8 1 37 61 16 86 129 39 1 0 0 0 0 4 21 52 23 0 0 6 20 68 129 129 3 6 38 29 10 17 129 129 20 1 43 76 9 18 129 49 4 0 0 0 0 0 2 20 14 1 1 2 1 0 15 34 3 0 0 1 2 2 72 65 6 0 1 0 0 2 129 87 4;
<CIRCLE 100 21 1.78381 0 4.1989e-07>; 0 0 0 0 0 0 10 4 0 0 0 0 0 1 30 12 0 0 0 0 0 0 72 57 0 0 0 0 0 0 119 95 0 0 0 0 0 0 143 124 0 0 0 0 0 0 143 143 0 0 0 0 0 3 143 143 0 0 2 6 1 0 143 120 0 0 2 2 0 0 143 143 0 2 4 1 4 3 143 66 0 0 0 1 29 15 67 26 0 0 3 18 20 2 5 4 0 0 14 13 0 0 4 7 0 9 21 6 2 0 0 0 0 1 6 7 29 1 0 0 0 0 0 4 31 4 0 0;
<CIRCLE 278 132 1.5 0 4.18468e-07>; 0 48 139 17 1 0 0 0 1 11 139 107 75 11 1 1 22 15 13 16 28 27 21 26 119 139 37 0 0 0 5 59 16 30 88 2 0 0 0 26 43 20 53 5 0 0 45 139 2 10 8 2 0 16 139 37 4 61 26 0 0 18 128 5 23 1 1 0 0 0 1 139 49 3 1 0 0 0 13 139 7 5 11 0 0 13 84 30 0 1 4 1 1 30 82 0 12 0 0 0 0 0 1 139 10 3 3 1 0 0 0 49 1 5 10 0 0 0 4 8 0 2 4 1 0 1 6 4;
<CIRCLE 129 33 16.9706 0 4.1692e-07>; 0 0 0 0 0 0 0 0 0 0 0 0 0 0 2 3 0 0 0 0 0 0 0 3 0 0 0 0 0 0 0 0 0 0 0 0 0 0 132 132 0 0 0 0 0 7 132 132 2 0 0 0 0 17 95 103 0 0 0 0 0 12 40 17 5 17 21 0 0 0 132 132 10 37 22 0 0 29 132 89 4 20 16 1 2 61 132 67 0 1 4 4 48 75 85 28 1 18 38 0 0 0 25 16 4 66 78 1 0 16 57 17 5 99 132 5 2 18 72 18 1 15 79 27 42 29 27 6;
<CIRCLE 212 105 1.78381 0 4.11005e-07>; 0 1 6 6 96 125 8 0 3 1 2 3 19 98 57 12 1 0 0 0 2 42 31 6 0 0 0 0 5 24 6 0 4 5 9 6 16 80 12 0 1 0 0 1 6 125 119 3 1 1 0 0 0 120 125 4 0 0 0 0 1 106 125 0 0 40 119 4 5 4 1 0 4 46 37 4 5 13 19 4 4 17 57 14 2 30 68 6 0 5 30 5 5 64 81 1 0 67 125 0 0 0 0 0 0 125 125 4 0 0 0 0 0 53 125 13 1 0 0 0 1 55 103 0 0 0 3 3;
<CIRCLE 254 146 1.78381 0 3.81639e-07>; 1 14 33 5 0 0 0 0 3 26 56 27 0 0 0 0 5 16 50 158 17 0 0 1 0 0 2 158 38 0 7 36 1 4 9 6 3 1 0 0 0 3 25 136 76 33 8 0 0 0 38 158 47 33 93 26 10 0 1 47 9 0 55 158 10 1 0 1 2 3 1 4 11 0 0 9 39 78 81 22 1 0 0 7 17 55 158 70 5 0 0 0 0 0 150 158 15 0 0 1 2 1 1 6 49 11 0 0 0 0 8 22 22 15 0 0 0 0 30 29 4 2 2 1 0 0 14 18;
<CIRCLE 125 140 1.78381 0 3.79523e-07>; 0 0 0 0 5 58 51 2 0 0 2 2 2 87 126 0 0 3 6 0 0 97 126 1 0 0 1 0 0 126 126 0 0 0 5 4 8 26 20 3 0 3 37 48 70 35 7 0 7 59 126 30 15 19 19 5 27 48 44 1 1 22 40 11 1 17 69 47 27 25 16 3 1 30 62 20 81 81 18 2 19 30 52 13 23 85 122 53 51 23 8 0 0 4 31 126 0 5 6 6 15 84 99 2 1 15 28 3 9 126 68 3 23 71 22 2 3 54 37 13 24 49 46 6 0 3 9 32;
<CIRCLE 130 141 2.12132 0 3.59985e-07>; 0 0 1 1 1 90 125 0 0 2 9 1 0 100 135 0 0 0 2 0 0 135 135 0 0 0 0 0 0 81 135 0 0 0 15 25 47 26 8 0 7 35 108 34 29 26 31 8 35 48 31 0 0 30 65 25 2 0 0 0 2 47 109 3 0 10 35 19 32 44 26 0 18 22 17 11 24 55 57 42 44 23 11 1 0 6 32 116 1 0 12 4 6 26 25 6 0 0 1 0 1 93 64 1 12 24 5 2 2 121 50 3 15 37 111 35 17 41 9 7 0 20 135 25 5 12 6 0;
<CIRCLE 99 127 6 0 3.09736e-07>; 2 3 67 26 0 0 14 10 54 82 87 28 6 9 9 16 15 44 125 125 7 8 4 9 9 125 125 12 0 0 2 3 2 0 2 1 0 2 46 37 7 1 8 8 9 57 78 38 0 1 27 17 7 125 125 9 0 10 36 1 0 66 106 0 4 0 0 1 2 13 15 32 26 0 0 0 0 2 21 125 5 0 0 0 2 73 125 64 0 0 0 0 6 114 125 3 10 0 0 3 2 1 13 85 12 0 0 0 0 0 4 125 0 0 0 0 1 19 35 46 0 0 1 3 7 78 27 2;
<CIRCLE 150 142 8.48528 0 3.07946e-07>; 3 35 128 23 2 18 20 2 2 138 141 0 0 8 23 3 1 106 141 1 0 1 26 10 0 38 141 13 15 26 9 4 0 0 5 2 1 82 139 15 0 13 26 0 1 87 141 2 0 19 79 0 0 10 141 13 2 20 70 0 0 4 125 35 1 0 1 1 1 43 41 24 0 0 0 1 9 108 60 1 0 4 8 3 2 31 103 5 6 3 4 3 0 10 58 19 0 2 30 12 0 3 0 1 1 13 18 4 2 24 14 0 2 4 0 0 0 23 58 1 0 0 0 1 6 17 39 8;
<CIRCLE 150 135 1.5 0 2.83389e-07>; 0 0 0 0 0 14 51 3 0 2 1 1 3 21 22 0 0 0 3 5 11 10 12 1 0 2 4 1 1 0 20 6 0 0 0 0 0 85 136 0 0 0 0 0 9 136 136 9 0 0 0 0 2 31 136 86 0 0 0 0 0 1 136 52 0 0 0 0 21 48 79 1 23 0 0 0 125 126 38 36 86 0 0 0 5 14 108 136 3 0 0 0 0 1 136 41 0 0 0 0 33 8 9 3 47 0 0 0 136 23 0 5 136 8 0 0 5 2 1 18 9 3 0 0 3 3 3 2;
<CIRCLE 328 152 2.12132 0 2.7801e-07>; 8 107 120 52 80 120 7 0 2 16 51 52 61 113 43 33 13 11 2 0 0 0 13 81 1 0 0 0 0 0 13 41 1 51 120 74 12 47 51 8 28 116 120 72 17 58 83 22 113 102 6 0 0 0 18 67 9 0 0 0 0 0 27 27 0 0 0 0 0 30 102 53 10 5 0 0 1 59 120 65 45 6 0 0 0 1 100 120 4 0 0 0 0 0 35 29 4 0 0 0 0 0 16 48 2 0 0 0 0 1 28 55 0 0 0 0 0 3 36 18 1 0 0 0 0 0 16 26;
<CIRCLE 148 151 1.26134 0 2.49911e-07>; 0 0 0 3 6 6 4 3 0 0 0 0 106 38 2 1 113 7 0 0 57 27 0 3 77 8 0 0 0 0 0 7 3 24 61 2 5 7 8 9 2 9 34 30 84 58 10 7 98 12 5 20 73 44 3 5 111 17 2 2 3 2 1 11 1 101 123 0 0 1 8 1 0 43 123 68 13 0 1 0 23 81 123 58 14 2 0 0 32 121 123 4 0 0 0 0 0 16 22 0 0 49 123 1 0 13 63 2 0 60 120 0 0 18 82 8 2 48 64 0 0 41 123 3 0 16 40 0;
<CIRCLE 129 141 2.12132 0 1.93918e-07>; 0 0 0 1 1 92 113 0 0 2 9 2 0 99 135 0 0 1 3 0 0 135 135 0 0 0 0 0 0 88 135 0 0 0 12 20 39 26 9 0 3 25 99 44 43 29 27 5 35 58 51 1 0 28 57 26 6 2 0 0 0 42 104 5 0 10 39 22 30 42 31 0 11 18 20 14 34 67 51 25 49 29 11 0 0 5 39 126 4 1 13 4 3 25 27 14 0 0 0 0 1 84 68 1 8 17 4 2 2 135 57 2 19 44 81 26 15 50 14 8 0 16 135 32 7 14 6 1;
<CIRCLE 99 125 5.04538 0 1.87175e-07>; 6 3 46 25 0 0 25 19 66 68 97 39 13 12 9 17 11 32 126 126 8 9 1 4 2 92 126 23 0 0 0 0 4 0 0 0 0 3 46 39 7 0 3 10 17 81 80 30 0 2 14 13 9 126 126 8 0 6 19 0 0 67 98 0 7 0 0 0 0 4 13 31 41 0 0 0 0 4 24 126 11 0 0 0 1 78 126 63 1 0 0 2 13 126 126 2 15 0 0 1 1 2 4 78 14 0 0 0 0 0 5 126 1 0 0 0 2 16 43 63 2 0 0 2 16 67 34 4;
<CIRCLE 131 141 1.78381 0 1.75618e-07>; 0 2 7 4 2 39 101 0 0 6 20 1 0 80 128 1 0 1 4 0 0 128 128 0 0 0 0 0 0 86 128 0 0 5 46 46 70 37 4 0 18 75 128 20 10 21 22 15 45 53 32 0 1 13 31 29 2 1 0 0 4 26 54 4 0 22 44 10 47 69 24 1 28 31 24 4 7 51 119 79 43 12 1 0 0 11 32 128 0 0 0 0 2 34 25 8 0 8 16 2 6 124 48 1 27 80 15 1 2 55 31 10 18 55 111 22 4 7 6 19 0 12 128 20 5 14 5 1;
<CIRCLE 178 136 3.56762 0 1.52588e-07>; 0 15 61 14 1 1 12 1 1 11 75 18 1 2 26 4 1 17 58 2 0 0 26 19 0 18 74 0 0 0 63 34 0 0 2 1 0 5 153 35 0 1 0 0 1 22 153 25 2 1 0 0 0 13 153 120 0 0 0 0 1 2 153 138 6 2 4 0 2 33 153 21 0 0 0 0 23 80 138 4 26 0 0 0 16 43 69 57 8 0 0 1 12 11 24 25 3 37 125 2 2 7 11 0 0 20 120 5 9 29 4 0 8 12 69 7 6 26 7 6 9 20 12 0 1 10 9 3;
<CIRCLE 329 152 1.78381 0 1.42831e-07>; 0 32 128 100 109 121 5 0 5 51 48 25 30 31 25 26 16 12 0 0 0 0 7 54 3 0 0 0 0 0 6 30 0 22 128 71 22 113 78 2 43 128 95 17 4 49 92 34 109 106 3 0 0 0 14 63 6 0 0 0 0 2 30 19 0 0 0 0 0 69 128 39 17 10 0 0 0 59 128 81 53 8 0 0 0 0 80 128 4 0 0 0 0 4 32 19 5 0 0 0 0 0 15 47 3 0 0 0 1 4 35 42 2 1 0 0 1 2 25 14 2 0 0 0 0 0 13 14;
<CIRCLE 117 77 3 0 1.39398e-07>; 12 25 0 0 0 0 2 2 1 9 1 0 0 8 8 1 1 1 1 2 11 37 7 2 2 0 0 2 19 39 48 11 18 35 1 0 0 0 2 5 3 26 24 10 2 8 20 5 28 17 58 53 7 17 26 15 116 20 9 27 27 23 56 61 9 5 0 4 4 1 74 121 1 2 30 57 15 37 121 59 53 16 40 30 3 49 121 80 84 8 2 12 21 57 105 121 15 5 41 114 25 2 31 121 9 30 60 121 47 4 20 15 98 77 92 14 0 1 6 45 66 93 112 0 0 5 22 25;
<CIRCLE 175 75 2.52269 0 1.3628e-07>; 64 17 1 0 0 0 5 35 8 4 0 0 0 0 31 46 2 0 0 0 0 2 29 19 7 1 0 0 0 2 8 3 56 55 7 0 20 43 51 23 14 78 30 0 0 0 69 34 1 20 17 1 0 11 56 9 0 0 22 9 1 12 12 0 90 4 1 3 92 132 54 71 109 10 3 0 0 6 141 141 2 6 4 0 0 75 141 16 0 1 18 8 3 141 141 0 29 0 0 0 5 128 92 51 82 6 5 0 0 11 51 91 4 9 8 1 0 17 52 6 3 13 11 1 0 73 72 1;
<CIRCLE 177 92 1.26134 0 1.06615e-07>; 75 45 32 1 2 20 15 83 1 17 23 1 2 101 57 0 2 20 13 1 3 64 84 4 3 61 27 0 2 27 27 2 20 92 78 6 8 47 67 16 11 116 116 12 16 42 17 8 18 55 116 12 10 22 24 12 1 16 81 13 11 32 12 0 0 0 25 16 11 116 63 4 11 22 34 13 18 116 113 56 20 28 24 5 19 59 51 78 13 26 40 10 21 77 16 1 0 5 116 40 1 2 0 0 0 37 116 44 1 7 6 3 1 78 116 10 4 14 2 4 1 5 67 30 16 32 6 0;
<CIRCLE 100 124 4.24264 0 1.03085e-07>; 14 5 15 10 0 2 34 29 33 50 99 54 24 22 6 8 1 13 126 126 8 13 2 0 0 47 125 17 0 0 0 0 4 1 0 0 0 10 45 28 3 0 0 7 20 110 99 25 0 1 5 7 7 126 126 5 0 4 11 0 0 73 100 0 13 1 0 0 0 0 6 38 47 0 0 0 0 7 39 126 9 0 0 0 0 96 126 52 0 0 0 1 6 126 126 1 14 0 0 0 0 0 4 89 18 0 0 0 0 0 5 126 3 0 0 0 1 11 47 65 0 0 0 3 26 54 31 2;
<CIRCLE 351 100 14.2705 0 9.87758e-08>; 0 0 0 0 5 14 11 2 0 0 0 0 0 1 30 19 0 0 0 0 2 35 52 19 0 0 0 0 0 12 26 1 0 0 0 0 0 8 92 57 0 0 0 0 0 13 146 64 0 0 0 0 0 3 146 86 0 0 0 0 0 0 65 9 68 1 6 2 1 11 68 146 20 0 0 0 0 27 146 146 0 0 0 0 0 1 146 146 0 0 0 0 0 0 85 9 34 0 1 0 0 0 42 146 12 0 4 5 0 0 72 146 0 0 19 19 0 1 79 31 0 0 8 2 0 0 16 0;
<CIRCLE 204 135 7.13524 0 8.85776e-08>; 0 43 134 10 0 2 10 5 0 68 134 19 34 70 4 1 0 34 115 11 25 134 52 0 0 18 26 0 0 46 122 1 0 13 113 5 0 4 134 17 3 50 133 0 0 5 128 58 2 66 126 1 0 26 71 12 4 75 84 1 0 8 33 12 0 4 22 6 2 16 109 10 7 6 6 1 0 15 84 30 0 0 0 0 0 79 59 6 1 2 1 1 2 22 28 10 0 2 12 2 0 25 68 1 13 5 5 2 1 9 43 34 2 0 5 4 2 34 25 9 0 0 0 0 0 35 38 2;
<CIRCLE 255 104 7.13524 0 8.67999e-08>; 0 0 34 51 32 19 0 0 2 8 11 8 17 14 5 8 3 4 1 0 0 9 16 11 0 0 1 1 0 8 19 0 0 3 41 20 14 123 109 0 9 26 19 3 0 30 123 14 19 10 0 0 3 13 77 37 13 2 3 8 9 14 39 20 3 109 123 3 3 75 106 5 3 79 123 3 0 58 123 10 4 9 116 37 41 64 123 20 52 11 10 20 50 33 28 123 3 30 27 0 0 32 48 17 3 40 85 18 13 5 13 15 17 10 123 48 16 5 17 83 53 23 9 7 4 1 11 91;
<CIRCLE 126 32 14.2705 0 8.64034e-08>; 0 0 0 0 0 0 1 1 0 0 0 0 0 0 7 8 0 0 0 0 0 0 3 9 0 0 0 0 0 0 0 0 0 0 0 0 0 0 126 126 0 0 0 0 1 4 126 126 2 0 0 0 14 15 95 105 1 0 0 0 1 9 25 28 4 10 13 0 0 0 126 126 10 11 5 0 4 30 126 71 2 4 1 0 24 71 126 56 1 0 0 0 18 45 94 68 2 24 56 1 0 0 9 5 12 72 101 3 0 11 27 10 6 108 126 1 0 16 93 29 1 24 116 22 41 45 50 17;
<CIRCLE 205 110 0.891905 0 8.61757e-08>; 0 10 58 4 0 9 4 0 0 7 35 6 8 21 5 0 0 6 13 0 6 34 10 0 0 12 9 1 4 20 3 0 0 60 132 0 0 0 0 0 0 42 132 1 0 0 0 0 0 94 101 0 2 7 0 0 1 44 8 0 1 29 14 0 0 73 132 0 0 0 0 0 0 40 132 3 0 0 0 0 0 132 132 0 0 0 0 0 0 132 89 0 0 1 1 0 0 17 126 2 0 0 0 0 0 34 132 1 0 0 0 0 0 71 132 0 0 0 0 0 0 132 115 0 0 0 0 0;
<CIRCLE 116 78 2.52269 0 8.48842e-08>; 9 28 2 0 0 0 0 0 1 15 3 0 0 4 2 1 1 3 5 6 7 15 7 4 14 3 3 4 10 27 27 16 16 23 2 0 0 0 2 5 3 21 21 13 2 7 24 5 2 9 75 70 6 15 44 3 128 34 29 29 6 5 27 51 5 4 0 4 3 1 87 128 1 2 42 58 12 24 128 70 13 13 73 45 3 54 128 14 92 16 8 4 5 17 128 128 5 0 15 105 32 1 43 128 9 15 62 128 65 3 23 18 54 39 96 30 0 2 35 48 121 59 57 0 0 0 11 44;
<CIRCLE 181 141 10.0908 0 8.00567e-08>; 4 111 128 1 0 11 47 11 1 79 128 2 1 13 87 33 0 30 128 26 57 124 25 4 0 11 32 13 18 72 48 0 0 30 61 0 1 63 128 2 0 38 128 1 0 8 128 17 3 46 128 5 2 14 112 37 3 50 61 2 1 24 44 6 0 1 2 1 6 82 60 1 1 3 8 4 2 33 123 7 8 2 2 2 1 23 78 32 0 0 0 1 0 51 51 5 3 18 17 4 1 11 8 0 2 8 1 1 3 19 44 1 0 0 0 3 13 16 35 17 0 0 1 1 1 9 43 39;
<CIRCLE 176 93 1.5 0 7.59503e-08>; 122 42 9 0 0 9 70 144 20 29 35 1 0 61 28 16 2 23 20 2 1 54 53 2 1 51 26 1 3 17 20 2 18 47 14 1 1 34 131 21 6 62 111 11 13 71 31 8 15 54 93 7 6 20 23 23 3 14 57 11 10 23 8 0 0 8 86 13 2 26 44 0 1 7 65 33 12 87 39 12 7 32 40 6 8 34 35 44 8 13 23 12 17 55 8 1 0 53 144 11 0 0 0 0 0 20 144 57 0 0 0 0 0 96 144 11 0 0 0 0 0 35 144 17 5 3 0 0;
<CIRCLE 283 114 1.26134 0 7.55637e-08>; 1 0 0 0 0 1 22 17 1 0 1 17 4 11 19 3 3 1 10 140 17 2 3 1 1 0 18 142 8 0 0 2 0 0 1 15 12 5 13 15 0 0 17 142 55 4 3 0 0 1 31 142 27 1 0 0 15 1 2 43 10 0 2 35 0 0 12 121 80 31 12 1 0 0 21 142 69 0 0 0 17 6 13 47 19 1 5 43 16 0 0 1 1 1 18 142 0 0 1 83 142 27 3 0 1 0 9 55 27 9 18 26 30 0 0 2 2 0 34 142 4 0 0 0 0 1 142 142;
<CIRCLE 258 101 8.48528 0 7.20473e-08>; 0 0 11 46 56 55 3 0 2 9 5 8 24 20 3 5 1 3 1 2 3 8 11 5 0 0 0 1 1 4 13 3 0 0 33 55 58 120 57 0 12 13 17 11 5 23 119 21 11 2 0 0 4 22 74 31 14 0 0 0 3 10 75 59 3 91 120 10 14 93 84 4 3 64 108 7 0 42 120 14 13 4 66 33 41 77 120 36 106 7 0 2 16 24 29 120 4 31 22 0 0 48 67 9 4 37 82 19 6 15 30 15 35 7 69 28 7 4 15 119 115 17 0 0 2 3 3 103;
<CIRCLE 388 9 1.5 0 6.82026e-08>; 18 7 0 0 8 4 3 2 5 4 0 1 138 150 0 0 0 0 0 2 82 132 0 0 0 0 0 2 14 1 0 0 10 4 0 0 3 4 2 5 27 7 0 0 79 137 0 5 0 0 0 1 150 150 0 0 0 0 0 0 38 17 0 0 3 0 0 0 1 0 11 26 12 0 0 6 80 14 9 17 0 0 0 6 150 122 0 0 0 0 0 0 71 37 0 0 6 11 7 0 0 0 1 6 7 8 7 1 17 16 5 5 1 1 0 0 150 150 3 1 0 0 0 0 93 114 0 0;
<CIRCLE 207 135 7.13524 0 6.74916e-08>; 0 41 132 9 1 5 9 4 0 65 132 22 42 89 4 0 0 32 99 8 18 132 69 0 1 17 22 0 0 40 130 2 0 14 116 4 0 3 132 24 3 55 132 0 0 8 125 54 3 72 125 1 0 25 64 11 4 73 90 2 1 8 36 11 1 4 20 6 2 16 105 12 7 5 4 0 0 23 81 28 0 0 0 0 0 80 57 6 1 2 2 2 4 18 26 10 1 2 12 2 0 25 67 3 13 4 4 2 2 7 37 36 1 0 5 3 2 41 27 6 0 0 0 0 0 32 43 3;
<CIRCLE 313 145 2.12132 0 6.65576e-08>; 98 32 4 0 0 4 23 29 130 119 1 1 1 18 18 33 25 20 0 9 48 130 29 8 3 0 0 4 16 122 39 38 28 11 0 0 0 1 12 54 130 130 1 0 0 0 4 29 55 130 67 10 32 108 4 1 0 5 37 34 59 130 24 7 19 0 0 0 0 0 4 81 32 33 1 0 0 0 9 84 11 97 100 17 3 8 18 15 1 19 105 64 16 29 21 1 6 0 0 0 0 0 9 80 2 0 0 0 0 0 19 73 0 0 0 0 0 5 44 35 0 1 0 1 1 30 72 13;
<CIRCLE 351 103 10.0908 0 6.64023e-08>; 0 0 0 0 0 2 14 9 0 0 0 0 0 1 37 21 0 0 0 0 0 2 27 34 0 0 0 0 0 3 25 12 12 0 0 0 3 14 115 88 0 0 0 0 3 56 122 50 0 0 0 0 0 27 122 113 0 0 0 0 0 0 122 40 101 11 0 0 27 57 57 122 2 0 0 0 21 71 122 120 0 0 0 0 0 8 122 122 0 0 0 0 0 7 122 29 82 10 0 0 2 10 19 114 7 0 0 0 1 10 87 113 0 0 0 0 0 1 92 45 0 0 1 1 0 3 55 2;
<CIRCLE 261 146 1.78381 0 5.97667e-08>; 3 17 33 47 0 0 0 0 1 3 20 150 26 0 0 2 1 0 1 150 23 0 10 88 10 0 0 5 0 0 2 150 0 1 20 133 50 26 16 0 1 0 16 150 17 10 77 70 12 0 0 10 4 0 31 150 17 0 0 0 0 0 9 150 3 0 0 6 24 57 102 14 0 0 0 2 3 13 150 101 9 0 0 0 0 0 59 150 6 1 1 0 0 0 3 37 22 9 0 0 0 0 10 14 10 7 0 0 0 0 21 21 4 1 5 2 0 0 6 12 2 3 9 0 0 0 0 1;
<CIRCLE 188 87 0.891905 0 5.67709e-08>; 2 49 12 0 0 37 71 0 1 13 8 0 0 137 166 0 0 0 2 2 2 166 166 0 0 0 0 0 1 166 120 0 0 87 45 0 0 3 1 0 1 76 129 3 0 4 5 0 6 60 58 6 6 62 8 0 2 8 0 0 1 166 30 0 0 6 10 3 13 36 4 0 6 30 57 12 10 24 7 4 57 109 20 0 0 2 3 9 19 59 1 0 0 31 10 1 3 15 26 2 6 11 2 0 6 5 0 0 2 24 40 8 25 8 1 0 0 1 22 33 17 39 4 0 0 0 0 2;
<CIRCLE 162 61 1.26134 0 5.34068e-08>; 0 0 0 29 94 16 1 0 24 9 9 61 98 4 9 13 121 13 2 1 0 0 4 63 73 5 2 0 0 0 1 37 1 0 13 116 103 10 1 5 41 8 1 23 54 15 71 121 91 13 0 0 0 0 67 121 30 7 2 0 0 5 37 46 16 9 37 56 10 3 15 20 84 73 14 3 2 0 2 47 121 81 3 0 0 0 11 90 28 1 0 0 0 11 50 42 2 7 42 80 19 9 17 7 93 103 68 11 1 0 0 13 121 71 0 0 0 0 8 119 13 4 1 0 0 0 34 65;
<CIRCLE 188 88 1.26134 0 5.06496e-08>; 2 42 14 0 0 48 108 1 1 18 8 0 0 172 172 0 0 0 2 1 1 172 172 0 0 3 3 0 6 172 66 0 2 47 19 0 1 13 13 1 2 72 91 5 4 13 11 0 15 62 38 3 3 125 24 0 1 6 0 0 14 172 41 0 0 6 32 5 5 18 7 0 8 15 16 4 9 32 23 7 43 54 5 0 0 3 13 20 9 37 8 1 29 67 5 0 5 11 19 4 6 22 5 0 16 31 12 0 0 3 9 2 1 12 36 1 0 0 5 6 0 21 34 1 1 1 0 0;
<CIRCLE 208 133 6 0 5.01387e-08>; 0 55 132 9 1 1 0 0 0 86 132 14 29 62 6 1 0 50 132 4 8 124 82 0 0 29 42 0 0 55 132 2 0 14 74 2 0 2 111 39 1 48 110 0 0 9 132 53 1 69 132 0 0 23 85 10 4 88 113 0 0 5 42 16 0 2 11 2 2 18 98 27 1 2 1 0 1 29 70 24 0 0 0 0 4 73 43 5 3 2 4 1 0 9 23 12 5 9 32 3 1 14 37 6 20 10 4 0 0 6 27 27 0 0 1 0 0 55 35 3 0 0 0 0 0 35 34 0;
<CIRCLE 120 73 2.12132 0 5.00754e-08>; 0 7 1 0 1 7 3 0 0 0 0 0 2 15 9 5 0 0 0 0 20 51 5 1 0 0 0 1 27 46 29 3 3 33 7 0 0 0 0 0 5 19 30 10 1 4 6 7 15 13 40 54 20 21 5 5 104 19 7 7 5 22 93 80 4 19 10 8 2 6 40 16 0 7 72 72 11 31 93 0 49 26 93 97 2 21 108 33 136 37 12 27 27 11 22 101 1 0 17 37 9 10 136 93 0 1 84 52 5 59 136 3 50 31 36 15 0 33 136 86 68 3 0 2 12 36 96 136;
<CIRCLE 231 125 5.04538 0 4.666e-08>; 0 28 85 4 22 122 53 0 0 12 36 1 1 124 124 0 1 9 7 0 0 50 124 2 7 4 2 0 0 21 88 15 0 83 124 0 0 8 54 6 1 118 124 0 0 26 72 4 2 119 124 0 0 33 124 7 0 34 124 2 0 40 124 3 0 1 2 0 5 38 79 7 6 13 14 0 2 15 76 13 4 30 51 1 0 0 58 18 0 17 76 30 15 6 23 5 0 0 0 0 3 31 14 0 2 0 0 0 1 37 17 2 1 2 7 2 1 9 10 2 1 1 3 19 10 9 23 17;
<CIRCLE 262 146 1.26134 0 4.2929e-08>; 1 4 36 145 8 0 0 0 2 0 4 142 37 1 3 7 3 0 0 7 4 2 30 128 16 0 0 0 0 0 9 145 0 2 25 126 15 13 55 11 14 2 6 18 4 0 64 121 45 0 0 0 0 0 23 145 14 0 0 0 0 3 24 145 0 0 0 1 5 22 145 25 2 0 0 0 0 0 145 145 22 0 0 0 0 0 38 145 8 1 0 0 0 3 4 24 4 0 0 0 0 0 35 24 1 0 0 0 0 0 37 24 6 1 0 0 0 0 6 15 3 1 2 0 0 0 1 6;
<CIRCLE 163 58 1.5 0 4.0945e-08>; 0 0 0 19 71 3 1 2 38 5 3 64 78 0 0 5 124 3 1 2 1 0 0 67 44 0 0 0 0 0 5 43 0 0 0 48 124 21 5 0 80 9 7 57 98 6 23 60 124 6 0 0 0 0 5 122 41 4 1 0 0 0 3 30 9 1 28 122 73 6 4 10 79 27 0 12 27 8 45 124 99 13 0 0 0 1 41 124 11 2 0 0 0 3 49 45 10 11 32 46 8 5 17 9 124 89 20 4 0 0 0 29 124 21 0 0 0 0 16 112 3 0 0 0 0 1 68 61;
<CIRCLE 230 132 4.24264 0 3.87391e-08>; 0 99 128 1 1 16 22 1 0 102 128 1 1 53 69 1 2 101 128 0 0 45 128 5 0 20 92 1 0 68 128 2 0 23 47 0 1 28 128 6 3 63 105 0 0 7 120 15 5 112 128 0 0 0 69 23 1 53 128 2 1 6 33 7 0 0 0 0 13 62 22 0 11 2 0 0 4 22 36 12 7 7 12 1 0 0 37 13 0 2 15 32 10 6 24 4 0 0 0 0 1 42 23 1 0 0 0 0 0 54 27 2 0 1 4 1 1 20 20 2 3 1 2 6 5 9 20 10;
<CIRCLE 230 132 10.0908 0 3.87391e-08>; 0 16 123 15 38 118 83 24 0 3 42 42 64 123 30 0 5 6 10 9 5 21 75 11 5 1 0 0 3 12 34 14 2 61 123 10 9 11 80 25 4 84 123 12 16 68 68 11 4 57 94 10 2 28 123 9 23 4 40 19 21 32 45 43 5 4 5 2 0 13 123 32 4 10 5 0 0 73 92 17 3 14 32 9 3 32 59 24 27 3 19 8 1 1 17 123 2 1 1 2 7 19 51 13 1 0 3 4 5 26 41 29 0 0 0 0 0 20 115 54 2 0 0 0 0 0 59 123;
<CIRCLE 207 192 10.0908 0 3.54485e-08>; 1 5 10 4 3 39 125 13 12 7 7 3 0 33 125 56 3 13 8 0 0 103 108 14 5 9 30 10 4 25 63 48 4 12 4 2 4 54 122 2 6 1 3 8 25 47 112 40 2 0 5 8 8 56 112 77 0 0 0 0 0 20 125 125 25 52 8 5 4 2 3 12 9 1 2 6 19 13 63 125 8 0 0 0 2 3 125 125 2 0 2 1 0 0 125 125 39 6 0 0 0 0 0 15 43 0 0 0 0 0 6 80 29 0 0 0 0 0 9 66 6 0 2 6 3 0 5 11;
<CIRCLE 209 192 10.0908 0 3.43128e-08>; 1 5 11 5 2 35 125 14 12 7 6 2 0 37 125 56 3 14 9 0 0 101 105 11 6 8 31 11 4 21 60 57 3 10 3 3 4 53 124 3 6 1 3 8 26 45 104 43 2 0 5 7 6 57 122 78 1 0 0 0 0 16 125 125 23 45 8 6 5 3 4 14 9 0 2 5 18 13 71 125 8 0 0 0 1 2 125 125 2 0 2 2 0 0 125 125 39 5 0 0 0 0 0 17 41 0 0 0 0 0 7 81 28 0 0 0 0 0 8 62 5 0 3 6 3 0 5 9;
<CIRCLE 220 65 10.0908 0 3.36786e-08>; 27 0 0 9 13 7 8 47 3 0 0 0 5 38 33 15 1 0 0 0 3 9 22 9 1 0 0 0 9 6 7 6 20 0 0 0 5 11 54 134 1 0 1 16 25 89 70 22 2 7 2 9 39 57 3 1 2 7 2 2 9 6 3 2 3 16 83 5 14 93 144 112 0 1 38 68 111 144 43 4 3 5 26 43 33 48 38 4 7 4 1 0 1 8 29 15 1 66 144 8 7 15 48 14 2 64 144 27 51 115 36 9 3 47 64 4 4 64 141 6 5 5 32 10 10 28 94 17;
<CIRCLE 179 150 6 0 3.15663e-08>; 0 25 46 1 0 17 122 9 0 10 116 13 0 4 122 16 1 32 115 0 0 1 122 76 1 50 110 0 0 16 115 28 4 19 29 7 2 30 122 34 0 7 38 6 5 45 122 17 1 5 11 2 1 20 122 66 0 0 0 0 3 59 70 11 1 22 41 7 2 55 113 1 0 12 97 8 2 48 116 0 27 32 52 4 1 20 69 31 18 5 1 0 0 25 44 30 1 2 1 0 0 20 47 1 0 0 0 0 1 40 99 2 5 0 0 2 7 31 90 19 4 1 14 13 13 5 10 15;
<CIRCLE 189 89 1.5 0 3.10575e-08>; 2 30 8 0 0 56 116 1 0 12 10 0 0 165 165 0 0 1 3 0 1 165 165 0 0 5 14 0 6 165 19 0 1 29 16 1 2 12 11 1 6 51 61 2 4 21 15 2 16 39 11 0 3 165 28 1 0 1 0 0 45 165 17 0 2 8 28 5 5 12 3 0 13 20 10 1 2 10 17 10 22 35 17 0 2 6 4 8 1 12 13 2 40 162 3 0 3 5 9 5 6 21 3 0 7 17 13 2 2 1 1 1 1 12 42 7 4 0 0 0 4 28 21 2 1 7 0 0;
<CIRCLE 255 139 2.52269 0 2.97111e-08>; 1 16 42 0 0 8 102 29 0 22 103 1 0 45 124 8 0 40 133 10 15 25 131 6 1 38 133 31 39 17 10 3 2 9 18 2 0 1 21 7 4 17 36 23 0 10 42 6 2 4 16 133 38 13 55 11 5 0 3 123 55 8 6 121 1 5 18 4 1 0 0 0 0 5 33 95 37 21 14 0 0 0 16 133 26 13 67 95 6 0 0 17 3 0 15 133 8 2 0 0 0 1 2 4 12 1 0 4 14 27 48 16 3 1 0 2 4 13 132 80 3 1 1 0 0 0 14 78;
<CIRCLE 189 17 7.13524 0 2.87361e-08>; 3 0 0 3 4 0 2 12 2 0 0 2 2 0 0 3 0 0 0 0 0 1 1 1 0 0 0 0 0 0 0 0 17 0 0 120 99 2 50 101 80 0 0 38 34 12 20 128 6 0 0 0 32 68 32 43 0 0 0 0 2 14 38 24 34 0 0 98 128 15 9 46 128 1 0 9 25 15 19 128 10 0 0 0 54 118 87 37 2 0 0 6 10 46 44 34 34 0 0 1 64 39 11 97 61 0 0 0 1 2 68 128 1 0 1 3 8 99 128 58 0 0 0 7 49 128 24 0;
<CIRCLE 207 131 5.04538 0 2.86061e-08>; 0 68 133 2 0 0 0 0 0 103 133 8 15 29 6 1 0 75 133 2 4 92 71 0 0 44 81 0 0 70 133 2 0 10 47 0 0 0 85 45 1 35 89 0 0 7 133 51 1 60 133 0 1 22 118 6 3 90 131 0 0 2 63 13 2 0 0 0 2 15 93 50 0 0 0 0 4 25 70 27 1 0 0 0 12 66 39 2 8 3 2 0 0 7 34 11 5 12 36 3 2 8 9 5 10 10 3 0 0 7 24 9 0 0 0 0 1 54 31 2 0 0 0 0 0 32 24 1;
<CIRCLE 189 14 7.13524 0 2.79561e-08>; 1 0 0 0 1 0 0 2 0 0 0 0 0 0 0 0 0 0 0 0 0 0 0 0 0 0 0 0 0 0 0 0 18 0 0 104 88 2 49 111 65 0 0 37 32 9 18 118 5 0 0 0 25 56 29 39 0 0 0 0 2 11 33 19 34 0 0 128 128 11 14 46 128 1 0 15 30 17 18 128 11 0 0 0 64 124 70 43 2 0 0 5 8 39 48 41 33 0 0 4 78 40 11 91 77 0 0 0 2 3 66 128 2 0 0 1 8 106 128 56 0 0 0 7 41 128 29 1;
<CIRCLE 342 88 5.04538 0 2.51229e-08>; 9 2 0 0 0 0 5 9 3 1 0 0 0 3 22 13 1 0 0 0 0 2 32 19 9 0 0 0 0 1 16 26 4 2 0 0 0 2 48 63 2 2 0 0 3 11 125 118 0 0 0 0 30 56 84 20 16 2 0 0 6 7 8 16 0 0 0 0 12 60 125 125 0 0 0 0 34 45 87 89 0 0 0 0 121 86 46 12 5 0 0 0 13 11 98 120 15 9 4 43 125 114 61 30 2 0 0 1 17 34 52 39 0 0 0 0 17 42 125 125 0 0 0 0 0 2 125 125;
<CIRCLE 45 34 0.891905 0 2.05117e-08>; 0 0 0 0 0 0 3 0 0 0 0 0 0 0 6 0 0 0 0 0 0 0 7 1 0 0 0 0 0 0 2 4 0 0 0 0 0 2 10 3 6 0 0 0 0 1 27 23 0 0 0 0 1 23 38 5 0 0 0 0 0 8 18 6 4 0 0 0 0 0 3 15 21 0 0 0 0 1 44 69 4 0 0 0 1 25 184 42 0 0 0 0 0 7 184 46 3 0 0 0 0 0 82 118 1 0 0 0 0 0 134 184 0 0 0 0 0 2 184 184 0 0 0 0 0 4 184 58;
<CIRCLE 181 145 1.78381 0 1.53355e-08>; 0 1 7 3 19 37 129 18 15 0 2 21 129 88 109 6 117 3 1 11 22 20 79 129 14 4 0 4 4 4 49 104 0 2 5 3 30 47 21 0 28 0 1 6 129 111 12 10 129 13 0 2 29 25 11 51 34 10 2 12 11 12 3 10 0 0 0 0 18 56 12 0 3 0 0 0 91 129 12 5 90 40 0 0 12 87 25 23 52 36 0 0 2 20 6 3 0 29 123 3 6 12 2 0 0 23 50 0 19 87 10 0 11 6 14 6 12 112 39 4 35 33 5 5 4 9 7 4;
<CIRCLE 127 198 12 0 1.4596e-08>; 6 0 0 0 0 10 79 139 5 1 3 2 2 139 139 134 0 8 17 1 2 139 139 5 2 11 31 0 0 25 139 41 14 6 25 12 0 0 52 139 11 16 116 53 6 28 12 44 11 59 42 11 5 94 85 2 2 7 1 1 9 65 136 19 1 1 24 28 4 5 3 2 3 9 37 37 14 29 12 2 65 83 15 3 1 4 7 7 56 21 3 2 5 7 20 76 0 0 0 1 0 1 0 0 0 0 0 0 2 6 1 0 18 1 0 0 0 1 0 1 31 0 0 0 0 0 0 13;
<CIRCLE 46 171 7.13524 0 9.48843e-09>; 19 23 0 0 0 12 61 24 6 17 4 1 0 2 98 54 1 2 2 10 21 46 72 15 15 0 0 0 4 12 20 139 25 27 1 0 0 2 56 85 7 32 10 1 0 16 112 36 2 7 6 13 14 5 121 139 27 0 0 0 2 1 52 139 31 0 0 0 0 1 70 139 4 0 0 0 0 20 139 92 1 0 1 1 0 6 139 139 20 8 20 5 0 0 24 106 32 5 4 0 0 0 6 122 9 6 28 14 1 2 26 35 0 0 32 29 1 5 19 4 1 1 30 33 2 1 0 2;
<CIRCLE 69 160 8.48528 0 9.47505e-09>; 1 4 11 2 0 5 80 38 0 0 9 6 2 23 126 21 3 5 9 3 1 18 100 101 0 4 35 15 5 110 137 40 14 15 1 0 0 2 54 36 1 4 2 3 15 29 71 64 22 0 0 0 1 6 36 137 5 0 0 0 0 60 129 137 4 3 0 0 0 3 137 72 1 1 0 0 0 1 137 137 29 7 14 1 0 0 31 137 9 6 52 17 1 9 9 38 10 3 8 4 0 1 52 57 0 0 16 17 1 3 48 24 4 4 44 28 2 1 2 10 0 2 61 47 4 3 1 0;
<CIRCLE 270 163 6 0 9.24378e-09>; 2 16 36 16 11 4 21 13 8 10 96 62 38 8 29 94 39 12 37 16 4 1 24 123 68 49 19 0 0 1 25 41 2 0 3 4 4 35 56 12 20 12 0 4 6 9 61 114 46 10 0 0 0 0 13 123 20 1 0 0 0 0 25 123 0 0 0 0 0 46 91 12 5 4 0 0 0 7 123 123 9 1 0 0 0 0 65 123 1 0 0 0 0 0 29 123 0 0 0 0 0 1 119 57 0 0 0 0 0 0 123 123 0 0 0 0 0 0 70 123 0 0 0 0 0 0 35 61;
<CIRCLE 221 225 1.78381 0 8.34744e-09>; 8 0 0 0 1 83 89 30 125 15 0 0 4 41 30 46 108 8 0 0 0 0 5 125 10 0 0 0 0 0 27 101 5 0 0 0 11 59 36 61 102 29 0 0 43 125 32 9 125 51 0 0 0 6 7 34 59 11 0 0 1 1 3 34 12 0 0 0 1 13 25 91 27 2 0 0 16 125 105 31 125 84 1 0 19 59 29 18 74 48 3 1 5 4 1 12 54 5 0 0 0 0 0 19 44 1 0 0 28 57 7 14 48 51 2 1 70 112 6 6 113 54 3 0 0 3 1 9;
<CIRCLE 45 166 10.0908 0 7.61089e-09>; 2 2 9 2 4 24 25 5 3 8 29 5 2 14 112 49 0 1 26 10 3 25 134 40 4 16 33 11 4 42 129 102 26 12 0 0 0 2 23 38 25 24 2 1 1 5 112 69 5 4 2 2 13 27 107 134 23 1 1 0 0 8 57 134 10 0 0 0 0 0 28 134 12 2 1 1 0 4 134 134 5 2 8 7 0 2 134 134 20 11 55 19 0 0 10 101 17 7 3 0 0 0 5 56 18 15 33 10 0 0 15 50 0 1 32 32 2 1 12 4 0 1 28 28 7 10 3 0;
<CIRCLE 247 131 2.52269 0 6.36059e-09>; 1 118 143 0 0 0 8 1 0 92 143 0 0 7 15 1 0 84 143 1 0 29 38 0 0 60 143 0 0 17 89 2 1 14 32 0 0 7 123 4 1 25 73 0 0 6 121 32 0 28 126 1 1 40 102 9 0 37 143 3 5 14 89 4 2 7 5 0 0 0 28 2 2 7 13 1 0 1 31 9 3 11 21 7 0 11 40 5 1 3 9 117 17 9 46 6 0 4 9 3 0 0 0 0 0 4 15 3 0 0 0 0 0 4 22 43 16 7 3 0 0 0 11 106 13 5 21 26;
<CIRCLE 138 165 5.04538 0 4.59196e-09>; 0 0 0 3 26 82 66 11 18 3 21 17 24 92 107 28 11 19 65 35 18 93 128 34 11 32 55 3 2 20 128 43 1 0 3 3 1 60 48 11 2 1 23 22 23 128 76 2 2 24 92 38 14 128 128 0 2 58 128 2 0 54 128 1 1 3 34 32 0 0 0 1 0 2 51 27 6 30 10 0 1 4 9 4 9 71 87 0 0 0 0 0 0 48 128 4 0 3 80 36 1 0 0 0 2 39 78 10 0 0 0 0 18 41 9 0 0 1 2 1 7 10 1 0 0 3 14 8;
<CIRCLE 221 130 3.56762 0 2.69679e-09>; 0 99 132 0 0 1 11 2 0 112 132 0 0 14 18 0 1 118 132 0 0 36 62 2 2 88 132 0 0 27 132 4 0 10 20 0 0 14 132 22 0 24 67 0 1 24 132 2 3 67 108 0 0 6 132 12 3 86 132 0 0 0 67 11 0 0 0 0 10 34 38 5 0 1 0 0 19 45 31 1 13 11 0 0 0 4 47 11 4 6 8 0 0 0 48 8 0 0 0 0 2 16 8 2 0 0 0 0 7 64 8 0 3 1 0 0 1 17 14 9 1 2 7 2 2 4 2 1;
<CIRCLE 137 169 7.13524 0 1.19968e-09>; 4 0 0 0 0 64 127 83 0 0 0 2 5 137 137 0 1 9 12 9 6 77 137 20 0 6 22 4 1 19 137 23 4 2 5 2 0 20 37 74 0 0 6 11 16 137 48 1 1 14 22 14 16 137 137 3 0 12 54 10 1 49 134 3 3 5 69 27 0 0 0 4 0 18 94 31 3 17 3 0 7 28 14 2 1 42 63 2 2 2 0 0 3 44 113 3 0 0 39 46 5 3 2 0 8 46 53 23 3 2 9 4 24 97 5 0 0 0 1 2 5 21 8 8 7 2 1 2;
