KOEN1
128
272
<CIRCLE 73 170 3 0 0.000108646>; 2 0 0 0 0 4 57 4 0 0 9 5 0 7 96 7 0 0 42 17 1 97 72 2 9 5 26 6 1 62 51 12 10 0 0 1 4 1 2 16 2 0 59 124 86 31 6 5 0 10 140 140 26 39 12 1 1 94 140 15 1 11 13 2 2 0 2 2 4 2 2 18 0 0 7 24 85 140 22 1 0 4 34 27 28 140 140 0 1 36 43 0 0 66 140 9 0 0 13 16 0 0 0 0 0 0 30 14 1 12 3 0 0 0 21 14 5 84 40 0 0 0 8 4 2 59 114 8;
<CIRCLE 74 170 3 0 0.000106752>; 2 0 0 0 0 4 57 4 0 0 12 6 0 11 93 6 0 0 42 17 2 105 65 1 14 6 22 4 1 48 49 16 10 0 0 4 8 2 2 15 1 0 80 138 85 34 6 4 0 15 138 130 18 34 12 0 2 100 138 10 1 9 12 3 2 0 2 2 8 5 1 16 0 0 8 27 85 138 31 0 0 6 37 21 18 138 138 0 1 38 46 0 0 47 138 10 0 0 14 15 0 0 0 0 0 0 29 14 1 16 5 0 0 0 18 13 5 89 46 0 0 0 8 4 2 48 119 10;
<CIRCLE 76 170 4.24264 0 6.78046e-05>; 0 0 0 0 0 6 132 8 0 0 2 4 1 44 132 1 9 0 5 6 4 84 66 21 71 4 3 3 4 9 11 69 5 0 0 3 7 2 27 19 0 0 61 132 73 41 36 3 3 42 132 94 21 53 24 6 24 71 132 7 0 4 8 19 1 0 5 7 8 6 7 15 0 0 14 38 86 132 26 1 0 18 57 22 19 132 132 3 1 23 78 2 0 12 132 32 0 0 52 25 0 0 0 0 0 0 66 39 3 15 3 0 0 0 53 29 4 44 46 0 0 0 28 23 1 10 66 4;
<CIRCLE 243 120 1.5 0 6.0754e-05>; 18 1 1 0 0 0 18 29 13 1 6 9 6 13 42 28 0 3 47 31 6 12 47 5 0 1 33 47 6 5 11 0 4 0 5 3 0 0 131 73 4 0 20 25 28 119 131 36 0 2 59 53 131 131 18 0 0 20 57 28 14 4 0 0 0 0 131 105 0 0 79 18 0 0 131 131 22 26 43 5 0 0 60 131 131 60 13 1 0 9 2 2 22 29 36 2 0 0 105 44 0 0 19 6 0 0 66 33 0 2 32 8 0 0 13 15 1 4 46 12 0 0 0 0 0 24 48 2;
<CIRCLE 165 135 8.48528 0 5.55564e-05>; 4 0 0 0 4 21 63 22 10 0 0 0 0 19 80 16 0 0 0 0 0 12 35 1 0 0 0 0 0 0 31 6 6 14 16 3 0 4 124 124 1 13 27 24 13 124 124 17 0 0 31 40 18 93 101 9 0 2 48 13 0 1 80 18 8 25 110 92 2 0 4 22 0 26 124 124 12 20 18 6 2 4 124 124 15 15 42 37 12 16 78 13 0 0 31 47 0 0 43 58 4 13 47 1 2 0 36 41 2 5 106 44 7 0 8 7 0 1 107 102 1 0 0 0 2 13 62 36;
<CIRCLE 162 134 10.0908 0 5.0563e-05>; 4 0 0 0 12 28 26 9 26 0 0 0 2 14 56 19 0 0 0 0 0 7 29 2 0 0 0 0 0 0 26 3 8 6 9 2 0 4 101 128 3 17 31 18 8 111 128 53 0 0 35 40 16 102 122 10 0 2 44 14 0 1 92 19 21 20 93 79 2 1 9 63 1 35 128 128 10 23 40 15 3 5 128 128 16 24 72 57 11 13 70 14 0 1 48 53 0 4 44 36 5 18 50 2 4 0 26 38 3 9 109 37 16 1 6 6 1 3 95 95 1 0 0 0 6 14 47 27;
<CIRCLE 169 136 7.13524 0 4.05802e-05>; 4 0 0 0 0 16 101 27 2 0 0 0 0 35 71 5 0 0 0 0 0 13 32 2 0 0 0 0 0 0 34 9 2 33 29 5 0 24 122 68 0 8 20 31 16 122 122 0 1 2 39 35 14 68 86 21 0 3 62 22 0 1 78 22 1 71 122 71 11 1 1 2 0 18 122 122 12 19 10 4 2 4 122 122 11 10 30 30 16 16 91 17 0 0 20 47 0 0 51 73 4 6 56 9 1 0 45 43 0 1 109 56 3 0 10 7 0 1 115 101 1 0 0 0 0 14 60 43;
<CIRCLE 317 123 3 0 3.7452e-05>; 1 0 47 68 30 16 8 6 9 16 87 33 12 10 22 40 22 18 19 2 2 10 28 30 0 0 0 0 4 10 8 3 3 0 6 10 18 33 25 11 65 13 5 5 7 15 126 126 25 9 2 2 19 126 126 126 0 0 0 0 38 126 20 1 9 1 0 0 0 6 18 8 126 126 19 0 0 1 16 72 38 126 126 96 51 75 47 32 0 0 28 80 101 82 10 1 0 0 0 0 0 1 8 3 6 37 16 2 0 0 5 5 1 32 101 29 0 0 6 13 0 0 17 24 2 2 12 15;
<CIRCLE 143 151 1.78381 0 3.73809e-05>; 14 5 27 22 9 10 16 12 130 21 1 4 4 2 1 22 72 9 9 20 10 0 0 1 0 2 25 18 5 0 0 0 12 4 14 25 11 30 80 31 130 41 16 10 6 11 8 36 58 12 63 102 17 0 0 6 0 2 130 97 3 0 0 0 2 7 36 59 22 40 43 9 46 116 107 45 16 18 2 1 7 21 130 130 0 0 0 0 0 0 130 126 0 0 0 0 1 1 26 93 62 20 25 12 0 2 59 120 42 7 0 0 0 0 72 93 0 0 0 0 0 0 48 42 0 2 5 1;
<CIRCLE 244 121 1.5 0 3.71678e-05>; 25 1 0 0 0 1 46 45 8 2 20 18 13 37 55 18 0 3 78 60 11 16 29 3 2 7 47 46 4 2 3 0 1 0 34 20 0 3 138 73 0 0 56 65 76 138 138 17 0 5 49 60 138 121 5 0 1 29 39 11 6 4 2 1 0 0 138 132 0 0 29 7 0 0 138 138 32 14 17 2 0 0 32 87 102 43 35 4 0 5 1 0 4 28 58 4 0 0 49 20 0 1 28 10 0 0 20 12 0 3 40 9 0 1 2 2 0 6 46 13 0 0 0 0 0 24 43 1;
<CIRCLE 144 147 3.56762 0 3.66925e-05>; 0 2 101 29 0 0 41 50 4 55 97 4 0 8 13 11 2 18 16 4 0 30 29 0 0 0 14 16 3 65 53 0 1 4 95 64 38 11 11 1 121 109 80 6 0 1 6 10 41 44 86 63 0 0 0 0 0 0 121 121 1 0 0 0 0 0 10 15 39 48 23 1 48 37 89 70 21 9 10 8 12 16 121 121 0 0 0 0 0 0 121 121 0 0 1 0 0 1 121 63 8 6 1 0 2 1 71 121 14 3 3 6 3 1 52 57 2 13 18 18 0 0 11 19 2 7 36 34;
<CIRCLE 319 123 4.24264 0 3.63787e-05>; 8 0 9 66 59 7 18 18 7 14 19 38 62 11 29 30 8 6 2 0 0 6 36 34 0 0 0 0 0 6 14 2 3 0 22 89 21 20 24 13 71 21 15 29 14 21 129 129 16 8 4 8 55 129 129 98 0 0 0 0 18 67 25 0 14 2 0 0 0 8 37 14 129 129 75 8 2 7 34 104 22 67 129 129 123 100 41 27 0 0 1 19 45 63 22 0 0 0 0 0 0 1 25 6 4 27 21 0 0 0 27 34 2 11 44 16 1 5 34 53 0 0 0 3 6 47 20 4;
<CIRCLE 144 149 3 0 3.48113e-05>; 0 6 125 37 2 0 3 2 42 112 114 6 0 1 1 0 13 28 34 8 0 3 6 0 0 0 37 29 0 3 10 0 3 2 31 25 14 9 39 4 125 61 25 10 0 1 12 23 52 22 90 83 0 0 0 1 0 0 125 125 0 0 0 0 0 0 5 19 26 30 40 1 38 49 104 80 29 10 8 5 7 13 125 125 0 0 0 0 0 0 125 125 0 0 0 0 0 2 124 83 10 7 4 0 3 0 63 125 20 3 0 2 6 1 47 51 5 10 9 17 0 0 10 19 7 10 15 18;
<CIRCLE 113 140 1.78381 0 3.42887e-05>; 2 0 0 0 0 0 46 57 25 3 1 0 0 0 17 122 44 11 1 0 0 0 15 122 2 1 10 11 0 3 27 21 2 0 12 53 23 6 105 87 26 58 122 36 5 1 21 85 80 122 45 9 5 0 0 23 5 8 45 122 48 4 0 0 2 0 13 95 92 14 6 13 50 24 50 27 13 14 38 53 122 31 8 5 25 0 2 72 9 1 3 50 122 22 2 1 2 5 31 99 40 2 3 3 98 36 28 4 0 1 5 31 122 7 0 5 26 0 0 25 3 0 0 28 122 19 7 0;
<CIRCLE 143 115 1.5 0 3.35881e-05>; 22 9 0 2 23 2 0 1 14 8 3 10 156 42 1 2 69 35 8 6 42 13 1 9 38 26 0 0 0 0 0 0 29 1 0 0 21 7 18 17 27 0 0 0 127 98 36 23 51 2 0 0 51 58 114 40 39 12 0 0 0 2 95 31 4 0 0 0 1 4 157 76 4 0 0 0 12 70 157 79 8 0 0 0 5 44 157 89 1 0 2 4 0 21 157 44 3 0 0 0 1 6 113 40 0 0 0 0 5 46 76 20 14 5 16 5 13 42 32 16 3 5 21 26 13 8 20 5;
<CIRCLE 316 123 1.78381 0 3.25116e-05>; 0 0 4 12 36 22 23 12 3 0 6 2 0 0 47 76 22 2 0 0 0 1 74 70 9 0 0 0 3 19 34 18 6 0 0 0 3 24 29 24 59 9 0 0 0 1 71 132 14 5 0 0 0 24 132 132 0 0 0 0 15 132 109 7 22 4 0 0 0 3 5 16 132 132 0 0 0 0 4 57 52 132 32 9 1 11 33 30 0 2 60 50 47 104 14 0 5 2 0 0 0 1 4 3 19 84 1 0 0 0 2 2 13 132 105 23 0 0 0 0 0 4 132 87 4 0 0 0;
<CIRCLE 114 139 1.26134 0 3.16453e-05>; 5 0 0 0 0 0 34 124 32 4 3 0 0 0 22 124 40 14 1 0 0 0 0 69 4 4 3 3 1 2 2 2 4 3 115 60 1 0 65 83 21 66 124 16 0 0 4 51 64 124 46 1 0 0 0 2 5 8 17 89 16 0 0 0 0 0 84 81 18 28 50 3 67 44 110 12 0 4 50 100 124 53 10 3 8 0 0 77 9 2 3 55 124 24 0 1 0 6 48 7 2 15 48 1 63 29 21 0 0 1 39 63 124 9 0 1 8 0 0 43 2 1 0 20 107 8 0 0;
<CIRCLE 153 234 7.13524 0 3.14486e-05>; 0 2 4 7 2 7 35 15 2 2 4 6 5 28 60 28 21 27 28 5 5 9 8 39 24 28 6 2 3 0 0 3 48 6 0 0 0 2 20 84 40 13 13 34 62 120 120 120 41 49 42 55 120 112 12 0 98 67 10 6 3 0 0 0 65 49 9 0 0 0 11 19 48 75 106 120 78 17 10 22 82 10 8 120 120 22 3 15 120 17 1 4 2 0 2 23 1 3 1 2 11 25 50 3 0 5 13 74 84 34 3 0 52 0 0 27 41 23 18 30 106 0 0 0 0 0 7 34;
<CIRCLE 123 139 1.78381 0 3.14306e-05>; 34 3 0 0 0 0 22 137 3 1 5 5 0 4 67 52 1 1 34 8 0 0 39 17 0 1 51 5 0 0 10 6 53 101 35 4 1 0 0 35 8 14 56 137 33 2 0 1 0 0 137 134 10 1 6 1 0 0 137 44 0 0 11 2 137 46 16 4 13 0 2 57 18 4 8 87 137 28 2 2 0 1 68 66 56 25 48 7 0 2 70 31 2 3 44 12 134 8 0 3 16 0 0 25 8 0 0 43 137 16 4 1 0 4 21 32 54 17 50 13 1 2 20 19 6 12 69 18;
<CIRCLE 142 152 1.26134 0 3.11182e-05>; 15 1 1 1 13 45 21 24 129 0 0 0 4 10 1 35 87 5 4 9 6 3 2 7 1 3 9 23 18 1 0 0 6 6 38 70 38 61 29 15 129 71 18 13 12 14 0 34 73 28 90 70 13 8 10 20 0 0 86 129 21 3 0 0 3 8 58 68 13 49 85 7 58 129 78 21 8 23 13 3 7 38 129 129 6 0 0 0 0 0 129 114 5 0 0 0 1 0 6 79 90 31 43 11 0 3 59 64 23 16 3 0 0 1 58 78 4 0 0 0 0 0 34 55 4 0 0 0;
<CIRCLE 150 233 8.48528 0 3.08598e-05>; 0 0 0 7 17 25 46 6 3 0 0 0 4 22 102 25 47 17 8 2 2 8 35 60 29 22 3 3 9 4 8 16 25 2 0 0 2 12 21 45 54 14 7 19 43 83 122 122 36 61 32 54 122 102 33 6 75 80 10 8 6 0 0 0 42 19 1 0 0 2 33 18 77 88 85 122 69 18 15 35 88 15 17 122 122 24 6 20 122 21 1 5 2 0 5 30 1 1 0 0 7 19 67 9 0 4 10 46 112 33 8 0 58 0 1 29 60 15 8 32 99 0 0 0 0 0 7 37;
<CIRCLE 242 120 1.78381 0 3.07098e-05>; 5 2 2 1 0 0 14 15 10 0 0 1 2 6 36 44 0 0 17 20 5 12 57 3 1 2 20 32 6 6 15 0 2 0 4 3 0 0 135 67 5 0 16 20 16 65 135 68 0 0 39 69 135 129 31 1 2 19 65 42 22 5 0 0 0 0 135 97 0 0 102 17 0 0 135 135 11 17 58 9 0 0 74 135 135 52 19 1 0 6 4 4 30 31 45 3 0 0 105 33 0 1 26 5 0 0 60 27 0 2 30 7 0 0 11 12 1 4 39 8 0 0 0 0 0 20 45 2;
<CIRCLE 138 139 2.52269 0 3.05109e-05>; 2 0 14 1 0 0 121 101 3 1 28 4 4 5 22 60 0 4 10 1 5 28 21 2 0 0 2 2 5 33 45 0 0 0 141 83 7 1 9 4 6 47 141 39 2 2 3 1 58 141 112 4 1 1 2 0 4 10 37 8 0 2 4 0 0 0 64 59 55 11 25 3 43 22 80 34 9 8 35 16 141 80 15 12 3 1 3 19 18 9 46 42 2 0 0 0 0 0 6 16 31 23 70 8 20 9 15 33 13 20 78 18 130 64 78 47 5 4 5 15 5 3 141 132 1 0 0 0;
<CIRCLE 147 271 1.78381 0 2.93885e-05>; 6 2 4 9 42 40 3 10 0 2 13 29 105 88 4 0 17 6 12 6 5 10 19 45 17 5 2 3 3 13 30 52 6 14 43 19 47 18 0 2 13 9 20 69 120 40 27 20 120 20 16 16 14 5 39 120 11 1 31 28 16 30 103 107 0 2 15 12 20 63 19 1 3 1 19 19 48 57 115 36 49 9 105 89 14 15 51 120 18 20 120 120 10 4 10 18 3 0 0 1 8 18 24 19 0 0 6 4 8 53 120 9 0 0 18 38 28 120 78 1 19 6 20 21 5 39 58 12;
<CIRCLE 123 140 1.5 0 2.88316e-05>; 30 14 2 0 0 0 2 57 2 3 19 23 1 5 5 3 1 2 97 30 0 1 2 0 0 2 129 15 0 0 0 0 68 92 25 12 6 0 0 7 2 5 55 140 77 7 1 0 0 0 140 140 18 6 25 5 0 0 140 48 0 0 37 9 138 16 2 5 31 1 0 51 3 0 3 67 140 55 8 0 0 3 54 47 45 32 85 16 0 2 56 36 4 0 73 18 92 4 0 7 28 0 0 14 0 0 1 59 140 10 3 0 5 10 32 39 54 12 42 12 4 5 21 22 16 17 51 13;
<CIRCLE 103 153 1.78381 0 2.85309e-05>; 99 6 0 0 0 0 3 68 111 5 2 70 48 0 0 44 1 5 37 116 71 8 4 1 64 27 22 4 2 5 15 26 116 6 3 8 6 1 1 72 83 0 0 93 116 19 8 43 8 6 24 92 72 17 67 32 116 17 10 1 0 0 25 101 116 13 15 5 5 1 9 108 33 6 22 11 91 76 56 21 1 3 9 13 19 34 116 45 16 10 17 16 1 0 70 102 35 24 29 3 1 3 13 31 2 30 87 11 3 5 4 0 0 12 63 47 2 2 7 0 0 19 55 35 3 0 0 0;
<CIRCLE 325 126 2.52269 0 2.70654e-05>; 9 5 21 6 2 3 63 95 23 6 2 0 2 35 115 69 1 0 0 0 14 45 13 2 0 0 0 0 1 4 6 0 113 68 1 0 0 2 77 130 21 37 24 19 30 130 130 79 0 0 4 20 113 130 19 0 0 0 0 0 6 16 21 4 63 130 23 0 0 0 1 7 13 128 130 111 19 17 3 2 0 1 84 130 90 43 8 3 0 3 7 5 8 15 20 4 1 11 10 4 0 0 4 3 2 11 50 14 0 0 6 12 2 0 12 11 0 1 14 25 0 0 1 1 3 6 11 3;
<CIRCLE 91 169 1.26134 0 2.69273e-05>; 0 51 121 19 0 0 4 0 18 21 121 69 1 0 5 8 95 37 38 14 0 7 7 25 8 14 18 17 14 30 17 7 1 107 107 19 0 0 0 0 119 109 88 25 0 0 0 31 65 59 121 107 0 0 0 34 1 35 121 76 7 2 0 0 1 52 38 10 1 0 3 4 16 121 107 13 0 1 8 3 3 38 121 121 3 1 11 6 3 11 121 38 1 3 24 22 1 2 1 2 0 13 42 28 2 5 3 1 0 24 51 18 13 7 5 3 1 8 40 22 4 11 9 1 0 3 39 31;
<CIRCLE 112 176 1.5 0 2.6803e-05>; 6 9 120 30 0 9 11 21 0 3 120 42 0 20 25 11 0 1 81 45 3 13 42 7 2 4 57 13 6 20 8 0 13 1 2 0 4 31 79 105 7 0 0 1 8 68 120 120 0 0 0 0 50 120 120 47 0 1 0 0 15 120 56 0 9 0 0 0 1 24 93 72 44 0 4 23 37 20 60 120 3 0 1 25 120 101 42 15 4 0 0 0 10 59 112 17 23 2 8 1 0 1 26 68 18 1 19 24 25 43 10 55 0 0 16 20 38 78 37 1 4 0 12 5 4 18 45 44;
<CIRCLE 72 169 2.52269 0 2.67295e-05>; 4 0 0 0 0 2 35 4 2 0 5 3 0 2 64 8 2 2 36 13 0 52 70 6 1 1 40 14 3 92 60 0 12 0 0 1 2 0 0 14 4 1 47 113 73 15 3 4 1 4 141 141 26 16 6 2 0 55 141 40 0 9 8 0 4 0 0 0 3 1 1 19 1 0 5 32 112 141 17 2 0 1 44 46 44 141 117 0 0 32 44 2 0 72 100 3 0 0 10 8 0 0 0 2 0 1 18 9 1 21 6 0 0 0 12 7 2 125 64 0 0 0 1 2 3 133 116 6;
<CIRCLE 145 271 1.26134 0 2.58963e-05>; 14 3 3 3 24 18 1 10 0 0 0 26 119 67 1 0 9 22 23 39 34 14 5 4 23 14 1 0 0 0 43 32 4 69 61 19 15 20 3 3 0 33 24 88 119 61 10 0 63 34 29 74 95 16 49 79 119 22 4 0 0 0 27 119 1 30 22 10 14 101 28 3 0 20 36 37 51 44 97 52 15 3 39 15 21 27 119 119 46 8 102 65 0 0 14 119 7 3 13 4 11 21 16 19 2 2 29 25 38 47 51 20 8 13 72 35 12 27 65 19 0 0 64 97 18 48 24 2;
<CIRCLE 137 241 3 0 2.55623e-05>; 16 0 0 0 0 0 2 8 96 2 0 0 0 1 46 123 15 0 0 0 9 27 101 106 0 0 0 0 46 97 59 1 28 4 0 0 1 0 1 2 123 67 12 1 0 0 1 17 50 21 79 49 25 3 5 9 0 0 76 90 84 7 0 0 8 2 0 0 2 1 3 2 72 88 82 13 2 2 4 6 8 24 123 123 2 6 62 25 0 0 123 123 6 48 84 2 1 0 0 0 0 0 4 3 13 6 8 3 3 5 10 23 18 11 81 52 6 4 72 69 0 3 111 61 15 46 74 5;
<CIRCLE 136 157 1.5 0 2.5302e-05>; 2 0 35 12 2 5 86 19 1 0 66 50 9 20 80 31 77 41 22 51 23 33 11 11 104 51 61 26 3 0 1 11 4 0 39 25 17 56 31 22 2 0 67 46 19 43 112 52 14 46 33 58 44 71 48 1 10 53 119 64 2 1 0 0 14 2 25 31 32 22 14 33 18 4 68 98 67 13 33 48 0 0 37 119 119 15 7 0 0 0 80 74 2 0 0 0 0 3 119 61 1 0 0 1 0 1 119 119 9 0 0 0 0 0 62 119 34 0 0 0 0 0 24 35 2 0 0 0;
<CIRCLE 326 127 1.78381 0 2.50947e-05>; 4 0 0 0 0 10 131 124 0 0 0 0 11 131 131 16 0 0 0 3 23 91 6 1 0 0 0 0 1 5 6 1 51 113 11 3 1 12 61 55 0 4 40 36 54 131 44 1 0 0 6 27 131 131 5 0 0 0 0 3 11 14 22 7 21 131 98 21 0 0 0 0 0 14 131 131 16 5 0 0 0 0 87 121 74 25 4 0 0 7 18 6 6 8 19 6 1 27 41 7 0 0 0 0 2 3 51 29 0 0 0 2 2 0 15 11 0 1 16 14 0 2 4 1 0 1 21 7;
<CIRCLE 258 117 1.5 0 2.48164e-05>; 1 1 4 14 5 5 15 1 10 3 1 2 0 1 20 18 2 0 0 0 0 4 59 26 2 0 0 0 0 0 74 34 12 24 67 47 3 1 1 0 135 83 17 2 0 0 42 92 20 21 71 23 0 1 144 137 0 0 98 58 0 5 144 50 5 42 38 7 1 2 4 2 74 144 93 3 0 0 4 23 17 83 144 82 0 0 21 30 0 1 144 98 0 0 19 18 0 3 1 0 0 18 58 8 3 11 8 0 0 0 39 53 1 6 25 2 0 0 23 67 3 1 4 0 0 0 18 36;
<CIRCLE 143 116 1.26134 0 2.40428e-05>; 38 7 0 0 38 4 1 2 33 4 0 0 146 61 0 4 66 5 0 0 46 21 0 18 48 16 0 0 0 0 0 2 39 2 0 1 25 11 43 20 42 2 0 0 129 101 68 24 30 3 0 0 47 63 146 53 23 9 0 0 0 1 146 42 2 0 0 0 0 6 146 69 4 0 0 0 10 62 146 85 25 3 0 0 5 40 146 84 5 1 2 0 1 11 146 36 0 0 0 0 3 8 81 21 1 0 0 0 16 42 37 17 26 7 13 6 19 40 16 11 8 11 29 10 10 4 3 2;
<CIRCLE 136 242 2.52269 0 2.38512e-05>; 20 2 0 0 0 0 1 3 131 12 0 0 0 0 20 76 38 2 0 0 10 5 57 64 0 0 0 2 49 26 20 3 17 4 0 2 2 0 2 2 131 77 11 1 0 0 0 1 73 30 96 39 12 0 0 0 0 0 111 86 43 1 0 0 4 1 0 1 2 1 4 3 71 80 75 12 6 5 4 5 10 31 131 121 3 4 44 23 0 0 131 126 2 21 126 10 1 1 0 0 0 0 3 3 9 4 5 3 8 10 9 17 25 14 50 28 3 4 79 116 0 1 108 55 5 22 131 27;
<CIRCLE 143 177 1.78381 0 2.38174e-05>; 0 0 26 23 8 7 28 0 4 0 17 16 1 7 18 6 99 1 1 5 5 9 7 124 17 0 0 20 71 56 30 50 0 0 0 0 1 52 132 0 8 0 0 0 0 129 132 53 119 0 0 0 8 30 45 132 10 0 0 0 30 113 98 55 0 0 8 7 0 30 132 2 2 0 21 23 0 85 132 40 34 15 85 18 2 17 58 132 2 4 76 18 4 25 45 15 0 1 31 31 4 2 9 0 0 0 34 53 19 7 6 0 13 18 64 28 16 7 0 1 9 12 60 7 0 0 0 1;
<CIRCLE 113 136 2.12132 0 2.34262e-05>; 3 0 0 0 0 0 3 12 15 0 0 0 0 0 14 85 4 0 0 0 0 0 116 123 0 0 0 0 0 0 123 83 1 0 0 0 0 0 68 88 35 16 10 1 0 0 32 123 52 34 8 7 0 0 25 123 1 1 52 50 0 0 38 23 7 0 2 39 44 5 55 110 41 62 73 48 22 4 20 46 109 110 25 26 26 0 0 22 2 3 58 123 89 6 1 0 13 1 9 95 58 1 0 11 79 22 17 26 17 4 5 27 123 5 0 7 51 1 0 32 1 0 1 28 123 13 6 0;
<CIRCLE 138 238 6 0 2.33789e-05>; 0 0 0 0 2 9 18 2 3 0 0 0 0 3 44 55 3 3 6 4 16 77 64 34 8 33 57 10 16 22 2 8 7 0 0 0 0 2 10 7 119 36 12 2 0 2 38 119 29 17 40 101 101 119 116 84 42 20 22 70 119 94 3 1 4 0 0 0 0 0 14 5 86 100 49 12 1 0 5 11 17 40 119 119 101 12 1 3 57 6 7 119 107 15 2 15 0 0 0 0 0 8 78 6 4 3 3 14 26 34 30 4 2 2 27 81 69 36 10 6 35 1 4 12 25 22 28 19;
<CIRCLE 143 176 2.12132 0 2.29258e-05>; 0 0 107 92 10 4 4 0 5 0 44 71 1 2 4 4 56 2 10 10 6 8 11 86 4 0 0 11 48 33 28 33 0 0 2 7 10 53 133 0 11 0 3 3 0 87 133 59 86 0 0 0 4 45 59 133 2 0 0 1 17 103 133 49 0 1 5 5 0 33 133 4 2 0 10 20 1 95 133 49 27 14 60 12 0 19 68 133 0 3 53 12 0 24 72 12 0 11 27 25 2 1 9 1 0 0 21 65 19 3 7 0 2 25 67 31 14 0 1 0 1 19 79 5 0 0 0 0;
<CIRCLE 135 139 4.24264 0 2.27382e-05>; 0 0 0 0 0 0 59 72 0 0 1 0 0 0 102 114 0 0 2 0 0 29 114 42 0 0 0 0 0 114 95 2 34 15 15 23 2 0 44 114 2 17 114 53 3 0 46 66 15 88 86 2 0 12 21 9 1 10 23 19 1 47 33 0 54 20 9 29 41 8 1 12 11 13 57 56 51 34 10 3 81 99 85 23 1 2 3 4 4 14 114 114 0 0 0 0 11 1 87 32 12 5 2 9 0 0 77 74 23 22 4 0 5 10 102 114 6 2 2 2 0 0 95 91 1 2 8 4;
<CIRCLE 149 172 1.5 0 2.2304e-05>; 3 2 12 26 3 0 0 0 45 3 7 7 4 1 6 81 6 0 0 51 43 15 31 62 3 1 2 30 18 11 6 11 18 2 5 10 5 6 6 20 122 2 0 3 28 27 5 122 13 0 0 48 122 92 42 49 3 0 1 15 5 5 82 100 37 0 0 0 0 48 62 92 122 0 0 2 44 34 11 122 3 0 0 2 73 117 112 50 0 0 0 0 0 12 122 67 14 0 10 4 0 33 121 81 44 5 45 10 16 27 24 116 0 0 46 13 14 26 75 27 0 0 39 15 1 5 60 15;
<CIRCLE 166 118 1.5 0 2.20668e-05>; 0 0 0 8 11 2 0 0 9 19 26 39 16 0 0 6 21 19 8 2 2 1 18 20 0 0 0 4 4 4 31 2 0 0 0 17 40 52 13 1 42 15 5 38 44 10 20 122 40 16 19 9 2 4 122 122 0 0 20 15 5 41 122 3 0 0 0 4 82 122 13 1 39 76 45 5 24 53 13 47 23 100 122 66 4 4 16 28 4 50 122 60 8 8 8 0 0 0 0 0 8 122 111 11 0 6 7 2 6 122 122 0 2 21 26 21 10 119 104 4 29 35 19 13 6 43 30 7;
<CIRCLE 111 176 1.26134 0 2.18914e-05>; 19 9 57 17 3 17 18 43 3 3 70 24 5 53 28 17 4 3 34 15 0 14 65 27 1 1 9 5 8 32 34 1 39 0 0 10 10 31 66 108 23 0 0 12 22 96 126 126 3 0 0 0 66 71 126 126 0 0 0 0 57 112 65 1 7 0 0 5 3 48 97 45 84 3 6 21 11 13 67 126 17 3 6 61 126 62 48 49 1 0 0 2 59 57 81 5 29 4 8 1 0 3 20 50 38 1 4 16 27 24 14 83 1 0 4 40 64 54 28 0 3 1 1 9 21 39 42 13;
<CIRCLE 143 114 1.78381 0 2.1818e-05>; 22 1 1 2 6 2 2 9 1 5 14 20 116 22 0 0 39 63 30 13 28 5 0 1 18 21 0 0 0 0 1 0 25 2 0 1 7 2 10 13 7 1 0 1 121 87 27 12 67 13 0 0 49 53 69 36 38 18 0 0 0 3 53 22 4 0 0 0 0 1 161 101 0 0 0 0 13 69 161 66 3 0 0 0 6 47 161 88 2 0 0 5 5 58 161 38 11 0 0 0 1 3 115 98 0 0 0 0 3 43 125 20 2 2 14 4 9 41 68 22 0 1 10 38 30 27 41 4;
<CIRCLE 104 152 2.52269 0 2.13874e-05>; 33 0 0 0 0 0 1 59 62 0 1 30 30 1 16 116 20 18 31 70 56 6 23 35 100 50 18 12 22 0 1 28 93 2 4 0 0 0 4 73 116 2 4 98 99 15 8 44 64 22 29 85 47 10 31 53 116 10 3 5 40 3 2 48 103 13 15 1 1 5 28 74 62 11 26 13 62 69 45 35 15 6 22 18 15 26 116 90 35 8 49 48 10 1 8 45 21 51 70 9 0 2 17 18 6 17 116 35 1 2 1 2 0 8 116 50 0 1 2 0 2 7 116 69 1 0 0 0;
<CIRCLE 167 118 1.5 0 2.09747e-05>; 0 0 1 17 15 2 0 0 16 27 30 30 10 0 1 12 14 11 2 2 3 3 26 15 1 0 0 3 3 4 29 3 1 0 0 27 52 36 10 6 58 22 9 27 26 6 29 124 23 9 23 13 2 9 124 107 0 0 16 15 12 53 117 2 2 4 1 2 74 124 11 5 48 108 76 7 11 32 12 55 12 72 124 91 5 3 17 15 5 57 124 50 17 9 5 0 0 0 0 0 8 124 110 6 1 12 12 3 5 124 124 2 3 19 28 28 14 111 83 4 42 43 16 8 4 26 25 9;
<CIRCLE 143 260 1.78381 0 2.08178e-05>; 11 1 2 2 11 15 16 35 19 6 18 7 0 2 98 133 0 0 63 34 2 9 133 61 0 0 67 38 10 59 118 0 31 28 7 2 2 3 2 14 34 42 133 108 21 11 5 34 0 1 133 133 10 9 4 4 6 12 133 66 2 0 0 3 6 4 2 1 2 8 5 10 4 3 14 32 89 85 3 9 1 2 32 37 75 83 9 3 18 5 15 2 0 3 16 46 6 4 6 3 3 3 0 2 4 10 31 19 86 23 0 2 23 10 12 50 133 24 14 23 58 9 7 3 1 0 30 120;
<CIRCLE 172 136 7.13524 0 2.05486e-05>; 5 0 0 0 0 18 106 23 1 0 0 0 0 34 61 3 0 0 0 0 0 10 33 3 0 0 0 0 0 0 37 10 2 34 28 5 0 40 123 51 0 4 19 37 20 123 117 0 1 3 50 32 11 47 92 27 0 3 62 24 0 1 77 21 0 75 123 78 8 2 2 1 0 8 123 123 15 21 13 6 3 7 123 120 8 7 33 38 17 16 79 14 0 0 19 46 0 0 51 71 4 5 64 12 1 0 40 37 0 0 113 67 3 0 8 5 0 3 118 101 1 0 0 0 0 14 53 39;
<CIRCLE 115 135 5.04538 0 1.98061e-05>; 0 0 0 0 0 1 8 1 0 0 0 0 0 0 15 16 0 0 0 0 0 1 52 79 0 0 0 0 4 21 119 68 1 0 0 0 0 0 14 35 22 5 1 1 0 0 54 119 14 7 50 30 0 0 119 119 2 34 78 7 0 13 109 88 53 0 0 3 3 5 12 104 85 30 7 25 17 7 25 107 44 22 71 100 76 24 9 26 56 91 113 28 8 10 6 5 45 22 60 5 3 15 13 42 30 6 119 35 9 15 19 29 12 1 119 64 41 24 3 7 10 10 82 116 13 11 5 3;
<CIRCLE 92 168 1.26134 0 1.95658e-05>; 0 25 126 24 1 3 27 0 23 18 110 70 1 2 26 5 61 24 30 11 2 19 19 25 2 16 25 11 12 24 15 5 12 75 126 38 0 0 0 0 126 72 77 35 0 0 0 56 65 70 126 62 2 4 2 25 0 22 126 81 18 8 2 0 7 77 63 8 0 0 1 0 44 126 126 45 0 0 1 5 2 21 126 126 2 1 7 5 2 12 126 43 0 3 11 9 1 7 7 3 0 4 27 23 3 20 22 5 0 15 27 11 8 8 15 16 2 2 36 31 3 7 8 2 0 7 43 31;
<CIRCLE 153 248 3.56762 0 1.94822e-05>; 93 17 9 6 3 4 31 74 0 0 21 49 70 65 36 8 0 0 6 49 125 75 5 0 28 6 2 9 51 15 1 4 59 78 125 46 1 1 8 6 0 1 125 125 21 34 38 3 0 0 96 125 70 43 6 0 30 12 14 46 18 3 1 15 15 13 54 27 3 1 26 48 3 4 125 108 24 67 86 18 0 2 39 53 83 113 13 0 63 6 0 3 15 12 7 22 4 4 14 27 53 6 1 2 8 5 74 61 60 10 13 47 5 5 26 23 24 33 41 31 34 8 0 1 8 22 46 10;
<CIRCLE 136 243 2.12132 0 1.9314e-05>; 40 5 0 0 0 0 1 2 136 27 0 0 0 0 1 24 56 5 0 1 10 2 9 15 0 0 0 4 45 4 1 0 28 8 0 4 3 0 1 1 136 101 18 1 0 0 0 0 58 41 136 47 3 0 0 0 0 0 136 105 19 0 0 0 7 2 0 1 1 1 4 5 51 86 86 13 6 5 2 3 4 27 136 113 3 3 29 17 0 0 136 122 3 13 111 13 1 0 0 0 0 0 3 3 7 1 5 4 10 14 10 15 22 9 24 12 2 5 75 129 1 1 61 31 2 10 136 52;
<CIRCLE 156 238 3.56762 0 1.89572e-05>; 9 0 0 0 2 28 75 95 0 0 3 6 26 124 82 4 0 2 43 13 57 100 9 0 42 38 39 1 4 6 2 5 56 14 20 18 12 15 43 61 0 0 26 72 124 90 26 1 0 0 5 49 124 68 2 0 73 14 2 6 21 7 1 8 25 42 124 81 3 3 17 8 0 0 124 124 31 46 30 1 0 0 56 124 60 28 3 1 62 20 8 18 5 0 1 25 9 7 53 37 5 4 33 35 1 2 88 74 31 73 48 4 2 1 10 23 57 61 7 1 79 7 0 0 3 3 4 27;
<CIRCLE 93 157 1.26134 0 1.89176e-05>; 37 2 2 2 1 0 0 50 19 4 14 40 16 2 5 28 113 3 2 34 19 0 0 83 116 0 0 25 60 0 0 76 14 4 52 28 7 4 19 25 25 8 104 83 2 1 41 31 133 12 17 19 0 0 6 133 67 1 5 19 59 26 6 49 0 0 15 17 9 28 133 7 7 2 24 23 1 8 133 93 102 22 68 12 0 3 39 133 14 26 120 9 2 7 3 5 0 15 124 40 2 2 28 0 41 24 82 54 0 2 17 12 37 19 30 13 4 31 25 20 4 24 28 11 9 14 8 3;
<CIRCLE 144 178 1.26134 0 1.82885e-05>; 0 0 1 1 0 30 72 3 10 0 0 0 5 21 26 24 123 0 0 1 8 6 4 123 25 0 0 7 82 79 14 56 0 0 0 0 12 123 98 0 21 0 0 0 3 80 123 70 123 0 0 8 25 8 30 123 11 0 0 24 82 34 44 37 0 0 16 7 4 38 116 11 3 0 38 22 0 25 123 67 38 12 119 22 4 12 39 117 1 3 90 27 7 27 44 11 0 0 55 31 1 2 10 2 0 0 67 56 12 14 6 0 18 16 99 27 9 8 0 10 11 9 47 9 0 1 1 4;
<CIRCLE 320 123 4.24264 0 1.76847e-05>; 7 0 9 68 67 8 15 15 8 15 19 32 52 9 31 34 7 4 1 0 0 7 35 30 0 0 0 0 0 6 13 1 6 0 19 85 23 22 26 21 73 23 14 24 13 26 130 130 11 6 3 8 59 130 130 75 0 0 0 0 13 54 26 0 22 5 0 0 0 8 35 18 130 130 93 15 4 11 37 105 14 51 130 130 130 106 37 21 0 0 0 12 35 59 24 0 1 0 0 0 0 1 25 7 4 29 26 1 0 0 26 37 2 8 40 17 1 7 36 51 0 0 0 2 6 49 17 2;
<CIRCLE 137 156 1.06066 0 1.76664e-05>; 1 1 98 17 0 0 41 12 0 0 92 108 19 20 20 6 60 56 27 56 23 13 2 5 108 83 52 8 0 0 0 10 0 0 81 21 4 20 60 41 0 0 56 48 12 57 108 23 18 47 21 24 20 71 54 4 13 76 104 22 1 3 0 0 30 2 6 3 11 19 38 102 5 0 6 84 108 31 75 41 0 0 33 108 86 36 10 0 0 2 68 41 2 2 0 0 17 7 58 46 2 0 3 16 2 2 80 108 108 0 0 1 0 0 23 106 102 0 0 0 0 0 54 34 0 0 0 0;
<CIRCLE 319 84 1.78381 0 1.72773e-05>; 28 0 0 0 5 3 4 53 27 0 0 14 49 34 23 46 17 4 5 33 52 45 8 7 20 2 1 0 2 2 7 10 84 15 1 0 0 2 18 132 40 25 20 18 38 121 132 107 6 0 3 30 119 132 53 9 9 0 0 1 13 10 4 10 74 69 59 23 4 0 1 33 33 119 132 130 30 16 27 20 11 10 94 132 101 28 5 0 2 1 1 5 11 3 1 0 1 1 17 85 36 1 1 3 10 7 90 60 3 0 0 2 71 8 24 20 0 0 0 18 5 0 0 0 0 3 6 4;
<CIRCLE 122 141 1.26134 0 1.69527e-05>; 15 34 9 0 0 0 0 7 3 4 20 57 1 1 0 0 0 0 125 93 2 1 1 0 0 0 125 37 0 0 0 0 108 70 15 7 7 0 0 14 3 2 15 125 122 20 0 0 0 0 125 125 58 26 47 8 0 0 125 32 0 0 73 17 115 4 0 3 18 1 0 45 2 0 0 30 125 47 2 0 0 2 42 52 76 49 71 11 1 6 63 24 4 0 72 18 71 5 0 5 13 0 0 10 0 0 0 50 125 2 0 0 4 5 24 59 105 12 23 4 14 15 21 8 13 6 26 10;
<CIRCLE 139 138 2.12132 0 1.68428e-05>; 1 0 20 1 0 0 61 80 0 1 28 5 7 8 9 18 0 4 9 0 4 24 20 2 0 0 1 1 2 32 43 0 0 0 157 54 0 0 2 1 6 83 157 32 1 1 1 0 41 157 98 2 0 0 1 0 2 10 35 8 0 2 3 0 0 0 121 44 4 5 18 4 73 60 110 31 16 6 8 9 157 136 17 6 1 0 0 9 17 13 42 29 1 0 0 0 0 0 13 19 5 9 86 11 59 7 11 19 6 14 73 33 157 35 22 21 1 1 3 28 10 4 76 89 2 0 0 0;
<CIRCLE 315 123 1.5 0 1.56035e-05>; 0 0 0 5 21 29 32 16 0 0 0 0 0 1 41 79 5 0 0 0 0 0 97 78 10 0 0 0 0 14 83 42 8 1 0 0 0 27 24 15 62 9 0 0 0 5 45 138 22 9 0 0 0 4 138 138 0 0 0 0 2 112 138 27 20 2 0 0 0 4 5 15 135 138 0 0 0 0 3 57 82 138 4 1 5 3 23 41 3 18 25 15 14 37 20 1 7 4 0 0 0 1 1 3 17 63 4 0 0 0 0 3 36 138 38 4 0 0 0 0 1 42 138 81 2 0 0 0;
<CIRCLE 118 158 1.26134 0 1.53528e-05>; 104 2 0 0 0 0 31 88 49 10 19 12 6 0 0 13 0 2 10 12 82 60 4 0 1 1 4 18 28 45 26 20 6 6 28 41 6 0 46 46 12 20 114 114 20 0 1 11 38 42 101 44 39 9 0 8 12 3 8 111 67 6 1 17 1 24 49 51 32 2 2 1 31 10 24 97 86 5 13 87 75 17 10 81 59 1 2 88 28 8 9 71 54 3 4 105 1 12 60 90 11 2 2 1 24 56 114 44 11 1 5 35 8 16 114 114 25 0 1 20 15 35 114 41 7 0 0 16;
<CIRCLE 153 119 1.78381 0 1.48711e-05>; 37 8 0 0 31 32 34 19 38 18 0 0 0 2 42 21 2 5 0 0 2 5 16 2 0 1 5 18 17 1 0 0 2 0 0 0 5 37 146 63 4 0 0 5 5 59 146 49 0 0 0 5 32 146 130 1 6 2 1 14 57 60 9 18 2 2 12 3 8 39 71 22 1 2 15 53 40 38 69 7 0 0 0 53 96 133 53 2 4 5 2 0 50 146 48 4 0 0 1 0 6 40 30 2 1 0 1 2 11 52 70 5 0 0 0 2 9 47 146 15 0 0 0 0 0 126 146 4;
<CIRCLE 183 129 2.52269 0 1.48079e-05>; 6 12 64 24 9 19 33 15 0 2 13 32 21 15 17 2 1 4 14 17 1 3 28 5 0 6 13 0 0 0 34 7 14 16 46 11 4 118 72 18 47 25 8 9 3 10 106 94 7 19 8 2 0 5 130 59 0 0 16 9 0 0 130 51 2 0 7 14 36 130 35 4 32 88 26 11 39 70 15 23 7 130 130 8 1 0 38 14 0 9 130 89 0 0 25 5 0 0 75 85 19 14 0 0 0 5 45 89 76 16 0 0 0 43 118 26 13 1 0 0 0 13 124 37 0 0 0 0;
<CIRCLE 102 154 1.5 0 1.47345e-05>; 83 15 5 7 3 0 1 47 113 9 0 64 67 0 0 46 1 1 34 120 74 1 0 0 20 21 58 15 0 1 3 5 120 2 4 16 8 0 0 98 83 0 0 68 120 21 8 56 1 0 2 61 120 31 109 14 31 3 2 1 0 0 82 92 120 11 20 4 3 0 8 120 27 6 35 13 74 57 44 19 0 1 14 18 19 36 120 18 0 19 21 8 1 1 116 65 28 18 43 5 1 8 15 29 3 35 89 5 2 3 3 0 0 11 54 40 6 1 3 0 1 27 31 19 3 1 1 0;
<CIRCLE 154 253 2.52269 0 1.46647e-05>; 1 2 125 83 4 1 4 0 0 0 125 123 12 5 13 0 0 0 119 118 35 6 3 0 0 0 26 46 15 2 2 1 2 1 69 47 2 8 125 62 0 0 76 49 10 96 125 6 0 0 35 24 29 125 49 2 1 0 6 6 5 11 14 6 10 10 125 93 17 8 29 35 5 14 125 92 12 23 27 6 4 18 57 45 79 45 5 2 2 1 2 11 26 11 8 1 2 1 17 30 84 34 1 2 24 7 22 10 15 8 20 70 6 6 5 11 18 41 40 29 6 3 0 2 8 24 35 27;
<CIRCLE 182 128 1.78381 0 1.38576e-05>; 4 30 81 40 19 11 6 0 1 6 14 34 24 7 19 6 1 3 9 24 7 11 37 4 7 7 5 2 0 1 34 12 50 28 15 4 2 45 49 30 55 14 1 2 2 4 118 110 8 11 1 0 1 14 139 58 1 0 2 0 0 1 139 55 13 2 0 0 10 139 50 13 62 127 12 0 3 29 14 39 14 139 61 0 0 0 59 24 0 30 87 15 0 0 57 10 0 0 15 24 40 118 0 0 0 28 15 28 68 66 0 0 0 112 113 12 6 2 0 0 0 54 139 12 0 0 0 0;
<CIRCLE 87 179 1.5 0 1.37736e-05>; 3 3 4 6 0 38 45 1 1 23 23 7 0 3 37 16 2 56 59 6 0 6 27 11 4 11 62 35 2 1 17 21 0 0 0 0 0 142 142 0 0 0 0 0 0 142 142 42 1 0 0 0 0 44 142 79 7 2 0 0 0 30 142 19 0 0 9 8 5 92 39 0 3 0 1 2 19 142 76 37 26 0 0 0 0 36 142 125 1 0 0 0 5 50 142 4 0 1 17 13 1 0 0 0 1 5 12 8 7 27 16 5 5 15 19 1 0 12 53 28 0 1 22 5 4 29 36 1;
<CIRCLE 183 130 3.56762 0 1.29129e-05>; 11 4 9 3 3 18 17 26 0 0 8 12 14 17 23 4 0 1 9 6 2 2 26 5 0 1 4 0 0 0 30 12 4 4 16 5 5 125 85 6 17 10 16 10 9 46 75 73 9 16 18 6 1 2 125 66 0 0 32 29 0 0 125 46 0 0 42 71 32 106 28 0 12 26 44 78 66 66 19 18 8 67 125 40 3 0 22 13 1 5 125 107 0 0 12 2 0 0 125 125 1 0 0 0 0 0 125 125 12 0 0 0 0 6 125 50 1 0 5 7 28 16 75 13 0 0 3 33;
<CIRCLE 320 129 1.5 0 1.29014e-05>; 76 40 0 0 0 0 21 126 25 32 0 0 2 9 120 107 0 1 0 0 9 126 90 5 0 0 0 0 53 126 7 0 66 126 1 0 0 0 0 6 54 126 23 6 6 1 1 3 3 25 113 65 16 18 4 0 0 1 72 77 111 83 1 0 11 39 3 0 0 0 3 3 21 126 81 14 0 0 0 0 0 24 126 126 0 0 0 0 0 0 113 70 7 1 1 0 1 1 2 7 1 1 4 2 1 13 20 4 0 0 0 0 0 5 22 12 0 0 0 0 4 2 2 2 0 1 5 6;
<CIRCLE 152 272 2.12132 0 1.28362e-05>; 0 1 28 47 120 63 1 1 20 8 51 24 29 19 11 56 20 18 17 8 7 26 52 71 1 1 1 11 21 36 32 18 2 1 15 53 120 42 20 9 117 12 23 22 52 16 44 120 26 5 82 68 38 56 108 120 19 20 12 47 57 55 22 18 0 0 2 8 22 89 88 10 26 8 72 83 38 93 73 68 34 29 120 120 22 30 21 23 42 25 26 37 18 15 8 16 1 0 0 0 0 20 56 8 0 0 0 6 22 105 46 0 15 1 2 4 9 46 26 15 16 0 0 0 0 5 8 15;
<CIRCLE 124 162 1.06066 0 1.27792e-05>; 43 31 44 16 8 0 0 15 7 3 3 97 73 0 1 11 50 5 6 38 9 0 4 90 13 0 0 17 31 32 16 36 42 3 1 42 32 0 2 70 23 7 8 80 68 4 2 67 36 12 25 29 7 0 3 132 6 3 23 67 25 2 2 12 6 13 120 127 15 0 1 12 14 34 132 93 14 1 0 10 9 49 132 45 0 0 0 9 0 11 132 69 0 0 0 0 1 11 132 58 0 0 0 0 1 3 125 57 0 0 3 9 1 14 132 6 0 1 25 27 0 2 88 12 1 4 24 8;
<CIRCLE 136 231 3.56762 0 1.27534e-05>; 0 0 0 0 0 0 3 3 9 2 0 0 1 2 9 16 18 1 0 1 11 30 29 49 2 3 11 15 24 56 20 1 7 0 0 0 0 0 5 11 82 1 0 0 0 2 48 128 24 0 0 0 8 60 128 128 0 0 1 3 65 128 94 2 15 1 0 0 0 0 3 4 128 71 13 0 0 0 3 42 83 42 106 73 20 13 21 37 0 0 76 128 123 33 3 0 2 0 0 0 0 2 3 1 47 65 46 3 0 1 3 8 11 32 128 88 2 10 45 26 0 0 99 121 18 68 42 1;
<CIRCLE 86 179 1.5 0 1.23946e-05>; 3 2 3 3 0 61 50 1 1 17 17 10 1 6 42 11 2 49 48 1 0 5 29 14 3 21 64 32 1 2 14 15 0 0 0 0 0 143 143 0 0 0 0 0 0 143 143 20 1 0 0 0 0 53 143 93 5 1 0 0 0 37 143 19 0 0 10 10 2 61 33 0 0 0 3 4 21 143 63 12 24 0 0 0 2 70 135 134 5 0 0 0 3 43 143 15 0 0 19 13 0 0 0 0 0 3 13 10 7 20 8 1 4 15 16 2 1 15 48 27 1 3 22 4 3 23 38 4;
<CIRCLE 149 233 8.48528 0 1.22865e-05>; 0 0 0 8 18 25 45 5 2 0 0 0 4 22 102 24 44 16 8 2 2 9 38 59 32 23 3 3 8 3 8 17 23 1 0 0 3 13 20 40 57 14 6 17 37 76 123 123 32 55 31 55 123 109 38 7 78 84 11 8 7 0 0 0 38 16 0 0 0 2 34 17 81 91 83 123 60 16 15 36 78 14 21 123 123 25 6 19 123 22 2 6 4 0 5 31 1 1 0 0 5 17 69 10 1 4 10 43 108 34 10 0 51 0 1 32 65 15 7 29 103 0 0 0 0 0 7 39;
<CIRCLE 157 239 3 0 1.22566e-05>; 4 0 0 0 9 55 86 52 0 0 0 1 55 126 81 0 0 0 9 4 99 108 10 0 28 8 12 1 6 12 8 5 7 2 27 29 40 10 11 7 0 0 33 67 126 28 2 0 0 0 8 47 126 30 0 0 34 9 5 9 21 5 0 3 2 5 126 126 5 7 36 5 0 0 126 126 21 41 42 0 0 0 76 126 40 18 7 0 24 12 16 21 4 0 3 19 4 3 70 44 3 12 99 41 0 2 74 51 32 109 85 1 0 0 8 16 43 65 13 0 49 4 0 2 1 2 4 22;
<CIRCLE 142 175 2.52269 0 1.19334e-05>; 1 2 128 100 8 1 2 1 1 0 85 128 18 1 0 0 25 2 33 45 4 3 8 40 2 0 5 14 27 22 19 24 3 1 27 24 22 35 125 11 5 0 19 18 3 61 128 23 81 0 2 3 8 45 53 128 5 0 0 5 29 78 128 65 2 4 5 3 0 21 128 37 1 0 9 18 1 95 128 29 28 11 49 13 1 32 90 128 1 3 44 12 2 30 90 18 3 37 31 12 0 0 8 5 0 0 26 59 15 3 10 0 2 19 60 39 16 1 2 1 1 18 82 7 0 0 2 1;
<CIRCLE 95 161 6 0 1.1861e-05>; 0 0 0 0 0 6 40 2 13 0 0 0 0 4 17 53 39 7 1 1 1 0 25 119 27 14 46 42 13 2 38 99 0 0 9 27 8 45 119 1 42 19 50 21 5 48 57 76 59 20 90 17 3 10 16 74 23 9 100 77 50 18 2 8 0 0 23 72 85 85 21 3 7 57 119 51 24 81 100 12 6 32 119 36 1 15 91 31 0 0 119 73 5 26 84 10 0 0 49 31 13 46 8 0 0 0 32 26 6 68 105 4 0 0 20 29 4 16 92 21 0 6 19 15 2 18 62 10;
<CIRCLE 143 113 3.56762 0 1.18231e-05>; 0 0 0 0 16 50 20 3 34 5 1 1 9 28 64 41 18 7 4 1 1 4 7 15 0 0 0 0 0 1 13 1 7 0 0 0 0 5 18 30 7 2 3 7 41 39 87 29 20 23 9 7 15 24 95 27 5 2 1 4 6 19 21 7 1 0 0 0 0 0 84 145 0 0 0 0 3 36 145 142 2 0 0 0 6 124 145 24 5 1 0 1 18 145 75 10 0 1 59 15 0 0 106 140 0 26 78 4 0 17 56 53 0 12 10 1 2 74 63 0 0 0 6 7 5 137 103 0;
<CIRCLE 89 179 1.06066 0 1.17664e-05>; 0 1 0 3 0 13 65 25 2 2 1 1 0 14 51 39 5 6 3 0 1 28 38 13 13 7 3 1 1 1 28 26 0 0 0 0 4 142 115 12 6 0 0 0 0 52 127 142 3 0 0 0 0 81 142 33 5 5 2 0 0 36 142 4 0 0 0 0 28 142 32 9 57 0 0 0 4 79 81 142 34 5 1 1 0 34 142 53 0 0 0 2 5 48 142 0 0 1 6 4 18 56 9 0 15 0 0 0 3 44 73 32 15 6 2 2 0 10 54 16 0 0 1 3 6 22 24 0;
<CIRCLE 94 159 7.13524 0 1.16675e-05>; 0 0 0 0 0 2 33 3 3 0 0 0 0 2 22 39 20 1 1 1 0 0 36 119 12 19 34 16 1 0 87 119 0 0 0 9 8 31 119 9 24 13 26 21 8 42 83 82 64 21 76 18 4 0 4 119 16 30 103 109 41 0 0 13 0 0 5 36 77 51 37 10 6 38 105 72 61 100 70 10 8 39 119 37 2 16 80 20 0 0 119 106 8 20 84 5 0 0 70 37 14 21 1 0 0 0 33 33 15 69 59 2 0 0 7 30 6 20 74 9 0 4 7 10 3 13 60 7;
<CIRCLE 104 138 1.78381 0 1.16467e-05>; 0 0 0 1 1 1 4 1 4 1 0 0 0 0 11 15 8 0 0 0 0 0 18 65 31 0 0 0 0 0 10 124 5 0 0 0 0 0 7 35 14 0 0 2 1 1 92 124 3 3 21 28 6 3 124 124 34 53 67 6 0 0 10 124 60 1 0 0 0 0 1 124 51 1 0 39 48 3 19 124 1 1 38 124 92 20 37 20 67 55 88 19 4 4 17 49 124 7 0 1 1 0 1 61 72 3 4 109 72 0 0 24 3 11 50 94 49 10 8 1 99 28 14 0 0 2 11 35;
<CIRCLE 135 230 2.52269 0 1.16215e-05>; 2 0 0 0 0 1 3 5 2 1 2 11 4 5 13 8 64 6 3 4 2 10 26 69 12 0 4 13 34 90 40 23 10 1 0 0 0 1 5 8 83 2 0 1 2 6 70 136 37 0 0 0 2 7 136 136 4 0 0 0 20 116 125 40 15 2 0 1 1 0 2 2 136 36 0 0 0 0 4 42 130 14 3 3 14 3 26 43 0 0 3 13 75 11 6 1 3 1 0 3 2 0 1 2 136 78 19 2 1 0 0 1 77 54 136 59 3 0 0 0 0 0 136 122 16 2 3 0;
<CIRCLE 149 173 1.5 0 1.1597e-05>; 5 3 8 21 3 0 0 0 67 3 3 5 7 2 6 89 7 0 0 63 63 13 20 55 4 1 2 33 14 6 6 21 21 1 3 5 4 10 12 33 119 1 0 2 29 35 5 119 10 0 0 25 119 119 61 48 1 0 0 6 3 7 114 105 37 0 0 0 0 56 83 102 119 0 0 3 45 31 15 119 2 0 0 3 60 83 111 47 0 0 0 0 0 11 119 49 8 1 22 12 0 21 108 61 26 10 78 15 7 21 20 80 0 0 73 19 5 18 53 18 0 1 56 21 1 3 37 10;
<CIRCLE 119 164 1.5 0 1.11902e-05>; 1 13 31 51 12 0 15 17 21 25 78 85 21 1 2 21 23 22 22 74 52 2 0 16 27 2 2 39 21 4 6 62 0 16 57 72 20 2 1 1 25 37 91 62 29 2 7 71 22 20 109 130 42 1 0 36 22 29 139 42 6 0 0 48 0 10 139 139 0 0 0 0 3 40 139 81 3 1 0 1 5 12 139 132 0 0 0 7 7 20 139 19 0 1 14 19 0 0 44 18 0 10 51 17 0 1 24 10 7 43 31 0 17 18 16 3 3 14 3 9 19 27 9 8 1 2 17 25;
<CIRCLE 123 162 3 0 1.11484e-05>; 83 8 6 23 13 5 15 48 61 2 6 15 108 21 2 15 0 0 0 11 55 35 51 1 38 15 10 10 9 8 29 10 13 2 69 29 2 8 33 46 9 4 127 65 23 6 1 8 1 4 98 41 22 26 18 1 1 6 52 121 46 19 7 0 0 0 129 61 0 4 17 2 2 6 129 70 1 12 10 2 4 12 129 63 4 7 13 6 1 0 89 125 7 11 19 2 0 0 18 5 3 36 101 39 2 1 12 5 3 85 99 25 4 3 4 3 2 15 129 67 0 0 1 4 2 46 129 9;
<CIRCLE 166 120 2.12132 0 1.09542e-05>; 1 1 0 3 6 8 13 1 5 7 13 21 13 1 1 12 9 7 4 0 1 4 33 28 0 0 0 0 1 13 27 2 0 0 0 3 48 127 55 0 36 19 8 9 38 57 7 73 32 26 77 17 1 13 71 95 0 2 34 33 28 44 38 0 0 0 0 5 58 127 96 1 9 19 13 0 14 127 127 3 8 33 124 26 5 115 75 3 21 27 58 25 8 12 24 28 0 0 4 2 0 24 107 4 0 0 3 6 4 127 127 0 0 0 0 1 14 127 113 1 24 6 0 0 4 101 48 31;
<CIRCLE 105 139 2.12132 0 1.09136e-05>; 0 0 0 0 0 1 3 2 1 0 0 0 0 0 17 27 15 0 0 0 0 0 17 119 25 0 0 0 0 0 34 119 9 0 0 0 0 0 4 65 8 0 0 6 8 2 96 119 17 23 37 31 12 3 83 119 66 97 30 4 1 0 1 84 93 0 0 0 0 0 0 119 54 1 2 69 70 3 13 119 21 18 38 89 76 10 13 20 119 52 19 5 10 0 2 47 118 1 1 2 5 0 1 50 46 1 6 119 94 8 5 13 50 22 28 57 20 4 14 33 119 9 1 2 12 0 1 36;
<CIRCLE 145 261 3 0 1.07884e-05>; 20 33 39 7 3 3 6 9 7 15 120 73 2 7 88 56 0 0 116 91 10 83 120 8 0 0 47 50 21 91 27 0 14 8 3 1 1 5 8 16 28 24 120 99 31 9 44 64 4 13 120 120 27 36 59 14 2 10 54 47 72 55 12 4 2 2 2 2 3 7 7 3 2 3 19 54 120 38 4 5 37 9 41 27 73 18 32 120 8 8 15 21 25 53 56 47 0 0 0 1 6 35 18 0 0 0 1 15 45 67 44 7 27 6 47 34 35 58 41 55 16 12 63 52 18 14 8 16;
<CIRCLE 115 165 1.06066 0 1.06432e-05>; 1 30 31 2 5 8 5 4 1 10 28 62 50 1 3 1 24 3 3 38 53 4 14 92 37 3 1 40 31 0 1 60 0 54 60 24 3 6 3 1 3 12 92 139 20 1 3 2 36 80 139 27 7 1 5 40 6 13 134 139 19 0 1 14 0 27 139 74 0 0 0 0 1 7 139 139 0 0 0 0 0 43 139 50 5 1 0 0 1 15 139 90 0 0 0 0 2 1 80 26 0 4 7 6 4 5 40 21 1 6 22 4 1 1 16 11 13 17 11 1 8 6 14 3 2 9 3 1;
<CIRCLE 137 151 1.06066 0 1.00464e-05>; 12 4 11 6 9 13 43 44 14 2 2 0 10 38 33 51 112 0 0 0 14 31 4 21 122 1 0 0 0 0 0 20 1 0 19 3 0 7 122 58 0 0 22 44 31 81 85 42 110 16 5 26 38 66 4 26 122 23 7 1 0 0 2 34 1 2 122 33 2 3 22 7 0 0 122 122 13 21 42 3 56 92 45 66 14 16 19 3 83 122 115 18 0 0 0 4 3 0 20 7 4 23 63 64 0 0 10 21 29 54 122 34 5 14 9 35 37 72 40 2 3 26 56 20 2 4 0 0;
<CIRCLE 106 152 3 0 1.00157e-05>; 25 0 0 0 0 0 1 60 27 0 2 24 24 3 40 126 65 58 20 26 20 2 17 55 41 33 24 63 50 0 1 14 97 3 0 0 1 0 2 80 75 3 6 99 78 21 13 49 126 18 12 46 25 5 15 64 70 3 3 16 126 19 3 14 90 16 10 0 1 7 25 63 40 9 40 15 35 65 48 29 33 4 62 31 4 12 53 84 13 3 75 48 31 9 1 7 9 65 126 9 0 1 6 9 3 8 126 40 0 1 2 2 0 0 126 67 0 2 8 1 1 4 126 50 0 3 2 0;
<CIRCLE 118 163 1.78381 0 9.80128e-06>; 15 8 12 10 0 0 71 93 30 11 69 63 8 0 5 30 5 15 47 58 55 20 2 2 8 0 4 41 22 16 15 22 1 28 69 44 3 0 3 2 15 20 78 110 28 1 2 22 24 27 84 95 28 0 1 27 23 18 113 38 12 4 3 45 0 16 150 83 0 0 0 0 2 23 150 121 1 1 0 2 6 19 150 126 1 0 0 4 6 25 150 30 1 1 4 9 0 0 79 23 0 16 68 17 0 0 51 25 2 56 62 5 17 12 36 9 1 35 10 7 23 18 10 6 5 3 20 27;
<CIRCLE 92 158 1.78381 0 9.6556e-06>; 8 0 0 0 10 13 3 13 28 4 10 8 2 1 4 61 113 6 5 10 5 1 3 64 77 1 0 45 97 8 2 39 6 1 2 1 14 82 60 8 25 10 48 26 0 17 85 31 121 15 22 10 2 0 18 121 47 7 17 8 70 51 28 30 0 9 110 24 2 63 98 0 9 15 75 20 4 27 121 23 63 35 35 4 2 5 34 64 6 34 86 9 3 6 3 1 0 66 121 13 0 0 0 0 42 107 121 14 0 0 0 0 34 49 121 36 2 3 1 1 0 8 121 44 2 1 0 0;
<CIRCLE 123 155 7.13524 0 9.64119e-06>; 1 0 0 0 0 0 12 40 11 1 4 3 0 0 55 116 3 23 28 5 0 10 116 113 0 9 9 10 5 107 114 3 26 6 8 2 0 7 18 99 48 10 41 36 15 0 5 88 3 81 116 85 24 1 5 12 0 38 116 116 7 17 7 1 11 40 102 20 7 19 34 17 5 10 116 66 6 12 36 8 0 2 107 116 12 11 72 8 0 1 73 70 1 2 103 40 0 2 12 13 5 30 61 6 0 1 9 18 5 20 61 7 0 3 7 8 3 11 82 10 6 4 3 2 1 2 48 27;
<CIRCLE 154 119 1.78381 0 9.54758e-06>; 46 10 0 0 16 19 36 22 26 16 0 0 0 3 40 15 1 3 0 1 4 5 10 1 1 3 8 23 17 0 0 2 3 0 0 0 3 22 144 70 2 0 0 7 9 94 144 32 0 0 0 5 40 144 86 0 14 6 2 17 53 41 7 37 2 3 16 6 8 29 68 21 0 1 10 66 57 54 61 4 0 0 0 36 95 144 58 3 7 13 6 0 39 144 46 6 0 0 1 1 6 40 37 3 0 0 1 3 13 59 80 5 0 0 0 1 6 46 144 17 0 0 0 0 1 144 144 2;
<CIRCLE 307 104 1.5 0 9.44796e-06>; 59 24 7 3 0 2 18 41 5 5 9 83 75 30 34 9 3 4 9 111 81 6 0 1 7 3 1 12 5 5 7 9 43 58 13 5 3 5 4 28 3 10 16 112 112 39 12 7 31 16 22 96 63 17 47 47 39 6 1 0 0 11 37 107 25 1 39 24 4 14 46 84 3 0 58 54 71 112 49 12 6 7 71 19 15 47 112 66 9 6 78 42 1 4 32 102 7 5 112 77 0 1 16 16 9 5 100 73 37 13 4 17 0 9 112 55 25 4 3 2 9 7 112 47 0 0 5 20;
<CIRCLE 144 224 3.56762 0 9.43831e-06>; 2 0 0 0 0 0 10 6 9 0 0 0 3 10 12 14 9 4 2 5 18 30 5 3 15 15 22 2 0 0 0 2 4 1 0 0 1 2 14 24 24 2 0 0 4 24 66 113 1 1 5 14 34 118 81 15 0 7 70 22 26 73 11 0 100 4 0 0 0 0 13 74 74 6 1 3 6 20 109 118 0 0 1 17 84 118 93 11 0 0 1 10 118 118 10 0 105 42 6 0 0 0 0 3 86 65 118 52 5 2 3 8 0 0 118 118 49 12 6 0 0 0 38 118 99 9 0 0;
<CIRCLE 318 84 1.78381 0 9.30943e-06>; 19 0 0 0 7 4 2 38 38 0 0 7 31 22 21 65 10 3 4 36 68 54 10 5 25 3 2 3 2 4 6 12 69 9 0 0 1 4 7 124 62 31 17 10 18 69 133 133 4 1 7 36 124 133 89 7 11 0 0 2 20 23 6 12 67 41 31 19 4 0 1 35 50 133 133 85 14 9 23 26 10 14 133 133 103 32 10 1 4 2 3 12 19 4 0 0 2 0 8 76 39 3 3 6 3 6 86 68 8 0 0 0 67 9 37 30 0 0 0 16 13 1 0 0 0 3 4 6;
<CIRCLE 157 274 1.5 0 9.19608e-06>; 67 16 4 1 0 0 33 104 5 0 2 7 8 29 117 97 1 1 1 22 56 93 49 4 23 16 3 3 7 6 8 46 77 9 78 45 0 0 26 117 9 15 117 117 13 7 32 45 10 21 64 117 101 28 5 2 32 60 14 10 17 6 1 14 3 2 93 117 23 61 37 7 35 32 117 108 2 17 65 14 117 42 25 8 31 42 8 16 38 23 6 0 22 31 7 22 0 0 0 3 12 96 49 1 10 0 0 1 2 33 73 9 56 1 0 0 8 13 8 10 2 2 0 0 6 13 11 12;
<CIRCLE 327 127 1.78381 0 9.10597e-06>; 3 0 0 0 0 25 136 105 0 0 0 1 19 136 99 8 0 0 0 3 19 62 6 1 0 0 0 0 1 4 7 2 32 88 19 7 2 28 73 40 0 0 39 45 96 136 32 0 0 0 3 21 136 136 8 1 0 0 0 2 4 9 26 9 15 136 136 43 0 0 0 0 0 2 136 136 33 8 0 0 0 2 66 102 73 29 8 2 0 7 18 3 3 7 22 6 1 24 55 13 0 0 0 0 3 2 45 29 0 0 2 4 2 0 12 10 0 1 22 16 0 3 4 1 0 2 21 5;
<CIRCLE 142 260 1.5 0 8.85518e-06>; 22 3 0 0 9 13 14 39 43 13 24 6 0 1 69 137 1 0 93 46 0 0 100 80 0 0 113 64 4 15 64 4 34 32 8 3 2 2 2 8 43 58 137 106 24 13 2 17 1 1 137 137 19 15 3 1 3 2 137 88 0 0 2 2 8 4 1 1 2 8 7 11 11 3 10 24 73 84 8 15 0 0 21 34 94 137 12 0 8 2 14 4 4 16 19 12 12 2 4 3 2 1 0 6 13 15 18 5 55 30 0 7 1 5 10 50 137 45 0 0 47 28 14 20 12 4 13 37;
<CIRCLE 174 137 3 0 8.59021e-06>; 2 2 1 0 9 115 82 2 6 10 41 9 3 115 62 8 18 8 14 11 5 13 52 50 4 5 3 2 0 1 115 32 0 0 22 24 5 50 49 0 0 0 15 31 36 115 49 2 23 40 19 18 45 72 24 27 8 73 102 10 2 0 36 15 0 0 98 98 0 0 0 0 0 0 115 115 14 7 0 0 0 3 89 115 53 9 0 0 0 22 115 39 6 0 0 0 0 0 115 109 0 0 0 0 0 0 115 81 0 0 0 0 0 0 94 61 0 0 3 2 0 0 49 22 0 0 14 12;
<CIRCLE 103 137 1.78381 0 8.31248e-06>; 0 0 0 1 1 1 3 0 3 1 0 0 0 0 6 7 8 0 0 0 0 0 11 35 28 0 0 0 0 0 9 129 2 0 0 0 0 1 7 10 11 0 0 0 0 0 59 129 2 1 5 8 3 3 129 129 28 25 41 4 0 0 25 129 34 1 0 0 0 0 1 104 58 0 0 15 20 1 23 129 3 1 25 129 87 15 72 68 36 53 128 43 8 6 19 38 104 5 0 0 0 0 3 83 118 5 2 65 49 0 0 63 0 4 33 121 88 12 6 2 62 24 21 5 4 7 21 35;
<CIRCLE 129 156 1.06066 0 8.16721e-06>; 3 2 7 8 5 21 59 48 1 1 50 32 2 4 94 21 4 3 108 18 2 0 74 20 1 0 108 51 2 4 42 16 6 2 12 94 36 13 3 7 10 1 37 63 22 36 47 38 0 1 105 39 25 106 49 19 0 0 93 34 6 16 108 60 42 7 8 96 43 0 3 85 68 2 2 30 34 29 27 108 20 1 0 23 74 94 36 65 32 3 12 17 29 11 72 108 33 13 18 19 13 1 4 108 16 4 32 89 23 1 1 45 15 11 40 56 21 5 9 26 16 7 108 80 17 0 1 11;
<CIRCLE 123 177 1.06066 0 7.98804e-06>; 0 0 0 0 15 77 17 0 8 27 13 1 9 27 7 5 29 65 21 2 0 0 18 41 3 10 23 27 4 5 62 13 0 0 0 0 14 100 111 3 10 2 0 0 2 128 128 51 74 2 0 0 0 10 98 128 11 1 0 0 0 19 128 70 9 2 1 1 2 19 114 23 10 0 0 0 0 128 128 38 110 29 0 0 0 40 68 118 40 32 9 5 4 10 46 31 16 4 2 4 4 11 39 56 11 0 3 1 0 35 75 56 15 5 13 4 0 36 104 57 13 11 19 1 0 0 56 63;
<CIRCLE 144 223 3 0 7.51341e-06>; 4 0 0 0 0 0 1 7 13 1 0 0 3 8 7 16 6 3 2 12 21 43 6 3 22 17 18 4 2 4 1 0 5 2 2 4 3 4 17 19 50 5 2 2 8 29 51 107 2 0 6 29 42 126 82 16 1 7 62 29 16 79 31 0 92 2 0 0 0 2 42 118 38 0 0 0 6 23 126 126 0 0 0 0 55 126 126 17 0 0 0 1 126 126 43 0 126 37 2 0 0 0 0 14 93 27 48 25 16 3 8 18 0 0 69 81 91 11 1 0 0 0 31 72 126 14 0 0;
<CIRCLE 128 123 1.78381 0 7.3358e-06>; 0 0 0 0 0 1 10 2 3 0 0 0 0 2 12 17 10 0 0 0 0 0 48 79 5 0 0 0 1 2 120 56 0 0 0 0 0 0 34 13 32 0 0 0 0 1 57 85 101 0 0 0 0 0 64 152 7 0 0 0 0 3 152 119 0 0 0 0 0 0 152 127 4 0 0 0 0 0 152 152 30 0 0 0 0 0 91 152 4 0 0 1 8 6 19 43 3 0 2 3 0 3 89 69 1 1 26 6 0 1 71 31 0 2 51 5 0 0 22 15 0 2 47 8 5 5 4 1;
<CIRCLE 93 166 3 0 7.26835e-06>; 0 0 0 0 0 80 37 1 38 6 0 0 0 22 27 32 91 5 2 9 21 21 8 47 14 2 5 20 24 28 42 33 0 7 123 50 3 42 23 0 14 59 118 7 1 24 42 20 36 36 123 17 1 6 6 22 0 1 123 33 1 8 14 6 0 18 123 35 9 74 50 0 1 101 123 3 0 7 48 5 0 20 123 27 0 0 37 22 0 2 123 24 0 2 51 27 0 0 2 2 2 123 90 0 0 2 3 0 0 41 123 15 0 0 4 0 0 11 123 40 1 0 3 1 2 6 75 64;
<CIRCLE 111 152 1.78381 0 7.25338e-06>; 18 1 9 102 80 3 0 17 12 18 43 44 31 18 25 14 123 22 6 0 1 0 11 74 46 1 0 22 123 6 0 9 9 1 13 123 123 13 16 7 65 31 44 32 4 1 30 67 123 19 4 1 3 0 3 82 35 2 2 19 123 24 2 4 1 0 3 14 75 68 123 12 15 7 8 4 1 3 123 123 66 7 39 46 3 0 29 106 10 16 69 43 42 16 0 1 0 8 53 25 3 7 22 0 2 26 55 30 1 1 14 7 3 12 52 95 19 0 2 8 19 20 43 48 15 0 1 19;
<CIRCLE 306 105 1.06066 0 7.14714e-06>; 18 59 27 5 0 0 0 3 0 7 23 104 71 0 0 0 1 3 19 115 81 0 0 0 23 25 17 17 2 0 0 5 36 16 3 1 6 13 15 62 1 3 2 59 115 67 22 6 5 2 4 60 115 52 110 12 46 8 4 2 2 2 68 99 35 0 28 18 4 17 21 65 3 0 53 38 41 115 41 3 0 1 60 31 13 60 115 5 2 12 48 1 1 2 115 57 4 3 115 82 0 0 6 8 5 2 115 72 7 9 8 11 0 10 115 69 17 7 2 0 0 23 115 22 0 0 0 0;
<CIRCLE 132 120 1.5 0 6.91975e-06>; 1 0 0 0 1 2 5 7 10 0 0 0 0 0 10 16 28 1 0 0 8 3 26 22 23 0 0 0 27 19 33 26 12 0 0 0 0 3 8 13 54 0 0 0 0 0 67 141 10 0 0 0 0 1 141 141 2 0 0 0 1 12 141 80 18 0 0 0 0 0 95 75 141 0 0 0 0 0 40 141 44 0 0 0 0 2 106 141 0 0 0 0 5 21 93 21 0 0 0 0 0 0 141 103 5 0 0 0 0 0 92 141 3 0 0 1 3 1 8 41 0 0 0 4 13 7 2 1;
<CIRCLE 320 130 1.78381 0 6.74899e-06>; 72 24 0 0 0 1 18 113 49 42 0 0 0 8 128 128 0 1 2 2 16 128 112 9 0 0 0 2 59 128 5 0 66 105 0 0 0 0 0 7 66 128 49 8 0 1 2 6 0 32 128 107 21 32 4 0 0 0 58 94 118 70 1 0 7 21 0 1 0 0 6 6 12 128 80 11 0 0 0 0 0 19 128 90 0 0 0 0 0 0 58 52 4 1 7 4 0 0 2 7 1 0 2 1 0 4 10 3 0 0 4 1 3 2 9 2 0 0 4 10 5 0 0 0 0 0 7 17;
<CIRCLE 158 260 1.06066 0 6.66026e-06>; 1 16 134 82 9 4 0 0 19 29 125 97 72 40 0 3 2 0 4 84 134 52 0 0 0 1 21 27 15 3 0 0 39 48 134 5 0 0 14 19 134 122 63 27 34 26 3 16 13 10 20 72 134 69 1 2 0 2 5 5 31 9 16 12 68 7 0 0 0 1 27 49 59 43 48 43 24 33 28 29 1 7 40 115 70 15 7 12 1 0 0 3 10 3 16 43 58 1 0 0 0 0 54 63 25 0 0 2 27 96 39 40 0 0 0 4 25 89 46 19 5 0 0 0 4 13 21 35;
<CIRCLE 123 149 2.12132 0 6.58584e-06>; 102 88 33 6 3 0 1 31 32 22 25 116 123 5 0 4 0 0 123 104 50 9 10 1 0 3 123 29 3 3 8 2 123 16 3 2 10 0 1 51 45 0 0 43 123 22 3 7 0 0 15 45 98 27 67 7 0 1 20 23 5 10 86 16 123 8 18 11 7 0 10 96 19 3 29 35 123 58 8 2 0 0 3 24 49 52 86 10 0 0 20 40 12 21 78 9 6 8 51 65 2 0 5 19 7 16 73 68 19 1 0 2 8 8 49 35 17 12 14 23 0 0 45 53 20 25 38 6;
<CIRCLE 181 128 1.5 0 6.48421e-06>; 15 59 63 30 17 3 1 1 6 10 13 25 29 10 28 9 2 4 4 14 11 16 48 6 9 6 2 4 2 7 48 10 71 27 3 1 1 35 48 24 76 14 0 0 1 7 102 103 11 18 2 0 0 12 141 80 0 2 3 0 0 6 141 35 14 1 0 0 10 141 54 13 75 113 11 0 3 19 11 34 15 141 49 0 0 0 43 29 0 61 66 2 0 0 58 6 0 0 2 5 24 141 0 0 0 29 8 8 34 100 0 0 0 136 61 8 5 2 0 0 0 91 119 1 0 0 0 0;
<CIRCLE 124 148 2.12132 0 6.48317e-06>; 90 100 29 8 7 0 0 25 14 14 51 133 110 6 0 1 0 0 133 95 21 6 10 1 1 10 133 30 4 3 5 1 133 15 2 4 27 0 1 51 22 1 1 58 133 20 5 4 0 0 24 50 60 19 58 7 5 2 24 25 6 9 64 16 133 8 15 9 24 1 4 66 9 1 12 29 133 78 20 1 0 0 5 20 32 40 117 12 1 1 18 41 13 20 85 12 11 8 53 61 3 0 4 21 5 12 53 67 34 6 0 4 5 4 26 29 17 21 23 21 0 0 26 53 30 32 42 5;
<CIRCLE 135 244 1.5 0 6.32366e-06>; 23 10 1 5 5 0 2 1 145 53 0 1 0 0 0 0 94 12 3 5 0 0 0 1 0 0 4 7 10 0 0 0 21 3 1 10 8 3 5 4 145 101 18 1 0 0 2 8 82 64 145 47 0 0 0 0 0 0 145 75 2 0 0 0 5 2 0 0 0 4 6 7 40 90 80 6 8 14 3 3 6 39 145 92 6 2 1 1 0 0 145 136 9 5 26 5 4 1 0 0 0 2 4 5 2 1 5 3 27 31 4 1 3 0 18 11 21 19 40 67 1 0 4 7 3 4 135 130;
<CIRCLE 136 169 6 0 5.8441e-06>; 42 13 6 11 9 3 8 61 18 34 69 64 38 15 6 15 22 99 121 62 1 5 3 1 0 1 121 121 10 21 5 0 13 8 121 44 5 6 11 12 4 3 121 121 28 18 19 3 3 11 121 121 4 5 53 20 0 0 93 83 0 1 87 52 0 2 63 23 2 29 102 21 1 5 53 31 3 30 121 25 0 2 20 24 3 13 121 57 6 8 9 0 0 0 104 60 0 0 13 21 4 9 16 1 1 9 18 9 1 4 29 10 1 3 14 14 3 11 28 13 8 8 7 0 0 0 6 32;
<CIRCLE 176 138 2.12132 0 5.60794e-06>; 0 0 0 2 7 115 85 0 10 2 0 0 5 115 70 16 52 42 3 0 1 17 33 58 12 52 17 0 0 0 91 29 0 0 32 38 20 39 3 0 0 0 19 34 58 115 6 0 5 43 20 24 72 67 2 0 1 106 109 7 5 0 0 0 0 0 86 98 0 0 0 0 0 0 115 115 16 4 0 0 0 0 50 115 76 5 0 0 0 15 66 34 19 1 0 0 0 0 115 85 0 0 0 0 0 0 115 95 0 0 0 0 0 0 115 80 1 0 0 0 0 0 72 37 0 0 0 0;
<CIRCLE 156 227 3 0 5.60452e-06>; 11 1 0 5 13 21 9 16 6 6 14 26 21 30 5 0 8 17 90 13 3 3 0 0 1 24 93 1 0 0 0 0 15 0 0 1 9 75 104 96 0 0 6 12 28 126 126 0 0 1 52 17 65 126 23 0 21 26 69 3 6 18 9 3 12 1 1 5 32 25 56 40 0 0 1 15 126 95 33 0 0 0 0 9 126 82 4 0 28 2 0 2 34 14 5 5 9 10 126 84 13 1 2 0 0 0 126 126 56 6 5 0 0 0 59 126 106 8 1 0 14 11 15 28 16 2 0 4;
<CIRCLE 100 155 8.48528 0 5.2478e-06>; 0 0 0 0 0 0 24 5 0 0 0 0 0 0 27 45 5 1 2 0 0 2 81 123 3 11 8 1 0 28 123 93 0 0 0 2 5 28 123 11 28 12 14 5 4 18 60 123 52 18 68 55 1 0 14 123 5 57 123 102 2 8 25 29 0 0 5 24 84 55 66 10 12 42 90 40 55 63 50 16 8 25 123 90 4 19 46 7 0 1 97 123 7 15 85 8 0 0 65 40 23 19 1 0 0 0 15 26 24 53 42 2 0 0 1 7 15 26 53 4 1 0 0 0 2 12 66 10;
<CIRCLE 155 119 1.5 0 5.12852e-06>; 39 9 0 0 0 0 57 25 10 12 0 0 0 9 51 6 1 4 1 1 3 7 8 0 0 2 5 32 25 2 0 2 3 0 1 1 0 7 140 58 1 0 2 12 10 140 140 11 0 1 0 5 38 140 67 0 8 4 0 22 57 37 11 29 7 8 28 20 9 7 41 10 0 0 14 116 61 58 30 2 0 0 2 40 93 140 33 4 5 9 6 3 52 140 22 5 4 4 7 3 9 32 38 16 0 0 0 9 33 84 69 9 0 0 0 3 4 45 140 31 0 0 0 0 2 140 136 3;
<CIRCLE 199 146 7.13524 0 5.09198e-06>; 0 0 0 0 1 94 80 2 0 0 3 2 0 14 103 26 0 0 15 10 0 0 117 31 0 0 14 17 10 11 76 8 0 1 112 117 40 107 39 3 7 15 117 85 8 12 54 29 11 13 117 50 0 0 38 21 0 0 51 33 6 3 21 2 0 0 117 117 1 0 82 60 9 9 83 38 0 3 117 117 16 8 15 0 0 5 70 97 0 0 0 0 0 17 69 14 14 3 1 1 0 0 89 81 9 2 0 0 4 17 83 60 1 0 0 0 8 29 36 16 2 2 1 0 1 8 14 8;
<CIRCLE 99 142 1.06066 0 5.08523e-06>; 1 3 1 1 1 0 1 0 11 1 5 3 1 0 5 36 58 0 0 0 0 0 16 131 14 0 0 18 5 3 120 111 17 9 2 1 1 0 2 24 40 0 0 0 0 0 19 131 57 0 0 6 8 0 19 131 16 1 1 124 67 2 5 48 49 5 1 0 1 1 7 100 131 30 0 0 0 0 0 131 105 30 0 18 39 0 4 58 0 1 1 74 131 9 1 2 18 9 8 16 0 0 6 53 131 38 9 3 0 0 0 49 74 8 0 58 52 0 0 39 0 0 21 131 56 0 0 0;
<CIRCLE 112 153 1.26134 0 5.05941e-06>; 7 8 81 65 6 1 1 1 56 41 74 1 0 0 2 20 134 32 7 0 0 0 0 60 40 2 0 15 49 0 0 6 19 1 4 10 8 5 56 32 126 2 0 0 0 0 42 130 134 9 2 1 0 0 5 102 20 5 7 13 52 8 0 2 0 2 10 4 1 4 134 70 11 9 18 2 0 0 134 134 53 3 32 59 3 0 46 89 8 23 111 47 7 4 0 1 0 12 37 41 18 2 26 8 1 62 75 8 2 2 14 11 0 7 48 119 58 1 3 3 43 26 60 62 30 1 3 50;
<CIRCLE 143 106 1.5 0 4.99005e-06>; 4 0 0 0 7 36 128 54 50 14 4 5 17 12 92 89 14 11 10 8 31 14 6 18 1 0 0 2 7 4 11 8 14 5 0 3 22 18 25 38 3 30 43 43 128 61 9 1 19 119 105 29 22 2 1 0 10 34 2 0 1 2 7 3 47 20 0 5 49 6 0 2 28 20 11 28 128 86 2 4 128 93 26 18 89 25 3 17 77 60 0 0 0 0 0 0 41 3 0 0 32 8 17 20 38 1 0 0 128 125 34 27 79 4 0 0 73 72 113 47 59 19 0 0 0 2 94 34;
<CIRCLE 142 111 5.04538 0 4.93041e-06>; 0 0 0 0 29 36 3 0 56 15 0 0 27 40 17 13 39 6 0 0 0 3 5 10 0 0 0 0 0 2 8 0 0 0 0 0 2 16 16 10 9 1 1 1 12 45 97 42 16 10 4 2 7 22 72 23 2 0 0 0 1 12 19 8 0 0 0 0 0 0 104 137 1 1 5 0 2 24 137 137 2 1 1 0 2 137 137 16 4 0 3 2 3 137 78 17 26 12 46 45 9 0 69 128 15 67 137 28 3 5 50 61 12 52 47 21 0 62 51 1 0 0 41 59 20 137 55 0;
<CIRCLE 142 106 1.26134 0 4.84876e-06>; 3 0 0 3 6 13 125 56 15 17 5 18 37 22 90 47 16 34 16 12 18 6 4 19 1 0 2 6 18 9 8 5 17 10 2 8 16 12 10 22 10 23 13 39 125 104 7 3 10 108 125 48 42 9 0 0 20 68 16 4 1 2 2 2 51 30 0 7 69 9 0 1 56 32 3 22 125 78 2 1 88 66 32 38 125 47 0 27 103 86 2 0 0 0 0 6 51 7 0 1 63 8 3 5 95 8 0 0 125 70 3 9 62 2 0 0 125 82 6 24 85 18 0 0 0 0 7 14;
<CIRCLE 81 160 3.56762 0 4.81274e-06>; 0 0 0 0 0 8 82 0 0 0 0 0 0 31 55 0 16 0 0 0 0 10 9 33 71 0 0 11 9 2 3 84 0 0 2 2 0 9 130 4 0 0 25 15 2 107 116 1 31 4 19 7 2 78 55 37 90 9 14 5 9 18 12 57 3 0 12 48 42 14 9 8 0 4 131 131 45 52 16 0 4 91 131 26 3 22 20 8 14 48 131 16 0 1 5 11 0 0 4 9 33 49 3 3 0 1 19 24 37 131 83 0 1 27 44 2 1 77 131 6 0 9 60 3 0 2 126 32;
<CIRCLE 166 119 7.13524 0 4.64521e-06>; 29 3 0 0 10 21 14 10 19 0 0 0 0 2 10 8 0 0 0 0 0 2 13 0 0 0 0 0 0 0 9 0 2 0 0 0 0 21 122 63 2 0 0 0 0 86 122 9 0 0 0 0 0 39 66 5 0 0 0 0 0 2 68 17 5 52 53 11 1 12 115 87 0 24 56 55 18 122 122 3 1 3 66 79 27 107 81 17 3 7 102 32 0 1 73 24 0 46 104 80 16 0 1 0 0 23 122 122 5 3 14 6 0 1 122 122 8 3 41 37 13 12 73 15 0 0 33 58;
<CIRCLE 113 147 1.06066 0 4.64015e-06>; 0 0 10 15 10 40 90 1 18 6 9 1 0 7 108 101 134 5 0 0 0 0 7 134 59 2 0 5 40 3 0 17 1 17 129 15 0 8 31 0 60 73 77 0 0 1 33 31 134 38 2 0 0 0 1 55 47 6 0 12 48 1 0 4 40 24 59 9 0 0 0 10 134 36 26 0 0 0 0 73 134 13 1 1 0 0 0 90 25 2 1 18 58 1 0 4 34 0 0 0 0 1 38 61 134 0 0 0 0 0 24 120 134 11 3 1 0 0 1 47 6 4 7 12 33 3 0 0;
<CIRCLE 174 275 0.891905 0 4.56168e-06>; 0 27 65 28 13 2 0 0 0 0 10 67 124 20 0 0 122 25 8 8 63 11 1 5 124 33 0 0 0 0 0 6 2 9 30 10 4 8 47 4 0 2 8 24 76 121 33 4 92 35 2 5 64 116 1 2 124 87 0 0 0 0 0 2 0 15 72 18 1 4 19 6 0 27 44 29 58 43 14 9 39 11 2 20 124 67 5 3 124 47 0 1 1 3 1 12 0 2 9 1 0 0 105 32 0 4 6 2 9 47 104 12 10 0 0 2 32 124 31 20 124 0 0 0 0 10 5 76;
<CIRCLE 136 119 4.24264 0 4.42085e-06>; 0 0 0 0 1 8 7 1 2 0 0 0 7 39 41 12 17 4 2 2 7 13 31 25 4 3 0 0 0 1 8 4 0 0 0 0 0 0 27 26 1 0 0 0 1 7 93 131 1 1 1 1 8 51 131 36 3 1 0 0 1 90 113 12 8 0 4 2 0 0 123 131 1 5 44 6 0 0 131 131 0 16 26 0 0 50 131 40 0 1 1 2 0 131 113 0 42 23 24 44 15 1 14 57 8 29 131 72 14 3 11 14 43 124 81 5 0 3 3 1 1 11 58 52 1 15 12 0;
<CIRCLE 134 121 2.52269 0 4.34438e-06>; 0 0 0 0 2 1 3 3 19 0 0 0 0 0 6 23 11 0 1 4 47 26 27 11 23 16 4 5 39 33 47 14 5 0 0 0 0 1 25 29 31 0 0 0 0 0 87 150 2 0 0 0 3 27 150 107 2 0 0 1 6 42 150 42 3 0 0 0 0 0 150 136 32 0 0 0 0 0 115 150 3 0 0 0 7 25 92 64 0 0 1 2 8 53 58 5 1 1 54 36 0 0 75 42 0 1 150 24 0 0 29 25 2 42 135 10 3 4 4 2 2 23 17 2 0 10 13 0;
<CIRCLE 147 124 1.06066 0 4.3408e-06>; 12 1 0 0 33 90 117 38 89 16 7 0 6 26 117 64 15 4 18 6 9 20 117 21 4 1 39 55 12 54 102 4 3 0 1 0 33 117 32 9 33 19 66 41 64 90 27 23 29 61 117 31 32 12 6 13 5 4 25 94 117 35 1 3 4 0 9 10 14 32 10 8 3 3 7 12 63 117 71 15 33 25 12 5 12 87 117 99 6 1 0 1 61 117 45 29 0 0 0 1 3 4 29 24 0 0 0 0 11 38 30 22 1 0 0 0 15 48 48 17 1 0 0 0 0 45 46 15;
<CIRCLE 187 159 1.06066 0 4.23343e-06>; 0 6 17 13 4 0 0 2 4 0 1 6 7 0 5 13 1 0 1 4 8 3 62 51 0 0 0 0 0 0 128 55 0 1 4 0 0 3 100 60 6 0 0 0 0 10 143 90 46 0 0 0 0 2 109 143 7 0 0 0 0 0 143 135 0 0 0 0 0 0 143 143 0 0 3 2 0 43 143 87 41 7 3 1 1 19 109 143 34 26 8 0 0 0 25 38 0 0 3 3 4 10 38 51 0 0 19 12 3 12 27 12 0 1 3 4 6 11 27 6 15 11 2 0 0 0 11 17;
<CIRCLE 201 145 2.12132 0 4.0819e-06>; 0 36 129 52 0 0 0 0 0 0 119 129 0 0 0 0 1 2 68 95 5 1 3 3 0 0 26 20 1 1 22 22 0 26 129 28 0 0 0 0 9 14 129 79 0 0 0 3 77 50 65 10 1 0 1 30 16 1 0 0 0 0 5 31 1 0 129 26 0 0 6 8 72 11 89 20 0 0 4 129 117 12 8 0 0 0 2 129 10 0 0 0 0 0 5 13 0 0 5 3 0 0 110 108 22 0 1 0 0 3 97 129 16 0 0 0 2 4 16 80 0 0 0 0 0 2 9 3;
<CIRCLE 131 120 1.06066 0 4.0568e-06>; 1 0 0 0 0 1 6 9 2 0 0 0 0 0 18 21 11 1 0 0 0 0 50 32 11 3 0 0 8 7 64 28 16 0 0 0 1 2 3 11 70 0 0 0 0 0 40 133 18 0 0 0 0 0 136 136 0 0 0 0 0 3 136 73 27 0 0 0 0 0 23 34 136 0 0 0 0 0 6 136 122 0 0 0 0 0 45 136 8 0 0 0 0 5 118 34 1 0 0 0 0 0 136 112 24 0 0 0 0 0 76 136 21 0 0 0 0 0 16 131 5 0 0 0 2 2 6 13;
<CIRCLE 100 178 1.26134 0 4.03432e-06>; 5 7 40 36 3 2 42 37 4 7 38 8 1 21 79 41 8 6 30 2 0 23 114 31 36 1 7 4 5 28 44 104 12 21 11 0 0 15 138 25 26 19 31 6 0 5 138 84 49 1 1 0 0 19 138 138 21 0 0 11 8 48 113 71 0 0 0 1 5 51 138 4 3 0 4 4 4 13 138 54 17 0 11 6 2 14 88 103 23 4 8 1 0 28 58 52 0 0 1 3 12 33 34 0 0 0 6 8 15 31 62 7 0 0 14 10 5 7 109 21 23 3 20 3 0 0 46 90;
<CIRCLE 202 144 1.78381 0 3.87858e-06>; 0 9 132 113 0 0 0 0 0 0 66 132 7 0 0 0 0 1 32 57 11 4 5 4 0 0 7 10 1 2 26 31 0 14 132 53 0 0 0 0 9 18 132 76 1 0 0 2 78 52 64 8 1 0 1 29 13 0 0 0 0 0 7 41 3 1 132 39 0 0 0 2 87 17 116 39 0 0 0 132 132 20 13 0 0 0 0 132 12 0 1 1 1 1 2 13 7 1 22 7 0 0 60 88 86 1 2 1 0 0 28 132 33 0 0 0 0 2 16 87 1 0 0 0 0 2 10 4;
<CIRCLE 198 147 7.13524 0 3.77683e-06>; 0 0 0 0 3 105 84 2 0 1 5 2 0 17 103 27 0 0 18 11 0 0 118 32 0 0 17 18 9 9 76 8 0 1 118 118 38 99 34 2 7 15 118 94 10 14 47 28 13 15 118 47 0 0 33 24 0 0 51 30 4 2 21 2 0 0 118 118 0 0 87 62 7 7 73 37 0 3 118 118 15 8 13 0 0 6 74 99 0 0 0 0 0 16 68 17 15 3 1 0 0 0 83 75 11 2 0 0 4 15 74 57 1 0 0 1 9 30 34 13 2 2 1 0 1 7 12 7;
<CIRCLE 159 178 1.26134 0 3.76545e-06>; 1 0 0 1 17 45 124 101 1 0 0 0 1 26 124 114 60 2 0 0 7 52 38 39 75 3 0 0 0 5 9 17 0 0 0 1 4 17 124 81 0 0 10 6 9 72 124 64 31 0 1 6 56 124 35 15 83 1 0 0 2 6 4 48 0 0 124 53 2 3 78 27 3 8 124 67 10 15 53 25 30 4 31 60 122 54 6 10 87 3 0 1 12 4 7 56 3 1 53 13 0 1 4 15 15 4 26 6 3 3 5 48 27 8 4 13 91 21 2 9 94 35 6 1 13 2 1 2;
<CIRCLE 177 138 1.78381 0 3.6587e-06>; 0 0 0 1 18 117 50 0 15 2 0 0 8 117 47 14 47 94 8 0 2 16 13 31 8 102 33 0 0 0 42 14 0 0 35 30 30 48 0 0 0 0 17 31 58 117 0 0 0 39 19 29 72 73 0 0 0 110 106 10 4 0 0 0 0 0 98 80 5 0 0 0 0 0 98 117 25 6 0 0 0 0 25 96 93 16 0 0 1 11 48 29 13 20 3 0 0 0 117 88 3 0 0 0 0 0 117 99 0 0 0 0 0 0 117 90 6 1 0 0 0 0 92 45 1 2 0 0;
<CIRCLE 159 125 1.78381 0 3.63872e-06>; 0 0 0 9 8 58 135 16 0 0 0 7 43 135 62 0 14 7 2 10 52 55 7 32 38 32 32 8 1 2 28 101 1 1 8 45 43 39 31 3 0 0 0 32 77 126 81 5 5 10 5 0 37 135 91 3 9 51 76 17 4 75 57 2 0 0 0 0 6 48 75 5 0 0 0 0 3 40 135 20 0 0 0 1 1 135 135 3 0 0 0 1 5 135 135 0 0 0 11 2 0 2 9 2 0 0 23 9 0 1 15 3 0 0 24 23 2 11 13 0 0 0 9 15 23 64 11 0;
<CIRCLE 169 265 1.5 0 3.57991e-06>; 0 0 4 13 43 7 9 8 0 1 4 10 20 13 9 5 93 62 10 14 12 6 0 6 124 60 0 0 0 0 0 11 1 0 0 7 9 10 29 40 2 0 0 3 15 73 115 77 47 67 6 6 19 124 82 5 124 124 0 0 3 18 3 1 27 16 3 8 23 31 22 61 39 37 12 0 3 29 41 124 9 8 5 6 124 124 31 8 124 53 0 0 48 53 2 8 28 54 15 26 37 9 0 9 22 101 41 1 1 0 8 21 1 20 33 40 98 30 5 1 124 23 1 6 62 25 0 4;
<CIRCLE 97 147 1.26134 0 3.57904e-06>; 2 2 1 4 8 1 1 3 44 6 1 0 1 0 3 87 72 8 0 0 2 0 13 120 17 2 0 53 57 1 4 64 5 0 0 1 5 4 14 58 76 24 9 8 0 0 9 113 120 43 2 7 9 0 0 59 19 7 7 104 94 2 0 6 11 0 0 12 12 2 15 67 103 12 9 46 14 0 1 63 120 7 2 32 63 0 0 116 3 0 7 120 120 0 0 4 13 4 22 43 10 1 1 8 120 3 3 21 10 0 0 102 96 0 0 39 99 6 1 64 0 0 0 42 120 24 43 4;
<CIRCLE 109 184 1.78381 0 3.51479e-06>; 0 0 0 0 0 2 119 119 3 0 0 0 0 13 119 119 5 0 0 6 56 76 119 119 0 0 0 0 39 119 81 3 1 0 0 0 0 16 119 57 32 2 7 2 3 8 59 119 8 0 12 29 96 83 12 64 0 0 6 7 35 80 65 28 0 0 82 31 0 7 61 11 14 11 119 49 2 2 17 44 2 2 119 79 11 28 4 6 0 0 98 32 2 19 16 5 0 0 43 17 3 2 0 0 1 3 39 23 15 3 0 1 2 6 54 11 4 9 3 1 0 0 36 11 3 10 1 0;
<CIRCLE 82 157 1.5 0 3.45298e-06>; 0 0 0 0 0 62 46 0 0 0 0 0 6 73 24 0 7 0 0 5 18 10 5 15 33 2 4 4 2 0 2 58 0 0 0 0 0 56 76 0 0 0 0 0 43 139 54 0 8 1 4 3 38 63 39 22 19 7 56 29 4 9 33 20 5 1 7 2 0 9 60 21 0 0 35 26 11 108 125 10 0 3 48 18 8 113 139 0 0 1 30 18 6 30 139 10 7 8 139 74 0 0 4 9 0 5 139 125 0 1 8 3 0 61 139 35 0 5 11 0 16 24 139 37 2 3 11 1;
<CIRCLE 158 240 2.12132 0 3.29644e-06>; 0 0 0 1 54 27 10 0 0 0 0 0 135 41 6 0 0 0 0 0 135 31 0 0 0 0 0 1 21 7 2 0 0 0 35 48 61 1 0 0 0 0 38 80 135 9 0 0 0 0 11 57 135 28 0 0 0 0 9 19 30 11 0 0 0 0 135 135 3 6 21 0 0 0 135 135 12 12 12 0 0 0 102 134 24 3 2 1 0 0 28 39 4 0 5 3 0 0 30 24 3 45 135 7 0 0 23 18 17 135 95 0 0 0 10 5 10 54 18 7 4 0 0 1 1 4 11 6;
<CIRCLE 123 150 1.5 0 3.23774e-06>; 123 5 0 4 32 1 0 43 2 0 2 55 128 38 5 0 1 9 60 51 50 21 48 9 1 5 61 48 11 4 37 10 128 6 0 11 47 0 0 21 0 0 1 70 128 34 14 2 7 9 21 33 73 29 128 36 5 5 12 13 16 27 128 33 68 8 28 13 30 3 0 18 0 0 13 20 128 108 21 5 3 0 17 50 24 36 97 34 2 0 87 37 8 16 76 17 14 20 88 78 13 0 1 11 18 28 44 79 60 9 0 7 30 4 7 80 36 8 11 62 10 0 10 15 27 61 35 38;
<CIRCLE 127 122 2.52269 0 3.20772e-06>; 0 0 0 0 0 0 4 1 1 0 0 0 2 2 6 5 17 0 0 0 0 0 13 29 6 0 0 2 31 23 39 12 0 0 0 0 0 0 19 12 9 0 0 0 0 1 47 53 35 0 0 0 0 0 94 142 1 0 0 0 1 19 142 80 4 0 0 0 0 0 134 142 3 0 0 0 0 0 142 142 23 0 3 0 0 1 103 142 1 0 1 0 7 19 45 33 35 27 9 10 1 0 27 142 1 2 92 65 3 0 57 32 0 1 142 30 0 0 16 11 4 46 122 8 1 2 2 0;
<CIRCLE 138 97 1.78381 0 3.19924e-06>; 0 0 0 1 90 84 0 0 66 74 6 8 37 15 0 0 132 82 0 0 0 0 0 3 18 3 1 2 7 2 1 2 0 0 0 0 105 132 3 0 65 26 2 4 65 123 62 18 132 59 0 0 0 2 27 66 34 4 0 3 10 7 10 15 2 0 0 0 9 92 46 11 7 0 0 0 7 99 132 74 66 10 11 4 19 22 132 126 14 11 17 7 24 13 5 19 28 0 0 0 0 1 10 21 37 1 1 2 13 10 26 40 1 12 34 36 132 35 9 2 27 84 56 19 20 2 1 0;
<CIRCLE 139 97 1.5 0 3.16833e-06>; 1 2 2 9 85 44 0 0 98 90 9 8 16 2 0 0 136 59 0 1 0 0 1 7 9 3 1 6 9 3 4 5 0 0 0 2 94 136 8 0 114 42 0 1 25 70 63 22 136 57 0 1 0 0 16 52 20 3 1 8 10 5 15 18 0 0 0 0 8 126 92 22 14 1 0 0 11 64 136 96 88 18 5 6 17 13 106 131 13 8 7 8 37 16 7 17 35 1 0 0 0 1 20 39 10 4 0 3 30 24 35 42 3 31 41 35 107 46 8 1 10 70 62 15 9 1 1 0;
<CIRCLE 170 266 2.12132 0 3.15795e-06>; 0 4 9 34 100 22 4 0 13 9 5 16 15 14 8 0 122 56 1 2 2 2 0 15 69 14 0 0 0 0 2 17 3 3 3 17 33 56 48 27 10 5 0 1 10 102 122 67 122 109 0 0 12 116 50 6 122 62 0 0 0 0 0 3 21 22 18 60 72 67 29 20 60 81 14 13 28 43 36 56 102 19 6 17 122 109 15 7 122 26 0 0 2 2 0 6 38 22 30 37 16 13 8 15 60 44 6 7 9 5 8 20 44 9 3 10 67 48 14 10 122 14 0 0 3 6 3 19;
<CIRCLE 154 125 1.5 0 2.79594e-06>; 6 1 6 3 0 3 137 43 0 0 8 45 13 101 137 11 0 0 2 31 65 137 66 0 3 3 1 6 67 82 8 9 11 13 39 15 17 29 20 12 3 4 15 87 83 61 20 8 0 0 4 62 67 84 95 18 0 2 1 1 44 137 89 4 2 1 0 0 8 55 63 16 1 0 0 0 14 100 101 18 0 0 0 0 3 38 137 43 0 0 0 0 0 136 137 11 0 0 4 3 4 11 5 2 0 1 11 1 0 4 23 9 0 1 20 3 0 1 29 8 0 0 15 13 1 8 19 0;
<CIRCLE 146 223 1.06066 0 2.75819e-06>; 72 8 0 0 0 10 37 49 5 2 2 11 58 126 41 9 0 8 24 23 55 90 2 0 4 20 29 6 2 6 3 2 126 58 0 1 1 2 5 36 26 18 0 10 115 99 19 14 0 0 0 0 112 126 62 0 1 0 0 0 4 41 102 5 41 5 0 0 0 0 83 126 10 1 0 1 16 101 121 71 0 0 0 0 14 126 126 0 0 0 0 0 2 83 126 0 0 0 1 0 1 1 73 52 0 0 0 1 16 23 26 15 0 0 0 0 29 43 30 0 0 0 0 0 33 34 23 0;
<CIRCLE 173 220 2.12132 0 2.56468e-06>; 8 11 35 0 0 0 0 2 3 11 36 1 0 0 3 4 2 5 10 3 1 1 2 3 23 3 0 0 0 0 0 6 0 24 161 19 3 6 0 0 5 97 161 7 1 0 0 0 54 161 86 1 0 0 0 3 25 20 0 0 0 0 0 9 0 3 58 9 38 125 22 0 36 37 88 8 4 29 47 12 161 146 15 0 0 2 5 16 97 18 0 0 0 0 1 11 0 0 0 0 157 51 6 0 22 0 0 3 14 17 18 9 161 4 0 0 2 2 2 41 86 5 6 0 0 0 0 9;
<CIRCLE 82 158 1.26134 0 2.43788e-06>; 0 0 0 0 2 68 35 0 0 0 0 0 19 72 39 0 3 0 0 9 30 14 6 18 33 3 10 3 1 0 0 46 0 0 0 0 0 39 63 0 0 0 0 0 70 135 53 0 5 1 3 4 44 69 75 17 6 2 46 34 11 12 74 16 3 1 11 4 0 7 59 32 0 0 47 35 5 75 132 19 0 4 72 24 3 89 135 0 0 2 30 18 7 25 135 5 4 5 135 83 0 0 3 11 0 2 135 126 0 0 3 2 0 69 135 37 0 0 2 0 3 23 135 44 1 0 2 1;
<CIRCLE 173 221 2.52269 0 2.43148e-06>; 16 15 33 0 0 0 0 2 4 12 38 0 0 0 3 4 6 6 10 2 1 1 3 4 24 5 1 0 0 0 0 4 3 20 163 32 8 32 4 0 11 94 163 8 1 4 4 1 83 163 77 1 0 0 1 5 22 11 1 0 0 0 1 7 0 1 25 8 121 163 25 0 41 23 51 5 12 40 50 12 163 87 8 0 1 3 6 26 63 6 2 1 0 0 2 9 0 0 0 1 163 47 1 0 31 1 1 5 32 14 4 7 163 18 1 0 2 1 0 34 39 9 13 2 0 0 0 3;
<CIRCLE 168 265 1.5 0 2.4248e-06>; 0 0 5 24 76 10 6 6 0 0 5 6 14 11 14 9 51 40 11 19 20 10 0 2 123 76 1 0 0 0 0 13 0 0 2 17 18 18 30 28 3 0 0 1 10 40 94 90 19 34 5 7 23 123 115 14 123 123 1 0 5 46 9 2 17 10 2 14 41 60 31 34 52 41 10 0 0 10 31 123 5 13 9 6 94 123 45 23 123 40 0 2 84 100 3 8 21 39 15 52 65 16 0 5 35 112 35 0 0 0 6 25 2 40 46 33 64 19 7 3 78 14 3 16 95 36 1 3;
<CIRCLE 134 229 1.78381 0 2.36408e-06>; 4 0 0 0 1 5 3 5 0 0 2 15 8 15 17 4 48 3 3 11 2 2 40 59 99 3 0 0 11 32 31 79 14 4 1 1 0 3 4 6 67 3 0 0 0 10 72 138 22 0 0 0 0 1 151 151 13 0 0 0 2 17 151 151 22 4 1 3 2 0 1 3 151 22 0 0 0 0 4 62 151 9 0 0 2 2 42 95 0 0 0 1 21 10 23 9 8 3 0 2 2 1 4 3 151 56 0 1 1 0 0 0 151 29 4 3 1 0 0 0 0 0 9 10 20 1 0 0;
<CIRCLE 114 177 10.0908 0 2.34483e-06>; 1 0 0 0 0 12 77 19 26 5 7 5 0 2 32 116 16 35 85 43 1 9 92 116 1 17 113 99 21 90 79 6 2 6 15 29 75 63 84 14 26 48 116 43 13 27 43 45 4 13 116 116 7 17 63 8 2 6 116 116 4 4 107 59 0 0 58 46 40 42 11 1 0 4 19 21 23 48 64 4 1 0 6 10 9 26 100 15 22 6 3 1 2 8 67 52 0 0 12 5 1 1 4 3 3 0 1 3 4 10 7 5 32 9 4 6 7 20 47 66 15 18 11 27 62 45 26 12;
<CIRCLE 153 116 8.48528 0 2.28579e-06>; 2 0 0 0 22 31 4 1 47 3 0 0 7 10 7 12 6 0 0 0 0 2 15 5 0 0 0 0 0 0 14 1 0 0 0 0 3 20 65 49 10 0 0 0 1 36 128 53 2 0 0 0 0 62 107 5 0 0 0 0 0 7 62 9 16 6 13 8 0 0 61 128 7 45 77 22 4 57 128 80 0 3 64 99 37 128 113 1 1 5 84 35 6 17 72 16 16 12 79 68 1 1 1 24 0 29 128 128 3 3 15 3 0 2 128 128 10 4 45 31 6 8 71 34 1 1 54 60;
<CIRCLE 165 275 1.06066 0 2.24523e-06>; 4 16 7 104 107 15 0 0 57 107 32 9 6 0 0 10 13 107 79 0 0 0 2 8 1 54 58 19 17 9 0 0 26 17 16 39 107 93 1 12 107 78 22 6 25 20 7 71 30 54 39 0 0 1 91 72 4 28 53 13 3 8 58 8 107 18 0 2 107 97 1 9 84 69 22 0 50 49 14 44 32 72 107 3 0 1 37 39 2 14 95 20 1 5 49 16 68 7 1 1 42 37 3 3 3 6 2 0 19 38 56 30 9 7 12 0 0 0 63 88 1 1 6 1 0 0 95 50;
<CIRCLE 137 96 2.52269 0 2.21311e-06>; 0 0 0 0 111 77 0 0 84 49 1 1 65 37 0 0 128 60 0 0 0 0 0 2 11 0 0 1 5 3 1 1 0 0 0 0 84 119 2 0 51 37 2 5 128 128 29 10 128 84 0 1 5 9 21 47 24 2 0 1 7 10 4 6 1 0 0 0 15 53 17 3 17 0 0 0 23 128 128 57 80 11 21 14 32 28 128 124 12 18 18 5 12 10 11 13 7 0 0 0 4 4 5 12 56 1 0 2 12 5 18 39 13 19 24 34 128 48 16 6 59 71 20 9 18 8 9 11;
<CIRCLE 110 184 2.12132 0 2.1971e-06>; 0 1 23 2 0 0 120 100 0 1 11 2 0 7 120 120 0 0 4 2 23 120 120 47 3 0 1 0 4 116 104 18 0 0 0 0 0 14 120 77 13 3 10 4 9 8 86 120 1 0 10 15 96 120 43 39 0 0 9 5 9 55 120 34 0 0 70 34 0 11 36 7 10 9 120 47 3 2 8 26 0 1 117 72 18 18 3 2 0 0 71 31 2 5 11 6 0 0 26 17 4 1 0 0 0 2 35 24 18 7 0 0 0 2 60 19 6 3 4 0 0 0 34 25 2 0 7 2;
<CIRCLE 138 176 1.06066 0 2.11966e-06>; 0 1 3 14 9 13 54 0 0 4 9 4 1 11 70 1 3 1 3 4 1 12 34 6 5 0 0 1 9 9 7 14 0 0 0 0 0 10 138 13 0 0 0 0 1 60 138 4 0 0 0 0 7 138 138 2 23 0 0 0 1 42 70 51 0 0 0 0 0 17 125 4 0 0 0 0 7 58 131 4 0 0 0 0 23 138 125 2 13 0 0 0 0 38 138 90 0 0 6 4 0 7 90 12 0 0 17 8 0 8 111 21 0 0 35 17 0 25 138 13 1 0 44 28 0 7 108 39;
<CIRCLE 142 219 1.5 0 2.07571e-06>; 11 4 0 0 0 0 0 2 17 8 0 0 0 0 2 6 24 4 3 9 6 16 13 11 0 1 9 13 18 31 7 0 7 9 15 22 2 0 0 2 86 20 8 1 0 3 27 54 25 3 9 36 54 95 54 32 0 17 60 48 37 34 1 0 15 1 4 22 4 6 18 29 124 29 1 0 0 2 23 101 69 18 0 0 103 124 49 47 0 3 4 2 62 124 104 0 6 0 0 0 0 4 124 124 23 2 0 0 0 0 124 124 13 1 0 0 10 77 123 92 0 0 0 0 11 116 124 0;
<CIRCLE 130 145 1.5 0 2.06232e-06>; 0 0 110 120 42 13 15 2 0 0 120 52 0 0 53 12 0 0 120 36 0 4 65 19 11 53 120 15 10 18 27 2 0 2 25 55 109 43 35 5 1 7 71 44 7 2 83 18 4 9 120 55 7 5 57 22 38 8 27 43 29 20 18 11 2 4 13 52 120 23 42 9 10 12 26 20 17 21 104 29 7 6 22 18 14 28 120 69 37 2 4 6 14 59 49 40 0 0 2 12 40 45 51 17 1 0 37 28 4 6 93 23 2 1 103 35 3 9 84 23 13 14 42 76 18 31 26 7;
<CIRCLE 140 98 1.26134 0 2.03133e-06>; 7 6 4 14 63 25 0 0 135 70 3 1 2 1 0 0 135 42 5 5 0 1 2 7 3 1 4 12 5 3 9 11 1 1 0 0 42 135 57 1 135 57 1 0 5 31 135 64 135 33 0 0 0 1 21 79 10 0 3 11 21 10 18 21 1 0 0 0 1 66 135 65 11 0 2 12 27 31 135 105 58 39 11 13 20 14 53 96 7 8 7 13 48 18 6 11 27 2 0 1 3 3 16 52 11 9 3 18 53 50 16 15 5 59 51 44 79 55 2 0 9 66 62 16 4 0 0 1;
<CIRCLE 163 187 2.52269 0 1.96311e-06>; 9 1 28 8 4 86 115 70 14 0 11 14 22 75 115 77 34 0 0 0 3 11 54 102 2 1 3 0 0 2 80 34 4 37 115 19 0 5 16 5 19 35 101 66 34 13 8 8 44 67 86 25 6 2 6 39 12 24 93 18 0 1 16 17 3 21 115 17 2 4 76 50 7 25 115 33 1 0 114 115 11 37 58 13 0 0 109 115 11 12 36 8 2 2 81 71 24 8 0 1 4 11 64 61 11 3 1 0 0 0 58 66 2 5 17 1 0 0 23 25 2 10 19 1 0 0 4 6;
<CIRCLE 159 177 1.78381 0 1.93988e-06>; 15 0 0 33 99 76 49 55 4 0 0 18 13 9 111 126 21 0 0 0 0 1 77 126 7 0 0 0 0 4 95 83 8 0 0 0 37 126 126 67 0 0 0 1 3 54 126 104 54 0 0 0 10 86 69 64 37 0 0 0 0 6 37 50 2 3 103 26 4 28 69 20 2 3 96 46 17 25 76 16 37 2 10 27 62 54 12 31 39 3 0 0 0 2 7 61 10 14 83 10 0 0 0 2 13 15 80 18 6 1 0 13 24 32 38 48 31 4 1 3 24 45 56 11 0 1 2 4;
<CIRCLE 154 126 1.26134 0 1.81778e-06>; 10 11 33 12 11 7 40 7 1 1 46 112 49 41 38 1 0 0 23 105 86 126 22 2 0 1 1 6 99 128 12 1 25 30 35 12 22 39 43 38 6 3 7 39 127 128 39 13 0 0 7 31 31 52 128 56 0 0 0 0 16 128 128 30 2 0 0 0 7 49 59 28 1 0 0 0 6 108 98 23 0 0 0 0 0 26 128 55 0 0 0 0 0 57 128 26 0 1 5 3 5 12 8 6 0 1 14 1 0 1 23 13 1 2 20 2 0 1 17 12 0 0 16 11 0 8 11 0;
<CIRCLE 99 143 3.56762 0 1.8165e-06>; 0 0 0 0 0 0 5 1 0 0 0 0 0 2 10 14 6 0 0 0 0 0 28 113 20 2 1 1 0 0 86 120 1 0 0 0 0 1 5 7 49 0 0 1 0 0 13 120 42 16 5 32 23 5 74 120 112 73 18 39 20 0 11 89 10 0 0 0 0 58 38 25 120 0 0 7 9 7 7 120 81 8 6 93 68 37 29 64 120 16 9 21 55 7 6 47 4 12 82 23 5 78 45 10 87 36 70 4 2 13 21 66 19 6 120 27 11 41 38 29 17 2 120 53 7 2 9 26;
<CIRCLE 203 144 1.5 0 1.81596e-06>; 0 1 74 119 2 0 0 0 0 1 32 71 18 2 0 0 2 2 8 13 10 7 9 9 4 0 0 0 0 1 20 38 0 2 136 86 0 0 0 0 24 36 136 65 0 0 0 5 107 58 50 6 0 0 2 42 10 0 1 0 0 0 10 42 5 2 136 58 8 0 0 10 119 23 106 33 2 0 0 136 136 16 9 0 0 0 0 136 7 1 2 3 1 2 1 10 35 6 27 8 2 0 23 97 136 0 0 0 0 1 5 136 25 2 2 0 1 7 13 63 3 1 0 0 0 2 7 2;
<CIRCLE 171 263 2.52269 0 1.81095e-06>; 0 1 11 18 67 111 21 4 33 3 2 10 10 10 12 13 124 4 0 0 0 0 1 95 28 0 0 0 0 1 2 32 4 14 21 45 94 26 20 11 37 23 4 13 22 60 63 16 124 122 1 1 1 24 13 12 48 17 0 0 0 2 3 11 14 11 11 37 50 94 67 42 39 41 7 9 35 110 99 79 124 65 1 5 60 106 25 8 116 19 0 0 0 0 0 9 36 26 60 64 34 17 10 14 56 55 10 13 30 12 7 16 122 15 3 9 69 41 9 12 116 9 0 0 0 0 3 15;
<CIRCLE 305 113 1.26134 0 1.6759e-06>; 16 0 70 51 0 2 94 53 12 0 116 72 14 55 12 20 0 4 116 79 12 57 96 1 1 22 115 12 2 2 68 29 5 3 116 116 0 8 27 16 39 13 116 69 14 11 22 93 1 8 93 91 116 25 15 11 0 18 116 57 7 0 6 8 5 1 2 7 0 13 85 34 33 16 16 42 25 18 24 67 0 2 9 76 116 49 26 17 0 0 8 7 8 6 48 72 2 7 6 3 4 3 6 3 1 7 4 10 8 23 6 0 0 2 2 4 12 75 39 2 4 0 0 0 1 23 33 42;
<CIRCLE 168 264 1.26134 0 1.52478e-06>; 0 1 4 8 33 7 12 10 0 0 3 5 17 5 16 10 25 25 13 29 24 3 0 1 130 82 4 0 0 0 0 21 2 0 0 6 10 5 17 39 2 0 0 3 26 40 83 54 7 24 11 21 31 130 114 9 130 130 5 1 3 55 15 2 16 1 0 3 11 27 28 65 41 4 0 0 0 11 58 130 4 1 0 0 53 130 100 32 92 42 0 0 88 130 10 5 39 49 11 24 29 7 3 21 34 96 50 0 0 0 1 39 3 40 39 19 56 42 0 1 36 4 4 19 130 68 1 4;
<CIRCLE 178 138 1.5 0 1.50073e-06>; 0 0 0 0 24 118 22 0 13 10 1 0 14 118 19 7 23 118 19 0 2 13 1 6 1 118 46 0 0 0 6 3 0 0 29 23 31 77 0 0 0 0 13 32 60 118 0 0 0 34 18 38 68 70 0 0 0 104 106 14 2 0 0 0 0 0 118 58 7 1 0 0 0 0 87 118 49 11 0 0 0 0 9 87 97 28 7 0 0 8 38 27 5 34 15 2 0 0 110 61 8 1 0 0 0 0 118 93 8 0 0 0 0 0 118 85 14 7 2 0 0 0 101 52 0 8 3 0;
<CIRCLE 300 106 1.06066 0 1.47811e-06>; 5 3 2 5 0 0 1 2 30 51 3 0 0 0 0 3 18 68 29 6 2 1 5 17 0 5 13 82 80 1 2 1 3 0 0 0 1 4 47 11 46 8 2 1 2 4 51 56 63 5 0 0 13 31 23 107 1 0 0 27 117 107 33 5 0 0 14 18 2 3 126 33 8 0 57 44 0 3 126 62 27 0 115 69 3 14 28 56 1 0 104 67 11 70 22 1 0 0 111 126 2 2 28 3 0 0 126 126 0 3 15 1 13 8 126 93 0 0 4 27 9 3 79 39 17 10 15 25;
<CIRCLE 87 157 1.78381 0 1.45997e-06>; 0 0 0 0 1 56 18 0 9 0 0 0 10 11 4 16 24 2 4 5 2 1 6 72 88 6 2 6 4 1 3 50 0 0 0 0 14 131 47 0 12 2 3 2 20 81 44 15 33 12 54 28 1 10 45 32 131 9 16 10 4 1 7 106 0 0 56 31 3 75 72 5 0 5 80 21 4 108 131 0 9 7 48 17 4 31 131 34 72 27 28 1 1 3 31 75 0 7 131 91 0 0 1 0 0 71 131 23 0 2 2 0 39 87 131 17 1 2 3 0 30 37 94 22 2 4 2 2;
<CIRCLE 157 226 2.12132 0 1.23461e-06>; 0 0 12 28 33 41 7 2 3 7 40 32 10 17 8 0 2 11 133 26 6 9 0 0 0 15 134 3 0 0 0 0 0 0 1 2 17 134 134 8 0 0 5 8 14 134 134 0 0 0 25 14 50 134 27 0 0 2 43 3 8 32 19 0 0 0 0 1 49 72 52 3 0 0 0 0 134 117 44 0 0 0 0 0 134 94 4 0 0 0 0 0 46 20 9 1 0 0 6 16 65 2 0 0 0 0 7 29 134 9 0 0 0 0 1 20 134 26 0 0 0 0 1 8 45 15 0 0;
<CIRCLE 177 244 1.5 0 1.17177e-06>; 3 1 25 10 3 8 4 1 139 81 14 2 1 2 1 5 139 86 3 1 0 0 0 1 6 4 4 1 0 0 0 0 0 2 99 25 0 0 9 6 113 139 54 3 0 0 16 20 139 128 0 0 0 0 1 21 20 2 1 1 4 1 2 3 14 1 3 2 1 1 30 35 92 8 1 0 0 0 48 139 139 15 2 0 0 0 4 139 18 7 4 1 3 1 0 2 58 2 0 3 7 9 2 17 139 0 0 0 0 0 1 139 40 2 1 3 1 1 1 86 11 1 0 0 1 2 0 7;
<CIRCLE 317 109 1.06066 0 1.15068e-06>; 37 1 1 0 0 0 52 128 5 0 11 32 7 49 64 103 0 0 7 43 33 97 46 0 0 1 2 2 10 48 22 1 3 24 128 47 0 0 39 57 8 13 128 128 2 3 2 22 67 27 84 107 10 4 0 18 11 4 13 7 3 17 21 16 2 11 128 107 2 2 6 13 77 23 128 86 0 0 5 87 113 42 46 6 0 0 0 46 37 20 31 4 0 0 1 16 0 0 8 15 2 1 49 80 18 4 4 1 0 5 41 107 40 18 14 0 0 1 7 48 50 6 2 0 0 0 0 37;
<CIRCLE 305 97 2.52269 0 1.14197e-06>; 2 0 0 0 2 6 19 13 0 0 0 0 2 25 19 4 51 27 22 13 3 6 9 44 34 55 112 64 22 22 24 28 15 4 1 1 0 3 11 14 32 5 1 11 20 29 106 53 3 3 12 112 104 29 41 8 19 8 71 67 10 0 5 12 30 20 10 3 0 0 46 21 83 51 11 70 80 31 28 56 16 5 11 112 112 50 44 67 20 2 7 14 6 21 78 84 2 0 54 81 5 11 112 29 10 4 112 98 36 31 33 42 4 4 112 89 49 51 43 45 18 23 106 28 4 12 18 42;
<CIRCLE 318 108 1.26134 0 1.09917e-06>; 69 11 2 0 0 1 26 124 8 0 0 2 6 94 109 69 10 11 5 1 11 69 43 5 6 18 19 0 2 11 5 1 15 12 88 31 0 0 86 124 10 8 124 124 14 37 30 50 24 7 30 65 27 52 25 18 4 1 2 1 4 39 48 10 4 20 124 114 1 1 4 14 96 36 124 124 0 0 2 69 93 41 61 11 0 0 1 32 17 7 11 3 6 13 8 11 1 0 18 21 2 2 48 87 33 10 10 1 0 5 36 98 59 17 14 0 0 0 5 58 29 3 0 0 1 5 5 21;
<CIRCLE 136 95 3.56762 0 1.08828e-06>; 0 0 0 0 94 50 0 0 66 38 2 4 100 34 0 0 128 43 0 0 0 0 1 3 7 0 0 0 2 4 5 2 0 0 0 0 51 75 6 0 49 24 0 0 128 128 18 8 128 63 0 0 7 13 16 40 17 1 0 0 3 9 5 4 0 0 0 0 7 32 15 2 12 0 0 0 29 128 128 38 63 14 14 15 35 29 114 93 16 18 8 2 1 6 18 9 0 0 0 0 0 4 19 18 18 0 0 0 8 11 83 128 9 9 8 13 65 95 128 45 23 17 4 2 6 58 128 43;
<CIRCLE 117 183 1.06066 0 1.08603e-06>; 13 3 7 69 107 28 10 22 0 0 0 8 96 78 57 0 9 2 0 1 2 23 107 26 6 0 0 0 0 91 107 26 0 0 3 50 75 58 26 0 0 1 0 18 62 90 69 3 30 8 3 7 7 18 67 100 12 0 3 1 0 42 85 58 0 0 105 48 8 66 57 0 0 0 107 49 6 71 107 3 0 0 104 36 1 15 93 77 0 0 107 59 0 1 38 31 1 3 107 32 0 1 9 0 3 6 107 23 2 1 0 0 4 6 86 32 4 0 0 0 14 4 42 24 4 3 3 7;
<CIRCLE 176 244 2.12132 0 1.06508e-06>; 0 0 2 11 66 23 0 0 143 26 6 5 5 1 0 16 143 59 4 0 0 0 0 12 5 9 16 2 0 0 0 0 0 0 66 109 32 7 2 1 99 102 63 14 0 0 2 28 143 137 1 0 0 0 0 24 26 6 2 3 2 0 0 0 3 0 17 19 2 9 36 15 128 7 6 1 0 1 9 143 143 10 0 0 0 0 0 143 22 2 0 1 4 1 0 5 12 3 4 14 11 9 7 5 143 10 0 2 1 1 0 73 114 1 0 0 0 0 3 76 4 0 0 0 0 6 5 10;
<CIRCLE 133 103 12 0 1.05973e-06>; 0 0 0 0 0 4 18 1 5 4 5 8 16 13 6 0 18 6 2 1 1 2 10 6 0 0 0 0 0 1 23 1 0 0 0 0 0 5 35 6 9 0 0 0 23 57 66 23 35 1 0 0 3 23 106 37 0 0 0 0 0 8 56 4 4 0 0 0 0 3 66 69 17 9 24 5 0 8 136 136 4 10 76 60 20 136 136 67 1 3 53 48 16 67 117 11 12 14 21 9 38 40 64 40 25 27 136 90 3 10 18 67 2 9 136 136 13 18 59 31 5 7 79 75 7 7 76 74;
<CIRCLE 127 194 2.12132 0 1.01545e-06>; 0 0 80 38 13 36 51 18 8 50 107 49 0 0 52 40 13 120 87 19 0 1 26 25 0 3 48 84 12 7 27 0 0 1 104 51 8 0 0 0 5 59 79 125 13 2 6 0 21 125 125 20 1 0 10 4 0 13 125 94 8 0 14 3 0 0 63 27 1 3 110 25 0 7 22 47 8 9 125 40 5 42 46 5 1 2 125 60 0 4 44 13 0 1 125 36 0 0 0 0 0 1 91 14 0 0 0 0 1 9 68 18 8 1 0 0 0 1 43 18 4 1 0 0 0 1 27 15;
<CIRCLE 118 183 0.891905 0 9.73112e-07>; 0 0 0 31 113 57 11 0 2 2 1 8 19 43 72 5 24 4 1 0 0 13 87 41 5 0 0 0 0 96 109 18 0 0 0 14 62 75 48 0 3 4 2 20 34 75 81 23 41 7 2 1 0 4 59 113 6 0 3 1 0 42 102 52 0 0 74 29 3 64 113 0 0 0 58 43 5 70 113 23 0 0 95 31 0 3 83 113 0 0 110 62 0 0 43 24 0 2 113 25 0 0 0 0 3 9 113 35 1 0 0 0 2 3 113 49 4 0 0 0 11 4 67 37 2 3 4 6;
<CIRCLE 108 158 0.891905 0 9.64228e-07>; 0 0 0 0 11 22 139 26 0 0 0 0 0 1 139 85 2 0 0 0 0 0 139 139 26 0 0 0 0 0 119 139 0 0 8 27 5 15 139 21 0 10 59 36 8 4 139 40 0 62 80 2 0 0 88 62 0 12 51 28 1 0 42 21 0 16 69 55 21 2 3 0 0 10 47 84 53 1 6 5 2 99 77 5 5 5 11 13 2 49 96 24 6 1 0 0 7 13 38 29 9 4 4 0 4 40 44 56 17 0 3 6 4 57 33 1 10 19 13 8 3 13 21 25 14 10 10 3;
<CIRCLE 317 105 2.12132 0 9.06066e-07>; 1 1 3 112 112 26 23 3 7 1 11 76 25 1 17 15 71 4 7 4 0 0 11 49 14 2 0 0 1 4 7 11 11 3 7 119 119 65 41 49 27 4 13 24 8 22 112 119 21 8 5 7 9 58 74 34 13 12 2 0 1 7 10 10 2 3 115 112 48 62 42 28 19 30 119 59 4 9 28 79 40 51 55 23 11 32 19 8 8 1 0 0 0 18 22 11 0 0 35 51 69 33 28 16 20 12 55 12 2 3 83 119 59 18 4 0 0 11 117 115 7 0 0 0 13 42 28 12;
<CIRCLE 177 187 1.5 0 8.63875e-07>; 11 18 7 3 3 5 11 14 8 18 35 19 6 11 14 4 23 10 7 4 3 6 11 22 28 12 4 1 0 0 2 41 2 6 141 98 4 6 9 2 21 75 141 69 0 0 12 28 117 120 35 1 0 0 2 29 28 21 6 3 1 4 5 18 2 3 124 50 0 2 141 111 24 25 82 19 6 7 141 141 95 45 38 18 26 12 60 94 26 91 39 3 0 3 3 6 4 12 36 0 0 0 63 59 4 18 74 15 9 5 53 29 1 3 21 24 35 20 18 4 35 23 4 1 0 3 8 14;
<CIRCLE 127 193 3.56762 0 8.59265e-07>; 0 0 20 13 9 111 136 54 3 7 19 7 4 89 136 101 3 8 10 11 5 72 136 62 4 3 15 13 3 42 136 134 1 1 99 72 13 23 18 12 3 35 103 54 5 16 42 21 5 79 110 47 4 9 37 16 1 5 58 111 12 15 29 7 0 0 24 23 9 32 47 1 0 6 23 21 1 5 120 18 3 21 28 8 0 1 106 40 0 0 7 16 8 33 92 10 0 0 0 0 1 8 21 1 0 0 0 0 0 2 34 6 11 1 0 0 0 0 17 20 7 0 0 1 11 30 16 13;
<CIRCLE 159 169 0.891905 0 8.15235e-07>; 1 4 5 54 38 17 2 0 11 7 2 1 1 3 14 20 16 0 0 0 0 0 17 46 2 0 0 0 0 0 57 47 8 7 8 42 1 0 19 33 51 9 0 0 0 0 26 118 12 0 0 0 0 0 102 125 3 0 0 0 0 0 110 125 5 0 0 1 0 0 107 125 19 0 0 0 0 0 125 125 42 0 0 0 0 2 48 125 80 1 0 0 0 0 27 103 0 0 0 0 0 1 125 125 0 0 0 0 1 35 125 59 20 0 0 0 9 76 46 16 117 7 0 0 0 4 0 7;
<CIRCLE 99 177 1.26134 0 8.06933e-07>; 1 13 92 80 3 2 21 15 5 11 105 24 2 10 53 44 2 10 88 8 2 24 70 7 28 5 35 8 1 9 32 69 19 13 5 1 0 12 81 29 12 26 29 5 0 7 89 56 41 2 6 2 0 21 145 111 26 0 0 6 3 28 136 98 0 2 1 0 1 58 145 3 2 4 7 1 1 14 145 46 33 0 4 2 1 8 145 145 9 1 5 1 1 40 78 40 0 1 1 4 9 29 53 0 0 0 5 6 18 31 66 2 0 0 12 12 6 9 70 10 13 3 13 3 1 2 37 47;
<CIRCLE 173 219 1.78381 0 7.78876e-07>; 6 11 21 0 0 0 0 3 3 7 20 1 1 3 5 5 0 3 12 3 2 3 4 1 15 0 2 1 0 1 2 8 0 40 161 6 0 0 0 0 2 83 161 11 0 1 0 0 27 161 97 2 0 1 5 2 13 23 2 0 0 0 4 11 0 11 110 6 3 39 29 0 27 52 149 21 5 28 36 10 161 161 31 0 0 2 6 14 96 40 0 0 0 0 0 12 1 0 0 0 47 41 23 4 15 0 0 0 11 31 40 10 161 18 0 0 4 5 6 28 135 6 1 0 0 0 0 16;
<CIRCLE 124 194 0.891905 0 7.47584e-07>; 23 8 11 11 2 0 5 4 32 16 9 13 38 1 1 4 16 17 1 58 115 2 0 0 109 82 0 8 2 0 0 0 7 2 30 19 0 14 26 8 12 9 64 53 36 0 0 4 5 18 15 121 121 0 0 0 44 121 44 12 8 0 0 0 0 0 121 69 0 1 13 6 0 0 121 86 3 2 45 9 0 2 28 112 32 7 116 16 6 36 30 6 5 0 121 19 1 0 12 6 0 0 118 67 0 0 2 4 0 0 121 65 0 1 0 0 0 5 121 55 0 0 0 0 0 18 121 12;
<CIRCLE 198 167 8.48528 0 6.79355e-07>; 0 7 71 94 30 118 85 1 2 6 118 71 14 37 77 16 4 9 102 31 0 1 60 16 0 0 24 34 17 10 23 1 0 5 118 118 8 4 67 40 9 12 118 86 3 2 118 118 16 14 43 4 0 4 93 102 0 0 4 3 0 20 87 11 19 0 5 8 0 2 118 105 21 3 0 1 5 14 118 115 0 0 0 1 15 33 66 27 0 0 0 0 2 15 29 7 20 17 9 3 9 14 12 17 28 34 5 4 7 0 0 3 0 1 0 4 26 7 1 0 0 0 0 0 5 4 2 0;
<CIRCLE 174 243 3.56762 0 6.41809e-07>; 0 0 4 6 131 131 18 0 60 17 18 3 55 40 6 12 131 30 2 0 0 0 0 13 11 2 4 9 0 0 0 0 0 0 61 131 131 19 0 0 64 31 18 65 77 7 0 7 131 71 3 0 0 0 0 13 13 7 6 12 1 0 0 0 0 0 61 120 53 121 16 0 90 10 12 33 11 13 6 58 131 13 0 0 0 0 1 103 11 0 0 1 2 4 4 4 1 4 39 38 61 49 22 10 103 17 0 2 19 25 43 17 131 28 0 0 0 2 5 25 5 0 0 0 0 6 13 3;
<CIRCLE 158 152 2.52269 0 6.29641e-07>; 39 18 22 16 0 0 0 0 0 0 56 54 3 0 0 0 0 0 88 89 0 0 0 0 0 0 87 88 3 2 0 0 38 13 107 107 1 0 0 1 0 0 130 130 3 0 0 0 0 0 130 130 0 0 0 0 0 0 130 100 0 0 0 0 1 8 130 130 0 0 0 0 0 0 130 130 0 1 1 0 0 0 75 77 0 0 3 2 0 0 48 14 0 0 10 5 10 1 25 31 4 4 9 23 0 0 10 18 19 20 15 17 0 0 2 4 1 1 45 54 0 0 0 0 0 0 85 51;
<CIRCLE 194 160 3 0 5.79585e-07>; 0 0 128 110 6 0 0 0 1 4 128 48 0 0 10 12 61 21 108 17 0 0 7 100 53 8 5 0 0 0 3 55 0 0 29 17 0 0 105 75 3 0 13 7 0 0 128 128 22 1 2 0 3 11 128 128 7 0 0 0 2 9 18 44 0 0 0 0 0 0 128 128 10 0 0 0 0 2 128 121 10 2 0 1 23 39 50 36 3 0 0 0 13 17 9 21 5 0 0 0 0 0 38 64 3 0 2 3 3 8 84 40 0 0 0 5 35 69 34 3 2 0 0 0 6 22 30 15;
<CIRCLE 164 187 3 0 5.79527e-07>; 12 1 8 2 6 78 122 122 5 0 2 4 10 46 122 122 9 0 0 0 0 2 121 122 4 0 1 0 0 0 70 81 3 31 122 20 1 10 45 27 13 34 112 49 18 25 34 18 26 52 92 11 1 2 21 53 30 36 45 3 0 0 21 23 2 18 106 21 5 10 72 52 7 26 89 14 0 0 98 122 9 30 45 4 0 0 78 117 23 22 16 3 1 1 33 43 24 11 0 1 10 18 48 40 21 8 1 0 0 0 35 53 2 7 8 0 0 0 12 18 9 7 8 1 0 0 2 2;
<CIRCLE 148 189 0.891905 0 5.254e-07>; 3 0 12 19 51 83 3 7 102 20 8 1 6 12 1 48 50 9 1 2 1 4 4 17 1 1 1 3 1 7 8 4 0 0 3 10 108 46 0 0 68 71 25 12 35 9 0 2 37 54 127 22 1 0 0 0 2 6 133 27 1 0 0 0 0 0 57 104 67 2 0 0 3 27 100 133 48 0 0 0 1 19 133 92 0 5 6 0 0 1 133 69 0 4 25 2 0 6 45 49 20 19 44 17 0 0 7 73 28 51 81 16 0 0 18 23 1 11 133 76 0 0 12 8 0 8 133 56;
<CIRCLE 168 142 1.5 0 5.04187e-07>; 0 0 25 24 0 0 0 0 0 0 38 30 7 2 0 0 0 0 25 22 32 50 0 0 0 0 8 14 26 122 0 0 0 0 86 51 0 0 0 0 0 0 101 101 9 1 0 0 0 0 122 69 10 2 0 0 0 0 95 82 19 9 0 0 0 1 77 58 3 10 8 0 0 1 122 94 21 3 0 0 0 0 122 97 20 4 0 0 0 0 122 82 7 0 0 0 0 0 122 114 1 1 0 0 0 4 122 93 0 0 0 0 0 0 122 82 3 0 0 0 0 0 118 49 3 0 0 0;
<CIRCLE 177 245 1.5 0 4.50009e-07>; 2 1 48 16 3 5 2 0 136 112 27 4 1 1 0 2 144 107 2 0 0 0 0 1 8 3 2 0 0 0 0 1 1 2 75 19 0 0 17 13 115 106 40 2 0 0 31 51 144 98 1 0 0 0 2 47 23 2 2 2 5 1 2 3 26 2 0 2 3 2 25 34 107 1 0 0 0 0 37 144 144 8 1 0 0 0 4 144 16 7 3 1 2 1 0 3 67 3 1 4 7 11 1 15 144 1 0 0 0 0 0 124 41 1 1 4 2 3 1 57 12 1 0 0 1 3 1 8;
<CIRCLE 200 158 4.24264 0 4.25469e-07>; 4 18 130 130 21 10 3 4 11 27 130 76 0 0 3 5 35 18 112 60 0 0 3 18 1 0 34 10 0 1 15 7 0 0 122 87 0 0 66 55 27 14 85 14 0 0 97 130 54 9 7 0 0 2 35 130 1 0 0 0 0 3 45 23 0 0 1 0 0 0 130 130 0 0 0 0 2 30 130 130 1 0 0 0 3 40 48 48 11 1 0 0 0 1 30 61 10 5 0 0 0 0 41 59 2 0 0 4 16 41 40 15 0 0 0 1 9 51 35 8 8 5 0 0 1 6 7 11;
<CIRCLE 196 166 7.13524 0 3.93633e-07>; 0 2 96 119 33 105 38 1 4 11 119 89 12 21 48 22 11 14 119 46 0 0 38 19 0 0 54 29 3 2 20 3 0 1 119 119 2 0 79 53 7 7 110 63 0 2 119 119 21 12 29 2 0 6 83 119 1 0 1 0 0 14 74 23 16 4 3 3 0 0 119 108 17 3 0 0 3 16 119 107 1 0 0 1 11 47 63 25 4 3 2 0 1 10 21 15 22 11 7 0 0 1 4 31 25 15 2 3 6 1 0 5 0 0 0 5 29 7 0 0 0 0 0 0 3 3 3 1;
<CIRCLE 84 186 6 0 3.89139e-07>; 0 0 0 11 16 9 105 22 1 8 73 110 52 71 78 5 42 66 128 20 4 18 21 48 15 9 128 52 6 7 11 14 0 0 22 22 30 25 8 14 0 6 57 75 90 128 91 0 1 40 127 18 4 71 128 37 0 4 100 35 4 43 128 34 0 0 128 52 0 0 0 0 0 0 121 63 6 27 18 2 0 0 54 48 4 24 59 3 0 0 25 41 7 18 34 4 0 0 24 7 0 0 11 9 0 0 12 5 0 0 15 10 0 0 3 4 4 10 10 1 0 0 0 0 3 11 15 1;
<CIRCLE 128 192 4.24264 0 3.76877e-07>; 0 1 122 34 4 56 128 44 1 3 128 35 5 67 128 55 1 1 52 58 7 65 128 53 2 2 11 11 1 15 128 128 0 1 60 54 9 36 85 31 4 28 71 38 6 38 112 38 3 37 71 52 8 28 127 27 2 10 80 54 8 13 58 32 0 0 26 31 9 29 29 0 0 8 31 19 1 6 95 14 2 15 29 14 2 9 83 32 4 1 8 14 5 35 70 24 0 0 0 0 3 10 14 1 0 0 0 0 0 1 33 6 15 0 0 0 0 5 25 31 6 2 1 2 19 47 20 12;
<CIRCLE 167 141 1.26134 0 3.65634e-07>; 0 0 26 26 0 0 0 0 0 0 41 26 1 0 0 0 0 0 22 26 26 20 0 0 0 0 7 9 27 93 2 0 0 0 83 49 1 0 0 0 0 0 104 115 4 0 0 0 0 0 133 73 9 0 0 0 0 0 133 65 8 5 0 0 0 8 93 43 1 5 22 0 0 7 69 74 25 10 2 0 0 0 78 63 42 32 1 0 0 0 88 43 11 16 2 0 0 0 133 114 4 6 14 0 0 0 133 116 3 1 0 0 0 0 133 133 6 2 0 0 0 0 133 70 1 1 0 0;
<CIRCLE 116 181 5.04538 0 3.63743e-07>; 40 36 110 8 2 13 11 35 21 6 124 52 7 13 16 23 7 1 124 90 31 20 3 4 6 7 98 124 11 9 7 6 2 40 124 5 0 17 124 31 1 3 124 39 4 47 124 49 1 4 124 42 4 51 124 43 1 1 32 48 4 34 124 55 0 0 37 30 2 17 102 10 0 0 52 47 7 24 62 21 2 21 53 24 3 18 66 21 1 12 34 36 5 14 54 13 0 0 11 8 1 6 10 0 0 0 5 8 4 18 21 0 0 2 5 3 0 2 47 9 2 1 2 2 1 10 31 11;
<CIRCLE 146 192 5.04538 0 3.20667e-07>; 0 2 122 63 4 31 116 27 2 1 68 119 7 36 122 79 1 1 18 23 2 18 122 110 1 1 1 2 0 1 122 122 3 23 47 19 3 31 120 38 2 16 53 59 10 35 122 43 5 21 102 20 3 10 97 57 17 35 20 1 0 1 29 54 1 9 23 10 0 3 65 15 2 6 18 20 5 25 76 21 18 9 14 5 4 20 50 68 12 10 6 0 0 0 11 48 3 0 0 0 0 0 16 14 13 0 0 0 7 32 48 62 8 11 31 13 31 86 27 5 12 44 86 7 7 8 0 1;
<CIRCLE 168 185 12 0 3.04543e-07>; 20 13 50 21 0 0 56 114 3 12 114 114 23 82 114 34 3 8 101 90 20 46 68 21 3 6 39 18 6 7 44 14 9 17 111 81 7 26 34 11 3 3 114 114 7 13 114 65 10 6 51 48 3 6 114 114 3 3 7 1 2 14 90 39 4 0 1 2 7 31 53 21 16 13 3 4 21 36 99 52 32 45 5 5 15 7 21 32 0 1 0 2 17 12 8 1 30 11 5 5 2 4 19 28 29 19 17 94 91 31 21 20 78 34 4 17 22 2 2 11 2 1 0 1 5 5 8 1;
<CIRCLE 164 182 10.0908 0 2.84206e-07>; 19 20 58 43 0 0 32 105 2 37 116 116 15 60 73 18 2 5 116 116 23 48 52 22 7 11 82 18 0 1 37 28 4 10 112 100 6 18 50 5 3 4 116 116 5 10 116 53 11 2 55 49 1 4 116 116 5 4 7 0 3 15 89 62 0 0 1 4 9 19 56 12 15 4 3 1 5 22 81 41 42 28 6 3 6 4 19 39 2 2 0 3 22 12 8 2 28 8 3 1 0 4 20 41 19 15 14 49 80 62 44 32 64 50 9 17 34 7 0 2 6 4 1 5 6 1 1 0;
<CIRCLE 198 152 1.78381 0 2.36742e-07>; 1 6 133 23 0 0 0 0 1 1 133 53 0 0 0 1 52 28 132 30 0 0 0 48 75 18 9 0 0 0 0 49 0 0 67 23 0 0 6 2 23 4 64 20 0 0 16 70 122 3 8 4 0 0 3 133 35 0 0 0 0 1 7 72 0 0 4 5 0 0 133 115 7 0 2 1 0 1 133 133 35 0 0 0 1 5 57 133 3 0 0 2 2 4 15 14 15 3 0 0 0 0 80 132 19 14 2 0 1 15 93 80 0 1 1 1 18 50 26 11 0 0 0 1 8 7 3 4;
<CIRCLE 108 197 1.5 0 1.69857e-07>; 0 1 147 54 4 5 12 3 4 5 138 66 32 22 2 7 14 22 123 29 7 21 30 21 0 3 68 12 18 44 19 0 8 4 7 3 10 9 7 7 3 4 22 69 119 48 5 2 7 57 147 60 32 43 33 2 0 12 147 36 5 24 44 1 12 1 1 1 4 11 17 23 2 0 2 14 55 139 43 3 0 2 33 13 19 147 147 0 0 1 54 12 0 39 147 15 0 0 0 0 8 14 13 3 0 0 1 3 7 14 6 0 0 0 0 0 0 19 40 3 0 0 0 0 0 4 67 6;
<CIRCLE 156 144 1.5 0 1.53431e-07>; 0 6 34 6 0 0 0 0 0 5 38 13 3 0 0 0 0 0 37 37 4 0 0 0 0 0 40 38 0 0 0 0 0 12 30 18 7 0 0 0 0 4 73 52 12 8 0 0 0 0 114 80 5 12 5 0 0 2 99 53 2 3 3 0 0 13 48 31 10 0 0 0 0 4 101 79 15 25 1 0 0 0 129 126 14 26 11 0 0 0 129 128 3 5 4 0 0 1 129 125 4 0 0 0 0 0 129 129 2 0 0 0 0 0 129 129 14 2 0 0 0 1 129 75 2 0 0 0;
<CIRCLE 109 197 1.5 0 1.45571e-07>; 0 1 145 56 9 8 9 3 8 10 134 51 25 19 4 12 10 17 106 25 10 31 34 15 0 3 63 13 14 38 17 0 7 3 4 4 24 13 6 7 3 12 54 86 111 52 9 1 5 56 149 39 16 36 38 1 0 4 149 44 4 23 46 3 11 1 1 2 11 21 10 19 0 0 4 16 53 149 79 0 0 2 43 11 9 131 149 0 0 0 52 12 0 22 149 27 0 0 0 1 9 13 8 1 0 0 1 2 4 14 10 0 0 0 0 0 0 16 50 5 0 0 0 0 0 2 66 6;
<CIRCLE 185 143 1.78381 0 1.31452e-07>; 0 8 5 21 62 118 0 0 0 107 73 23 27 11 0 0 0 124 124 4 0 0 0 0 0 14 124 64 0 0 0 0 0 0 43 124 77 12 0 0 0 4 46 68 65 34 2 0 8 51 120 21 3 11 3 1 1 29 124 23 0 0 0 0 0 0 124 124 5 0 0 0 0 0 124 109 7 6 0 0 0 1 124 64 1 1 0 0 0 1 124 23 0 0 0 0 0 1 55 32 0 0 0 0 0 1 39 28 2 0 0 0 0 0 32 22 0 0 7 3 1 1 28 10 0 0 22 22;
<CIRCLE 96 186 5.04538 0 1.30459e-07>; 0 3 92 99 46 61 32 1 19 75 140 25 5 27 31 22 14 22 140 41 1 11 27 22 3 1 140 68 6 13 23 8 0 1 30 34 45 140 66 0 1 25 74 13 4 101 140 17 1 6 86 19 2 23 140 81 1 3 45 22 5 66 140 30 0 0 90 44 2 10 5 0 0 0 74 44 2 16 43 1 0 0 48 46 7 15 28 6 0 5 37 31 4 11 30 5 0 0 13 5 0 0 12 9 0 0 5 4 1 5 17 3 0 0 0 1 5 15 11 0 0 0 0 0 0 4 28 3;
<CIRCLE 98 184 1.5 0 1.27723e-07>; 2 0 0 0 0 44 130 28 8 6 1 0 0 19 130 33 16 2 1 0 0 3 130 130 4 0 0 0 1 24 107 71 13 0 0 0 3 37 130 39 0 0 0 1 14 71 130 4 0 0 2 9 7 20 130 36 23 2 7 2 0 6 53 73 2 12 55 8 3 24 56 11 0 0 72 26 10 51 73 1 0 1 101 30 2 12 117 21 5 4 107 42 0 3 57 43 0 6 93 30 1 0 0 0 0 0 100 50 5 2 0 0 0 0 95 28 1 2 5 0 0 0 45 24 7 5 1 1;
<CIRCLE 63 274 1.5 0 1.16896e-07>; 0 25 21 2 4 3 4 0 0 3 4 0 0 2 14 5 2 0 0 0 0 8 14 5 4 1 1 0 1 3 4 3 0 144 144 0 0 1 4 0 6 144 68 0 0 3 15 4 8 43 10 0 0 9 68 11 0 2 0 0 1 15 82 7 5 81 51 0 0 30 116 9 17 144 91 1 3 21 64 11 7 144 144 6 8 13 25 5 6 144 84 0 0 7 67 19 6 0 0 0 0 7 46 9 1 3 6 1 9 34 58 7 1 84 66 14 30 23 2 0 10 144 63 1 0 0 0 0;
<CIRCLE 134 185 1.26134 0 1.05553e-07>; 21 18 10 7 4 13 82 41 0 0 3 4 1 25 123 27 0 0 7 3 2 34 123 25 0 0 22 10 8 88 123 18 14 54 123 4 0 0 75 48 0 13 123 66 2 7 110 27 0 0 123 99 3 11 71 13 0 0 123 98 4 8 44 7 85 89 66 5 2 0 0 0 5 24 86 23 5 3 4 3 1 6 30 26 14 33 18 0 0 0 9 17 24 29 5 0 81 89 17 8 7 0 0 3 13 23 84 11 0 0 17 17 1 3 91 46 10 2 8 1 0 0 61 70 18 0 0 0;
<CIRCLE 196 172 3.56762 0 1.03668e-07>; 0 0 42 24 0 0 141 118 4 1 18 6 0 0 141 141 23 1 1 0 4 19 103 141 3 0 0 0 0 4 30 42 0 0 0 0 0 0 141 141 1 0 0 0 3 25 141 141 1 0 0 0 35 104 57 31 14 0 0 0 2 10 21 71 21 11 5 0 0 0 45 93 10 3 7 22 21 27 63 44 0 0 1 10 42 107 57 3 3 0 0 1 7 33 50 22 39 32 7 0 0 0 3 14 10 15 6 12 12 13 2 0 0 0 7 20 28 14 5 0 0 0 4 18 18 13 3 0;
<CIRCLE 225 164 6 0 8.32736e-08>; 31 35 135 107 0 1 41 38 15 8 135 70 0 1 36 23 0 0 77 50 7 6 35 3 1 1 2 10 9 9 50 8 44 20 62 8 0 13 135 135 20 3 2 0 0 9 132 134 1 0 0 0 0 70 135 14 0 0 0 0 0 22 118 13 1 0 0 1 14 108 135 59 21 8 1 0 5 37 65 81 9 11 11 5 3 60 73 13 0 0 2 2 2 42 95 3 4 4 1 15 42 19 4 1 1 2 0 8 28 20 8 1 1 4 6 2 1 3 5 6 0 0 1 5 9 5 1 0;
<CIRCLE 109 196 1.78381 0 7.59121e-08>; 0 0 138 76 1 5 48 8 10 12 138 99 7 2 12 23 3 4 138 104 9 21 6 4 0 1 138 42 5 17 7 2 2 1 37 18 12 9 3 1 3 9 48 52 71 21 2 1 4 25 138 32 14 24 11 3 1 1 138 43 8 20 11 3 5 0 0 1 7 10 14 15 0 0 9 19 59 126 44 2 0 3 78 18 11 98 138 0 0 0 71 16 0 9 138 36 0 0 0 0 7 10 11 4 0 0 0 1 6 20 12 1 0 0 0 0 0 17 69 4 0 0 0 0 0 1 76 8;
<CIRCLE 109 196 5.04538 0 7.59121e-08>; 2 47 126 17 7 96 126 11 2 21 126 21 1 14 126 80 1 2 126 49 7 91 126 39 1 4 72 47 4 37 126 45 0 0 74 46 4 55 126 2 0 0 72 63 7 19 126 34 1 8 77 66 10 43 80 19 3 35 62 27 3 12 80 25 0 0 32 15 1 5 24 4 0 0 13 15 8 30 22 0 0 0 9 11 3 18 77 6 4 4 6 2 0 4 61 25 0 0 4 6 2 2 4 1 0 0 0 1 9 8 3 0 1 0 0 0 1 2 10 8 15 0 0 0 0 2 28 70;
<CIRCLE 108 195 5.04538 0 6.00363e-08>; 2 49 125 22 10 100 125 8 3 29 125 20 0 9 125 70 0 2 125 55 7 83 125 36 1 3 88 53 4 34 125 40 0 0 67 41 5 70 125 2 0 0 66 57 6 18 125 40 1 6 72 64 11 50 89 22 3 34 59 24 3 13 90 27 0 0 40 18 0 3 22 5 0 0 18 19 7 27 21 0 0 0 13 15 4 21 71 4 3 6 10 3 0 2 63 23 0 0 3 5 2 2 6 2 0 0 0 1 9 8 3 0 0 0 0 0 1 3 10 6 11 0 0 0 0 1 22 54;
<CIRCLE 225 163 5.04538 0 5.83748e-08>; 74 41 127 110 0 0 9 65 15 3 101 35 0 6 47 29 0 0 34 12 0 5 41 10 0 0 1 3 1 8 45 3 59 12 19 0 1 21 127 127 13 0 0 0 0 11 127 122 1 0 0 0 0 89 127 16 0 0 0 0 0 36 116 7 1 0 0 1 19 127 105 52 42 14 0 0 1 18 57 116 15 19 13 8 6 88 88 16 0 0 5 2 2 62 126 2 0 0 1 22 38 45 22 1 4 7 1 9 22 25 15 4 4 12 16 6 1 2 4 5 0 0 9 4 3 8 5 1;
<CIRCLE 222 160 1.5 0 5.58927e-08>; 4 1 1 2 0 4 12 20 2 0 0 2 0 17 45 26 0 0 0 0 3 42 62 12 0 0 0 0 1 18 47 16 4 3 2 4 0 1 61 53 17 0 1 3 0 15 102 141 1 0 0 0 1 118 141 67 0 0 0 0 0 82 141 27 15 1 0 0 0 0 123 141 76 41 2 0 0 7 58 141 17 42 3 0 0 48 141 51 1 3 1 0 2 131 124 22 52 18 0 0 0 0 7 32 38 44 2 0 0 0 19 38 41 57 2 0 0 0 6 40 7 8 2 0 1 13 18 37;
<CIRCLE 278 110 1.78381 0 5.28199e-08>; 0 0 0 0 0 4 13 3 0 0 0 0 2 7 8 1 2 1 1 0 0 1 9 9 2 5 0 0 0 0 9 6 0 0 0 0 0 7 66 9 0 0 0 0 0 4 117 20 0 0 0 0 0 0 129 98 0 0 7 3 0 0 129 72 0 0 40 27 1 3 129 25 2 3 113 28 0 0 129 56 6 10 129 44 0 0 92 118 0 3 129 76 0 0 80 40 0 0 129 75 0 1 23 4 0 0 129 49 0 0 27 11 0 1 129 32 0 0 31 20 0 0 70 20 1 3 29 9;
<CIRCLE 111 126 1.26134 0 5.15851e-08>; 2 1 0 0 0 2 8 4 2 4 2 4 4 3 11 6 4 1 1 3 5 2 14 18 6 1 0 0 0 2 5 8 5 13 2 0 0 1 7 5 18 4 0 0 0 3 33 55 1 0 0 1 12 23 80 49 0 0 0 0 8 19 94 66 11 1 0 0 0 2 26 15 64 25 2 0 0 0 7 58 45 13 2 2 11 10 61 178 8 0 0 0 2 4 178 178 7 3 1 0 0 0 26 29 20 1 0 0 0 0 31 178 128 1 0 0 0 0 22 178 65 4 0 0 0 1 27 178;
<CIRCLE 105 190 0.891905 0 4.75495e-08>; 0 2 92 25 0 2 143 43 0 0 137 78 0 6 134 34 13 15 143 51 0 0 28 68 11 9 143 100 0 4 3 15 0 5 143 71 0 0 3 1 2 1 143 133 7 6 4 2 3 1 143 68 17 17 6 4 6 2 143 34 0 1 18 16 1 3 25 6 1 4 29 6 3 1 8 8 12 10 8 10 3 1 0 4 37 25 6 2 26 17 0 0 2 1 9 14 1 2 6 4 2 1 3 0 1 0 0 4 10 5 7 1 0 0 3 27 41 9 0 0 5 29 55 24 5 0 0 0;
<CIRCLE 106 190 2.12132 0 3.90802e-08>; 0 0 0 0 0 57 132 42 6 1 1 0 0 6 132 132 12 3 12 10 47 39 77 132 0 0 5 10 75 132 63 13 0 0 94 62 1 47 49 0 7 5 132 64 0 8 58 32 11 12 132 89 15 9 3 29 0 0 118 73 19 26 10 3 0 1 73 53 1 0 0 0 0 0 59 43 24 8 1 1 0 7 98 43 26 11 3 0 0 1 87 34 9 1 7 1 0 1 2 2 0 0 12 7 0 0 0 1 13 26 10 5 0 0 13 9 19 67 56 0 0 0 24 6 0 12 106 8;
<CIRCLE 173 192 1.78381 0 3.86978e-08>; 72 105 80 20 10 2 1 10 5 16 124 75 1 3 5 5 31 69 124 27 0 0 5 19 66 44 6 0 0 0 0 11 25 72 94 22 0 0 124 124 5 10 122 43 0 0 124 124 37 30 53 12 10 9 124 124 54 57 24 4 12 8 15 28 3 6 18 1 0 0 112 97 5 23 64 0 0 0 67 69 1 20 76 17 12 6 35 21 14 10 14 10 14 9 6 6 1 1 16 4 0 1 7 4 2 7 23 0 0 0 11 8 7 12 15 0 0 0 1 3 12 7 6 1 0 0 1 8;
<CIRCLE 222 161 2.12132 0 3.70309e-08>; 0 0 0 0 0 3 25 16 0 0 0 0 0 11 69 17 0 0 0 0 0 24 94 4 0 0 0 0 0 13 61 4 0 0 0 0 0 3 73 58 5 0 0 0 0 4 136 140 2 0 0 0 0 55 140 49 0 0 0 0 0 134 140 0 42 0 0 0 0 0 47 129 86 11 0 0 0 0 42 140 58 16 0 0 0 25 124 53 2 0 0 0 1 140 90 8 39 0 0 0 0 0 11 89 70 9 2 0 0 0 3 57 68 47 5 0 0 0 3 42 9 13 7 7 21 45 17 17;
<CIRCLE 125 57 8.48528 0 3.44006e-08>; 0 0 0 0 0 0 34 4 0 0 0 1 0 7 32 8 0 0 1 0 1 15 36 0 0 0 0 0 0 7 48 0 0 0 0 0 2 11 50 5 1 7 33 62 47 22 23 3 57 61 50 24 9 4 16 8 10 2 0 0 0 14 40 7 0 0 0 0 1 19 92 23 8 7 7 19 139 139 33 5 139 51 10 10 74 53 11 34 54 1 0 0 0 10 79 27 0 0 0 0 0 3 81 18 1 0 0 0 55 139 125 46 115 3 0 0 29 124 139 134 35 0 0 0 0 50 139 38;
<CIRCLE 125 56 8.48528 0 3.14231e-08>; 0 0 0 0 0 0 35 4 0 0 0 0 0 7 33 8 0 0 1 0 1 16 36 0 0 0 0 0 0 8 50 0 0 0 0 0 1 11 50 5 1 7 33 61 43 20 24 3 53 60 50 24 8 4 18 7 10 2 0 0 0 15 40 7 0 0 0 0 2 20 95 23 9 8 8 23 137 137 33 5 137 56 12 11 74 50 10 33 54 1 0 0 0 10 82 27 0 0 0 0 0 4 82 19 1 0 0 0 62 137 118 39 129 4 0 0 33 127 137 130 39 0 0 0 0 44 137 39;
<CIRCLE 200 164 1.26134 0 3.02109e-08>; 36 10 0 0 0 18 124 124 2 2 0 0 7 124 124 63 0 0 0 5 39 56 10 8 0 0 7 9 14 4 5 6 88 124 27 0 2 8 14 31 3 95 63 7 32 124 12 2 0 3 7 7 123 124 2 0 9 1 0 0 24 22 7 12 10 32 8 0 0 23 106 48 1 90 65 6 8 51 58 2 0 20 28 32 86 52 5 1 4 0 0 2 21 43 20 11 0 0 0 0 1 32 124 19 0 0 0 0 54 124 85 0 0 0 1 8 70 51 4 0 2 0 0 6 12 10 4 2;
<CIRCLE 199 260 16.9706 0 3.01156e-08>; 5 6 82 88 39 69 123 44 19 27 42 75 12 20 123 123 4 9 3 2 19 55 123 59 0 0 0 0 12 57 123 5 34 6 8 84 80 30 94 84 123 88 22 121 104 21 37 36 61 26 1 1 28 49 34 19 0 0 0 0 12 31 114 22 7 1 3 42 80 1 4 11 123 5 2 44 63 0 0 13 51 0 0 0 0 10 19 16 3 0 0 0 0 3 38 19 0 0 0 0 0 0 0 0 0 0 0 0 0 0 0 0 0 0 0 0 0 0 0 0 0 0 0 0 0 0 0 0;
<CIRCLE 11 272 1.78381 0 2.8168e-08>; 1 11 55 2 0 18 96 2 6 41 99 0 0 22 126 16 0 64 126 1 2 63 111 2 5 41 126 5 0 13 69 17 24 29 43 11 9 6 14 1 104 71 61 20 9 13 69 39 8 21 54 111 56 65 79 9 12 45 53 25 3 11 84 27 4 26 126 11 2 1 6 6 16 78 126 20 1 1 11 3 3 26 126 87 7 0 8 13 1 46 126 14 0 4 10 2 0 1 7 0 0 0 16 14 0 1 12 0 0 4 26 9 6 2 7 0 0 2 18 34 0 2 4 0 1 14 20 7;
<CIRCLE 150 206 2.52269 0 2.75314e-08>; 0 1 52 48 3 5 120 21 3 0 26 40 14 72 120 38 21 7 43 4 1 6 120 120 5 3 13 2 0 0 104 111 2 0 0 0 2 7 79 24 8 8 1 7 75 68 46 13 108 62 2 4 15 12 14 31 19 10 3 0 0 3 8 13 27 3 0 0 1 6 11 32 7 1 3 19 49 120 30 11 92 47 11 12 26 68 11 4 39 30 39 1 0 0 0 3 89 13 5 5 4 15 20 66 19 0 21 60 93 120 48 32 9 17 89 75 31 69 47 0 6 23 120 38 9 32 5 0;
<CIRCLE 196 142 1.5 0 2.72156e-08>; 0 68 131 11 0 0 0 0 0 6 131 119 0 0 0 0 0 0 55 131 6 0 0 0 0 0 27 58 10 2 0 0 14 58 105 3 0 1 3 9 2 25 131 46 0 0 0 0 0 3 111 76 2 0 0 0 7 16 67 19 5 1 0 1 2 3 131 35 0 0 1 2 0 3 131 42 1 0 0 0 6 4 131 78 2 0 0 11 87 37 90 16 0 0 0 70 0 1 48 17 0 0 0 0 1 4 69 16 2 0 1 3 49 3 24 16 6 0 1 92 68 1 2 0 0 0 0 131;
<CIRCLE 150 204 2.52269 0 2.49229e-08>; 0 1 76 82 10 3 82 14 1 3 54 72 23 54 115 30 9 13 107 9 1 4 115 115 5 8 37 10 0 0 115 115 1 0 2 1 1 7 115 25 10 6 1 5 53 76 97 25 90 44 1 3 10 9 52 73 14 5 4 1 0 2 22 31 16 1 0 0 2 7 15 32 6 3 1 7 64 115 26 7 109 57 2 4 21 56 10 4 36 25 9 0 0 0 1 3 63 12 4 3 3 9 12 39 13 0 19 61 71 94 26 23 22 24 73 63 32 41 10 0 14 28 115 24 4 6 0 0;
<CIRCLE 266 270 4.24264 0 2.22651e-08>; 0 0 0 0 0 20 60 2 0 0 0 0 0 12 83 20 4 0 0 0 0 28 94 30 11 0 0 0 0 2 33 53 0 0 0 0 0 22 139 61 0 0 0 0 2 13 150 150 0 0 0 0 6 101 150 39 1 0 0 0 0 49 150 28 47 0 0 0 0 3 64 141 30 0 0 0 29 27 98 150 3 0 0 0 47 71 100 39 1 0 0 0 1 42 150 24 9 0 0 0 0 0 0 3 7 0 0 0 3 1 0 5 1 0 0 0 4 2 0 2 0 0 0 0 0 2 1 1;
<CIRCLE 194 263 14.2705 0 2.01609e-08>; 12 1 11 23 27 74 124 80 53 83 14 18 39 31 124 124 11 24 3 5 42 38 78 25 0 0 0 2 35 31 39 1 69 29 33 124 124 32 56 76 124 88 23 124 124 23 13 41 89 26 2 2 19 31 36 30 0 0 0 0 16 29 98 19 4 2 6 51 116 7 9 5 124 0 1 38 60 0 0 32 54 0 0 0 0 9 22 23 4 0 0 0 0 3 42 19 0 0 0 0 0 0 0 0 0 0 0 0 0 0 0 0 0 0 0 0 0 0 0 0 0 0 0 0 0 0 0 0;
<CIRCLE 132 199 1.78381 0 1.85932e-08>; 11 40 32 96 41 1 2 0 53 142 110 18 5 0 5 1 5 23 142 66 4 1 8 4 0 0 110 122 14 3 21 7 0 7 28 64 11 11 142 40 5 62 71 8 3 5 142 58 1 9 115 17 0 4 142 85 0 0 31 21 1 4 142 45 0 1 2 0 1 10 99 31 8 8 4 0 0 4 103 29 6 6 2 0 2 7 66 27 1 0 0 0 0 4 58 14 0 0 0 1 6 12 4 2 5 1 0 0 1 3 3 14 11 1 0 0 0 0 0 26 5 0 0 0 1 3 13 28;
<CIRCLE 11 271 2.12132 0 1.51642e-08>; 0 17 139 1 0 5 31 0 0 96 140 0 0 6 65 5 0 100 140 0 0 14 32 0 3 60 140 1 0 1 10 5 8 13 18 9 1 3 32 3 49 53 36 12 4 18 118 44 3 20 66 48 26 79 106 13 6 33 71 9 1 7 76 31 2 21 101 12 0 0 2 2 17 93 140 20 1 0 5 5 3 26 140 77 8 2 5 9 1 43 137 10 0 2 5 3 0 2 8 0 0 0 5 7 0 3 18 0 0 0 13 8 4 2 13 0 0 2 10 22 1 5 6 0 0 7 9 5;
<CIRCLE 34 268 3 0 1.48087e-08>; 0 18 81 0 0 1 17 3 2 23 46 0 0 1 22 6 3 12 19 1 0 8 21 5 3 4 4 0 0 2 10 3 3 85 143 1 0 4 13 11 2 102 143 16 12 0 0 1 0 140 143 12 7 4 4 0 3 135 143 2 0 1 8 6 2 43 106 7 1 3 10 8 4 44 94 30 34 7 1 1 5 36 141 22 27 77 24 2 0 142 143 8 9 83 35 1 2 11 17 0 0 1 2 2 8 16 26 2 0 0 0 0 13 2 2 0 1 16 12 4 0 1 0 0 7 50 26 3;
<CIRCLE 265 270 3.56762 0 1.41394e-08>; 0 0 0 0 0 25 44 3 3 0 0 0 0 10 58 27 1 0 0 0 0 38 94 18 20 0 0 0 0 9 40 40 0 0 0 0 0 19 130 64 0 0 0 0 4 7 151 151 0 0 0 7 18 87 151 59 1 0 0 0 1 89 151 12 62 0 0 0 0 1 80 150 26 0 0 2 42 21 79 151 5 0 0 19 91 64 62 52 6 0 0 0 2 48 129 44 23 0 0 0 0 0 0 7 11 0 0 0 6 4 0 12 1 0 0 0 9 11 3 5 2 0 0 0 0 3 2 6;
<CIRCLE 42 271 3.56762 0 1.17167e-08>; 0 35 86 0 0 0 19 4 2 32 63 0 0 3 18 5 3 17 18 0 0 2 14 3 0 1 6 3 1 10 10 0 2 84 156 16 3 0 0 0 0 105 156 31 11 8 1 0 1 156 156 5 3 8 6 2 3 156 120 0 0 12 14 2 3 45 69 11 3 0 0 0 9 12 55 22 15 42 17 4 2 90 132 6 11 106 33 6 20 156 104 0 0 6 10 19 1 3 1 0 0 0 0 0 3 1 0 0 0 1 1 1 0 0 0 0 2 10 3 1 2 5 2 0 0 0 1 5;
<CIRCLE 65 272 3.56762 0 1.13313e-08>; 2 14 14 0 0 2 12 3 0 1 7 3 1 15 11 1 0 0 2 1 3 5 17 15 0 0 0 0 0 2 33 13 1 152 152 2 1 8 5 1 7 152 104 0 0 13 21 7 15 42 3 0 0 2 97 62 0 0 0 0 0 0 152 58 5 85 80 2 6 62 24 10 28 152 102 0 0 1 7 19 140 152 39 0 0 0 57 54 38 10 0 0 0 0 152 69 0 0 0 0 1 3 1 1 2 6 2 0 0 0 0 2 19 22 2 0 0 0 0 0 6 1 0 0 0 0 2 1;
<CIRCLE 94 191 1.78381 0 1.13116e-08>; 1 3 5 3 11 129 124 68 1 4 5 2 0 66 129 83 0 0 6 5 2 126 129 7 3 0 16 6 0 21 129 47 1 23 89 52 1 5 14 9 1 26 129 70 3 18 35 10 0 0 129 116 7 29 40 1 0 0 129 75 2 4 44 8 0 0 94 107 0 0 0 0 0 12 120 72 1 0 0 0 0 3 56 52 9 1 0 0 2 1 25 13 12 7 2 1 0 0 22 19 2 4 9 2 3 11 10 7 1 5 19 5 2 4 3 4 1 1 14 9 3 0 0 0 6 9 8 9;
<CIRCLE 21 265 2.12132 0 1.06323e-08>; 0 31 89 1 0 1 4 1 1 12 73 2 0 1 8 3 2 11 49 1 0 0 7 2 2 9 11 0 0 0 6 3 0 101 149 0 0 13 46 2 3 83 149 2 0 7 23 5 4 136 149 0 0 0 7 7 1 73 149 4 0 0 0 1 11 17 39 34 16 51 90 16 6 31 77 18 9 29 93 29 8 55 69 9 2 3 46 25 1 24 86 20 44 15 5 3 4 21 134 43 4 0 2 4 1 32 128 20 1 2 5 4 2 74 89 7 0 0 1 2 2 27 53 21 16 5 0 0;
<CIRCLE 127 199 1.78381 0 8.25379e-09>; 4 6 68 33 4 9 2 1 16 56 40 121 52 1 3 0 53 136 115 17 4 0 5 2 3 16 136 55 3 1 7 3 0 0 106 43 1 2 116 42 1 10 34 79 15 14 136 50 4 62 74 7 2 4 136 60 1 6 91 14 0 3 136 67 0 0 0 0 0 1 136 41 1 2 3 1 2 13 124 39 8 8 4 0 0 4 103 29 4 5 2 0 1 5 52 21 1 0 0 0 0 1 10 2 0 0 0 1 8 15 5 2 5 1 0 0 1 3 3 14 9 1 0 0 0 0 0 21;
<CIRCLE 180 255 5.04538 0 8.13214e-09>; 0 1 27 134 134 123 12 0 134 49 8 27 60 18 0 11 108 26 5 14 1 0 0 2 1 1 2 17 2 0 0 0 5 0 61 134 131 83 5 3 134 27 6 37 23 9 2 86 113 11 1 3 2 5 8 37 1 0 0 2 1 3 14 4 8 4 47 57 62 63 57 31 134 18 0 1 12 24 60 48 121 8 0 0 0 7 25 21 0 0 0 0 0 3 41 7 17 9 26 25 22 17 14 14 93 6 1 1 1 7 16 24 81 0 0 0 0 0 11 20 0 0 0 0 0 1 21 1;
<CIRCLE 191 233 10.0908 0 6.88516e-09>; 16 2 5 10 4 19 125 56 66 23 5 3 4 5 91 119 6 4 1 5 41 35 51 21 0 1 0 1 9 14 19 5 29 18 19 48 109 119 115 75 121 125 33 34 78 28 2 6 23 21 3 18 31 6 1 0 0 0 0 3 23 10 3 0 40 43 62 125 125 35 16 25 125 35 4 82 93 11 7 62 48 7 2 6 1 4 39 20 0 0 0 1 8 19 36 4 5 0 3 30 96 21 4 5 125 0 0 3 12 4 6 47 25 0 0 0 0 2 29 13 2 0 0 0 0 7 25 9;
<CIRCLE 8 160 3 0 6.09229e-09>; 0 0 0 0 0 0 4 0 0 0 0 0 0 2 64 8 5 0 0 0 0 7 55 17 0 0 0 0 0 4 54 37 0 0 0 0 0 0 23 4 0 0 0 1 2 32 143 40 0 0 0 0 2 103 143 27 0 0 0 0 0 6 143 143 0 0 0 0 0 1 10 1 0 0 0 4 9 27 143 17 0 0 0 2 6 38 143 92 0 0 0 0 0 2 143 143 0 0 0 0 0 0 9 1 2 0 0 0 0 2 133 40 3 0 0 0 0 0 143 82 0 0 0 0 0 0 90 52;
<CIRCLE 187 234 7.13524 0 5.74783e-09>; 15 16 23 7 9 25 28 47 52 65 26 3 1 0 0 22 11 12 2 13 40 3 0 0 0 0 0 1 21 9 4 0 9 21 36 75 150 150 63 17 150 150 42 20 57 12 0 0 42 25 4 30 15 0 0 0 0 1 1 6 9 5 4 0 21 12 43 150 150 34 6 9 150 37 4 44 52 5 3 50 58 10 3 11 2 4 17 15 1 1 0 1 3 7 15 7 12 0 5 66 80 34 14 15 150 0 0 1 7 7 15 79 43 0 0 0 0 3 43 22 0 0 0 0 0 9 40 4;
<CIRCLE 135 200 2.52269 0 5.4205e-09>; 7 71 86 81 6 0 4 3 16 128 128 41 2 0 2 2 0 2 107 128 39 1 10 1 1 21 96 103 38 12 27 4 2 20 32 57 8 8 128 34 7 71 100 14 1 2 128 69 0 2 74 54 2 8 128 43 4 1 13 28 16 82 128 38 1 0 0 0 2 10 87 21 13 2 0 0 0 2 72 34 6 1 0 0 2 8 71 36 5 5 1 5 68 61 27 7 0 0 0 0 3 3 3 3 11 1 1 1 0 1 3 20 39 7 1 0 1 5 10 35 7 0 4 19 30 77 21 12;
<CIRCLE 337 128 1.78381 0 4.67408e-09>; 0 0 0 7 75 165 20 4 1 0 0 4 7 21 30 11 1 0 0 1 10 13 31 12 1 0 0 0 3 9 23 7 0 0 32 113 165 165 21 2 2 2 5 12 29 52 139 45 1 0 0 1 17 88 69 12 1 0 0 0 2 14 39 29 0 5 165 165 117 35 26 8 2 40 89 19 13 20 80 25 0 4 20 16 28 65 35 3 0 0 0 0 9 35 20 5 9 1 12 12 1 2 53 54 0 6 5 10 6 9 84 24 0 0 2 9 17 26 30 1 0 0 0 0 17 33 3 0;
<CIRCLE 95 192 2.52269 0 4.55891e-09>; 0 0 4 5 8 147 147 25 0 1 1 1 0 65 147 65 0 0 3 3 0 50 147 82 10 3 17 5 7 7 103 147 0 5 80 42 4 17 15 5 0 10 147 68 1 24 43 14 0 0 142 84 2 29 44 3 6 6 147 56 6 2 13 20 0 0 97 50 0 0 2 0 0 5 77 52 1 1 6 2 0 1 30 27 5 3 6 5 0 1 22 21 33 30 9 1 0 0 5 2 0 1 27 9 0 0 0 1 0 8 38 5 0 0 0 0 2 6 19 7 0 0 0 0 6 25 14 1;
<CIRCLE 286 100 5.04538 0 3.3782e-09>; 0 0 1 1 1 7 12 4 0 0 0 1 1 9 25 17 0 0 0 0 0 6 68 21 19 7 12 5 3 17 47 69 0 0 0 0 0 17 31 5 19 2 0 0 0 1 46 53 39 2 0 1 14 11 75 83 21 12 50 53 105 28 43 34 16 22 29 13 0 6 118 60 8 8 95 25 0 3 118 106 18 2 72 118 35 17 118 70 9 11 27 118 118 19 40 55 26 70 93 27 1 2 37 32 1 5 118 37 0 1 31 14 0 0 69 75 6 12 41 5 82 37 13 28 11 19 70 118;
<CIRCLE 10 270 2.52269 0 2.51067e-09>; 0 8 100 1 0 1 6 0 0 96 137 2 0 2 21 0 0 92 137 1 0 2 10 0 2 46 137 2 0 0 1 1 0 3 19 4 0 3 22 0 31 51 79 7 1 14 128 29 6 50 137 28 16 68 125 16 8 58 137 6 1 6 63 28 0 5 48 7 0 0 1 1 22 87 137 17 1 1 8 9 7 35 137 74 11 11 14 13 2 51 123 12 0 3 13 6 0 1 4 0 0 0 2 3 0 4 18 0 0 0 10 8 3 2 16 0 0 2 9 16 1 7 8 0 0 4 7 5;
<CIRCLE 17 260 1.78381 0 2.435e-09>; 0 1 16 6 0 3 15 2 0 1 6 1 1 12 17 1 3 3 0 0 0 3 25 7 0 1 1 1 0 2 26 2 1 74 148 2 1 0 10 4 0 58 148 3 2 3 13 1 2 16 121 9 1 3 5 2 1 19 60 3 0 0 0 0 0 79 148 0 0 12 85 3 0 120 148 3 0 27 48 0 5 78 148 10 0 5 31 11 3 110 148 0 0 0 9 6 33 14 8 7 6 20 92 26 3 11 20 32 23 68 94 6 10 22 34 12 1 11 115 35 5 27 26 8 1 4 44 14;
<CIRCLE 17 259 2.52269 0 1.52274e-09>; 0 0 2 2 0 6 37 1 0 0 1 1 1 32 37 1 0 0 0 0 0 5 56 9 3 0 0 0 0 1 45 7 0 54 149 7 0 1 6 0 0 48 148 2 0 6 13 2 3 17 103 2 0 2 18 6 2 16 35 1 0 1 16 3 5 69 149 0 0 8 78 9 1 115 149 1 3 33 74 6 7 109 149 2 0 5 36 16 2 98 149 4 3 1 4 4 27 48 60 9 1 4 37 14 9 26 93 59 19 39 60 12 5 42 92 16 2 6 48 21 2 38 50 13 21 7 8 5;
