KOEN1
128
208
<CIRCLE 151 169 4.24264 0 0.000627098>; 1 4 31 3 0 7 46 4 1 1 46 22 2 12 8 0 2 1 37 17 0 0 19 19 1 5 30 4 0 0 68 9 0 0 3 0 2 108 157 0 5 0 9 5 27 157 101 29 45 1 6 1 1 17 113 157 3 0 0 0 0 0 157 78 0 0 0 0 3 55 46 0 0 0 0 0 8 157 157 29 17 0 0 0 0 18 134 157 4 0 0 0 0 0 42 37 0 0 2 0 0 1 1 0 0 0 1 0 0 5 13 0 0 0 1 0 0 0 11 6 0 0 1 0 0 0 0 0;
<CIRCLE 151 170 3.56762 0 0.000600568>; 0 1 39 4 0 18 85 0 1 0 46 13 6 24 11 0 8 1 30 12 0 0 22 39 0 1 16 4 0 3 119 19 0 0 0 0 15 145 145 0 5 0 4 2 55 145 79 25 86 1 2 0 1 14 77 145 16 0 0 0 0 2 145 108 0 0 0 0 8 55 14 0 0 0 0 0 11 145 145 25 19 0 0 0 0 15 136 145 8 0 0 0 0 0 11 35 0 0 0 0 0 1 1 0 0 0 0 0 0 4 12 0 0 0 0 0 0 0 9 5 0 0 0 0 0 0 0 1;
<CIRCLE 288 164 1.78381 0 0.00054315>; 0 0 3 0 0 47 136 2 15 5 3 0 6 75 78 38 54 12 1 0 1 1 136 90 3 0 0 0 0 0 136 29 0 0 0 0 20 85 136 0 28 13 0 0 136 136 45 14 136 47 0 0 19 20 37 95 52 2 0 0 0 0 75 25 0 0 0 1 17 15 1 0 2 0 0 0 72 136 98 19 62 0 0 0 4 24 105 136 21 0 0 0 0 0 0 21 0 0 0 0 0 3 1 0 0 0 0 0 0 9 18 0 0 0 0 0 0 2 20 8 0 0 0 0 0 0 2 4;
<CIRCLE 288 165 1.78381 0 0.000537369>; 0 0 1 0 1 67 139 1 22 8 1 0 20 117 86 36 95 23 0 0 3 2 139 100 9 0 0 0 0 0 139 34 0 0 0 1 27 69 85 0 24 10 0 0 139 139 48 16 139 38 0 0 20 27 42 121 58 2 0 0 0 0 36 23 0 0 0 0 12 14 1 0 0 0 0 0 42 115 100 15 32 0 0 0 2 19 106 125 13 0 0 0 0 0 1 20 0 0 0 0 0 2 1 0 0 0 0 0 0 4 10 0 0 0 0 0 0 1 12 3 0 0 0 0 0 0 2 3;
<CIRCLE 113 145 10.0908 0 0.000459433>; 0 0 0 3 3 8 14 0 0 0 11 29 1 3 43 4 0 0 43 135 8 7 27 2 0 0 19 137 18 2 4 1 0 0 0 2 6 0 0 0 0 0 37 137 130 28 2 0 0 5 137 137 31 23 13 0 5 16 76 100 1 1 9 8 0 0 0 0 5 2 0 0 0 0 1 17 112 137 44 0 0 2 22 16 29 137 137 4 0 6 20 6 0 55 137 107 0 0 0 0 0 0 0 0 0 0 0 0 0 13 9 0 0 0 2 1 0 47 68 1 0 0 5 2 0 19 81 37;
<CIRCLE 206 171 4.24264 0 0.000452462>; 6 5 3 3 2 39 97 5 20 26 11 15 3 33 32 15 13 5 2 15 6 18 66 16 10 10 21 5 0 4 82 4 0 0 0 0 9 133 145 4 19 13 0 0 40 145 87 26 66 17 0 0 0 25 134 145 6 0 0 0 0 30 145 72 0 0 0 0 8 45 18 0 1 0 0 0 18 145 145 18 23 0 0 0 0 18 145 145 6 0 0 0 0 10 32 41 0 0 1 0 0 1 0 0 0 0 0 0 0 3 12 0 0 0 0 0 0 0 11 4 0 0 0 0 0 0 0 0;
<CIRCLE 292 159 1.78381 0 0.000384724>; 0 1 23 0 0 0 5 2 0 1 21 1 0 0 25 8 0 5 20 1 0 0 50 3 0 5 11 0 0 0 37 21 6 2 3 0 6 98 111 21 74 19 1 0 3 8 137 114 17 2 0 0 0 0 146 56 0 0 0 0 0 0 146 74 4 3 0 0 121 146 47 2 146 48 1 0 48 51 35 85 124 9 0 0 0 0 75 48 2 0 0 0 0 0 69 12 0 0 0 0 43 75 37 1 34 0 0 0 10 40 111 106 30 0 0 0 0 0 3 42 3 0 0 0 0 0 0 2;
<CIRCLE 324 109 2.52269 0 0.000382019>; 55 17 5 9 27 15 4 10 27 16 27 0 0 0 0 1 1 11 9 0 0 0 0 0 0 1 0 0 0 0 0 0 8 41 106 72 24 4 1 0 24 79 132 58 0 0 0 6 90 124 71 0 0 0 0 15 9 4 0 0 0 0 0 0 2 1 23 131 114 6 1 1 132 24 68 96 20 0 0 132 132 30 8 0 0 0 0 132 10 1 0 0 0 0 0 3 14 0 0 62 113 1 1 21 132 1 0 11 17 0 0 132 66 1 0 0 0 0 0 63 2 0 0 0 0 0 0 1;
<CIRCLE 140 164 1.78381 0 0.000380915>; 0 3 34 0 0 0 35 0 0 3 41 0 0 1 37 1 0 3 38 1 0 5 9 0 0 1 34 1 0 0 0 0 0 0 0 0 0 10 158 0 0 0 1 0 8 74 158 1 0 0 2 1 79 158 74 0 0 4 6 1 13 6 0 0 0 0 0 0 0 5 113 0 0 0 0 0 50 73 105 0 0 0 0 0 158 158 12 0 1 1 0 0 20 97 17 2 0 0 0 0 1 1 1 0 0 0 0 0 9 17 1 0 0 0 0 0 19 158 14 0 0 0 0 0 1 158 126 8;
<CIRCLE 150 167 5.04538 0 0.000370834>; 3 9 40 1 0 3 15 9 2 8 52 23 0 1 2 2 1 3 42 28 0 0 6 2 9 25 62 10 0 1 16 5 0 2 13 0 0 71 151 0 4 1 26 10 20 151 131 16 32 1 18 7 3 22 124 151 2 1 5 1 0 1 151 52 0 0 0 0 1 35 98 0 1 0 0 0 12 151 143 26 22 0 0 0 0 36 146 151 3 0 0 0 0 0 94 33 0 0 3 0 0 0 0 0 0 1 2 0 0 5 10 0 0 0 2 0 0 0 11 6 0 0 2 0 0 0 0 0;
<CIRCLE 287 165 1.26134 0 0.000370386>; 0 0 0 0 2 113 130 0 5 9 4 1 74 130 32 6 128 112 8 1 27 10 12 24 96 35 0 0 0 0 69 22 0 0 0 1 23 26 4 0 0 0 0 0 130 130 20 0 130 27 2 0 78 48 62 120 130 16 0 0 0 0 1 61 0 0 0 1 10 6 1 0 0 0 0 0 59 110 81 0 15 0 0 0 6 42 130 115 27 0 0 0 0 0 11 59 0 0 0 0 0 2 3 0 0 0 0 0 0 6 12 0 0 0 0 0 0 5 18 2 0 0 0 0 0 0 5 4;
<CIRCLE 288 163 2.12132 0 0.000361955>; 0 0 11 0 0 12 134 1 3 1 12 0 0 27 68 26 9 0 7 0 0 0 133 63 0 1 4 0 0 0 134 33 0 0 0 0 6 70 134 2 33 3 0 0 74 134 107 26 134 9 0 0 8 18 101 132 22 0 0 0 0 0 134 48 0 0 0 1 14 20 13 0 6 0 0 0 72 134 80 20 91 1 0 0 5 28 86 134 22 0 0 0 0 0 3 18 0 0 0 0 0 3 1 0 0 0 0 0 0 13 22 1 0 0 0 0 0 2 24 12 0 0 0 0 0 0 1 4;
<CIRCLE 208 159 2.12132 0 0.000353817>; 61 31 11 24 10 0 0 0 3 4 13 76 32 0 5 2 7 4 9 12 2 1 11 6 21 6 10 0 0 0 5 16 16 23 30 12 5 28 9 5 54 2 12 22 8 10 69 117 7 2 4 5 32 101 98 29 1 6 28 1 4 23 55 5 26 5 0 0 72 117 15 6 117 84 34 30 15 10 13 64 46 15 31 106 72 43 26 56 30 0 0 1 5 16 117 117 2 4 0 0 117 117 8 0 12 61 42 9 17 51 56 12 117 13 36 26 0 0 23 117 96 0 0 0 0 1 29 117;
<CIRCLE 111 144 10.0908 0 0.000353213>; 0 0 0 3 4 9 13 0 0 0 8 23 1 3 45 4 0 0 39 120 7 7 31 3 0 0 19 137 19 2 5 0 0 0 0 1 4 0 1 0 0 0 30 137 120 22 2 0 0 4 137 137 38 21 10 0 4 14 83 114 1 1 6 6 0 0 0 0 3 1 0 0 0 0 1 19 116 137 33 0 0 3 25 21 40 137 137 1 0 6 23 8 0 62 137 98 0 0 0 0 0 0 0 0 0 0 0 0 0 14 8 0 0 0 1 1 0 51 72 0 0 0 4 2 0 25 92 39;
<CIRCLE 322 110 3 0 0.000339808>; 17 6 11 12 37 22 10 5 59 25 23 2 3 2 1 4 2 14 17 0 0 0 0 0 0 2 0 0 0 0 0 0 2 13 81 68 36 10 10 1 20 59 124 73 9 0 0 5 98 124 108 4 0 0 0 23 18 10 0 0 0 0 0 1 0 0 5 116 124 14 12 0 119 10 43 114 64 0 0 99 124 23 12 2 0 0 0 124 17 1 0 0 0 0 0 8 3 0 18 107 91 1 0 5 124 0 1 16 39 2 1 124 113 2 0 0 0 0 0 78 3 0 0 0 0 0 0 2;
<CIRCLE 151 171 2.52269 0 0.000337034>; 0 0 9 0 22 86 121 0 0 3 20 2 22 31 2 0 39 2 10 3 0 0 6 56 22 0 1 0 0 5 135 100 0 0 0 0 91 135 55 0 1 1 0 0 54 135 78 17 103 1 0 0 0 7 65 135 89 0 0 0 0 1 53 135 0 0 0 0 6 75 7 0 0 0 0 0 2 135 135 22 7 0 0 0 0 10 135 135 13 0 0 0 0 0 4 47 0 0 0 0 0 3 1 0 0 0 0 0 0 3 14 0 0 0 0 0 0 0 11 4 0 0 0 0 0 0 0 2;
<CIRCLE 139 164 2.12132 0 0.000333714>; 0 5 46 0 0 0 24 0 0 3 58 2 0 0 26 0 0 2 49 3 0 3 8 0 0 0 36 3 0 0 0 0 0 0 2 0 0 12 153 0 0 0 4 0 2 51 153 0 0 0 6 1 55 153 96 0 0 4 11 1 15 12 0 0 0 0 0 0 0 5 127 0 0 0 0 0 23 59 137 0 0 0 0 0 146 153 24 0 1 1 0 0 22 130 45 11 0 0 0 0 0 0 1 0 0 0 0 0 5 12 0 0 0 0 0 0 10 147 16 0 0 0 0 0 0 129 144 17;
<CIRCLE 208 158 2.12132 0 0.00030911>; 77 29 7 24 12 0 0 0 4 4 13 84 39 0 1 0 6 3 10 18 5 1 6 4 28 5 5 1 1 0 5 17 19 33 36 19 5 18 7 4 33 3 16 35 11 8 67 99 8 3 6 2 18 85 94 27 3 8 35 1 3 19 34 4 28 4 2 0 56 118 18 8 118 65 25 26 15 12 25 97 34 12 22 95 89 69 45 53 19 0 1 2 7 22 118 98 4 5 0 0 118 118 6 0 26 83 53 15 18 38 31 8 118 17 46 45 2 0 12 118 98 0 0 0 0 2 49 118;
<CIRCLE 162 163 2.12132 0 0.000291205>; 0 0 25 13 0 0 0 0 0 0 25 12 0 0 9 8 0 0 23 7 0 4 31 2 0 2 18 2 0 1 25 1 16 3 12 2 0 0 0 11 50 0 2 1 0 0 83 150 2 0 0 0 0 22 150 52 0 0 0 0 0 6 150 11 41 2 0 0 0 7 26 95 150 0 0 0 0 0 25 150 21 0 0 0 0 4 150 62 0 0 0 0 0 1 150 3 4 0 0 0 0 19 149 147 39 0 0 0 0 0 20 150 8 0 0 0 0 0 2 10 0 0 0 0 0 0 2 0;
<CIRCLE 192 124 1.5 0 0.000267082>; 5 1 5 3 0 0 0 10 0 0 3 7 2 1 12 4 2 0 0 6 10 9 11 6 4 0 1 7 7 20 47 15 0 0 5 3 0 0 53 78 0 0 1 0 3 40 128 128 20 7 0 0 51 128 72 20 69 46 0 0 9 27 38 27 0 0 0 1 0 0 128 128 0 0 11 14 17 37 99 128 4 3 7 26 128 128 15 8 97 25 0 2 51 42 1 15 0 0 41 42 0 0 20 27 0 0 91 128 2 0 4 3 2 2 84 128 66 14 0 0 86 6 8 25 38 9 2 16;
<CIRCLE 210 171 3 0 0.000264769>; 14 9 7 2 10 87 40 6 57 19 14 16 13 29 43 67 7 3 8 9 17 56 92 38 0 2 18 1 0 9 137 9 7 5 0 0 108 137 37 1 56 66 54 15 33 77 64 52 135 8 20 14 7 6 72 137 10 0 0 0 0 17 137 42 0 0 0 0 32 137 45 0 5 1 1 0 5 102 137 81 44 0 0 0 0 0 72 137 5 0 0 0 0 1 8 12 0 0 0 0 0 3 7 0 0 0 0 0 0 3 26 2 0 0 0 0 0 0 8 7 0 0 0 0 0 0 0 0;
<CIRCLE 163 164 3 0 0.00026252>; 0 0 32 15 0 0 0 0 0 0 35 15 0 0 7 4 0 1 40 8 0 2 23 1 7 20 15 1 0 3 18 3 13 3 25 4 11 20 1 13 56 1 9 3 0 1 102 158 2 0 3 1 0 13 158 48 2 6 1 0 0 3 158 11 16 0 0 0 16 130 127 99 124 0 0 0 0 0 58 158 14 0 0 0 0 2 157 49 0 0 0 0 0 1 146 2 0 0 0 0 0 44 120 36 6 0 0 0 0 0 37 82 1 0 0 0 0 0 1 5 0 0 0 0 0 0 1 0;
<CIRCLE 192 126 2.52269 0 0.000257956>; 7 7 35 11 3 0 1 9 3 4 4 5 5 3 9 6 0 0 1 9 13 12 22 5 0 1 17 5 2 14 34 1 3 1 1 0 0 0 74 102 1 0 0 3 9 41 118 118 24 3 0 3 44 118 83 30 16 2 3 8 15 33 69 9 2 2 46 26 0 0 118 118 0 0 102 118 16 16 75 85 35 13 55 118 89 52 10 8 27 4 4 20 77 5 2 5 1 5 118 81 0 0 3 5 0 0 118 118 0 0 0 0 99 25 45 49 5 0 0 0 46 7 2 10 89 1 0 0;
<CIRCLE 141 163 0.891905 0 0.00025785>; 0 1 2 0 0 0 64 2 0 1 2 0 0 5 63 3 0 0 2 0 2 12 17 0 0 0 5 2 3 1 0 0 0 0 0 0 0 3 146 1 0 0 0 0 8 117 146 0 0 0 0 0 70 146 50 0 0 0 0 1 26 7 0 0 0 0 0 0 0 6 146 0 0 0 0 0 90 134 91 0 0 0 0 0 146 146 4 0 0 0 0 1 59 14 0 0 0 0 1 2 2 1 2 0 0 0 1 2 86 35 0 0 0 0 0 0 146 146 0 0 0 0 0 0 41 96 4 0;
<CIRCLE 241 169 1.5 0 0.000255402>; 35 33 0 0 0 54 99 38 35 98 23 0 0 2 136 59 3 33 9 0 0 0 136 27 1 0 0 0 0 0 136 15 7 16 1 0 5 136 96 2 34 136 66 8 17 136 62 17 123 136 22 0 0 3 27 40 16 4 0 0 0 0 8 5 0 0 0 0 3 56 17 0 8 2 0 0 5 136 136 24 55 6 0 0 0 6 78 91 11 0 0 0 0 0 0 10 0 0 0 0 0 2 4 0 0 0 0 0 0 5 12 0 1 0 0 0 0 0 12 4 2 0 0 0 0 0 1 3;
<CIRCLE 199 76 1.06066 0 0.000244197>; 0 7 133 36 0 0 0 0 0 25 133 16 0 0 0 0 0 1 133 57 0 1 3 0 0 1 133 39 0 0 3 0 6 4 62 59 46 8 1 1 50 21 99 15 2 0 26 71 5 1 61 22 0 38 133 35 0 1 41 9 0 34 133 4 28 1 0 24 128 5 0 1 133 2 0 2 5 0 11 64 73 0 0 3 5 32 101 44 1 0 0 4 10 48 99 5 28 0 0 13 105 1 0 0 133 6 0 0 2 0 0 3 83 10 1 14 8 1 1 2 2 0 0 8 10 4 8 18;
<CIRCLE 203 171 3.56762 0 0.000244075>; 3 3 0 0 2 47 132 7 23 22 11 8 3 71 40 15 20 8 8 16 5 32 58 38 6 7 10 1 1 20 94 14 0 0 0 0 8 87 138 3 14 12 2 0 91 138 68 7 73 50 30 4 14 57 72 125 48 1 1 0 1 11 138 138 0 0 0 0 7 20 7 0 0 0 0 0 33 138 97 1 17 2 0 0 2 59 138 138 23 0 0 0 0 0 21 99 0 0 0 0 0 1 0 0 0 0 0 0 0 4 9 0 0 0 0 0 0 1 19 3 0 0 0 0 0 0 2 3;
<CIRCLE 321 110 3.56762 0 0.000241782>; 5 9 14 8 15 21 40 6 60 30 14 3 7 6 1 2 8 14 12 0 0 0 0 0 0 2 0 0 0 0 0 0 0 1 75 60 31 22 9 0 21 53 124 82 18 2 0 3 89 124 109 3 0 0 0 16 17 11 0 0 0 0 0 1 0 0 4 109 124 30 11 0 97 11 42 124 105 1 0 78 124 29 17 4 0 0 0 124 19 1 0 0 0 0 0 9 5 1 27 124 52 0 0 1 124 2 7 34 37 1 1 124 124 0 0 0 0 0 0 90 4 0 0 0 0 0 0 2;
<CIRCLE 161 163 1.26134 0 0.000230561>; 3 0 4 9 0 0 1 7 1 0 3 1 0 0 28 29 0 0 2 0 0 12 75 35 0 0 0 0 0 23 53 1 28 6 0 0 0 0 0 11 99 2 0 0 0 0 82 149 5 0 0 0 0 22 149 91 0 0 0 0 0 38 149 1 72 1 0 2 0 0 0 45 149 0 0 0 0 0 14 149 38 0 0 0 0 3 114 49 0 0 1 0 0 2 119 3 57 0 0 0 0 0 25 149 149 1 0 0 0 0 4 149 13 0 0 0 0 0 4 7 0 0 0 0 0 1 5 0;
<CIRCLE 208 160 2.12132 0 0.000206107>; 46 32 15 23 8 0 0 0 3 4 13 65 25 0 10 7 8 4 8 7 1 4 17 7 15 7 14 0 0 0 4 13 15 15 22 8 8 41 12 6 78 4 10 15 7 12 64 116 7 2 3 12 44 108 92 32 0 3 20 1 5 26 78 10 22 6 0 0 89 116 12 4 116 98 44 31 16 10 6 37 61 17 40 107 54 22 14 59 44 0 0 1 3 10 116 116 0 2 0 0 116 116 12 0 5 41 30 5 14 65 90 17 105 9 25 12 0 0 38 116 87 0 0 0 0 0 15 104;
<CIRCLE 198 76 4.24264 0 0.000201722>; 0 3 42 1 0 0 0 0 0 2 47 1 0 0 0 0 0 0 51 3 0 0 0 0 0 2 37 2 0 0 0 0 0 13 130 30 7 17 15 0 6 22 130 20 14 6 6 3 10 12 130 24 0 0 35 18 18 49 121 5 0 0 27 21 0 0 130 58 10 23 20 0 38 48 108 93 45 11 8 7 75 130 69 5 1 0 72 53 12 58 41 0 0 0 90 46 0 0 47 47 49 0 0 0 1 36 64 43 17 0 0 0 3 130 112 1 0 0 0 0 0 130 130 0 0 0 0 0;
<CIRCLE 109 137 4.24264 0 0.000201016>; 0 0 0 1 0 0 0 0 0 0 9 37 1 0 0 0 0 0 65 105 0 0 0 0 0 0 50 140 0 0 0 0 0 0 0 7 13 0 0 0 0 0 24 140 108 0 0 0 0 0 140 140 19 0 0 0 0 8 140 49 0 0 0 0 0 0 0 1 32 2 0 0 0 0 2 56 140 59 0 0 0 3 43 39 98 37 7 5 3 10 48 0 0 0 10 13 0 0 0 0 8 5 0 0 0 0 0 0 101 140 8 0 0 1 4 0 32 140 106 0 0 4 18 0 0 25 140 1;
<CIRCLE 300 137 14.2705 0 0.000201006>; 4 97 57 4 0 0 4 3 5 14 36 9 2 2 14 6 10 28 26 9 1 0 16 11 3 4 6 1 0 0 34 7 3 151 107 2 2 0 18 6 12 142 151 53 4 2 20 17 135 73 71 44 2 0 1 48 33 8 0 0 0 0 1 7 1 29 20 1 1 2 151 71 15 44 74 3 0 0 151 133 86 9 14 2 0 0 49 151 11 0 0 0 0 0 0 10 0 3 22 0 0 0 84 25 1 3 15 0 0 0 77 20 5 6 2 0 0 0 12 19 1 2 0 0 0 0 0 0;
<CIRCLE 175 134 3 0 0.000195694>; 0 0 8 66 9 0 0 0 0 0 13 35 26 14 19 12 5 4 14 5 1 4 75 93 2 1 1 1 5 23 114 89 6 1 8 47 1 0 0 1 90 28 11 8 2 2 45 131 18 15 81 33 0 0 131 131 0 0 101 131 18 18 87 89 5 5 10 21 1 0 0 0 72 111 96 7 0 0 1 18 13 40 131 106 1 1 4 15 5 4 131 131 0 0 0 0 0 0 34 10 0 0 0 0 1 7 53 8 0 0 0 0 7 14 30 13 5 18 8 3 6 4 8 9 6 24 2 0;
<CIRCLE 192 76 5.04538 0 0.000194712>; 0 7 26 0 0 0 0 0 0 2 30 0 0 0 0 0 0 0 27 1 0 0 0 0 0 1 23 1 0 0 0 0 0 22 105 27 8 16 7 0 1 25 131 28 13 16 17 0 15 13 131 25 7 1 18 14 13 38 131 9 0 0 36 21 0 0 121 81 15 19 7 0 4 10 131 109 33 22 21 0 79 131 109 41 18 2 31 33 17 115 83 0 0 0 87 44 0 1 26 47 46 1 0 2 0 2 43 57 62 0 0 0 1 99 70 13 8 0 0 0 0 131 131 0 0 0 0 0;
<CIRCLE 160 163 0.891905 0 0.000176356>; 10 1 0 0 0 0 1 11 7 0 0 0 0 0 29 42 0 0 0 0 0 0 74 82 0 0 0 0 0 28 86 19 32 8 1 0 0 0 0 5 124 2 0 0 0 0 26 139 20 0 0 0 0 0 139 139 0 0 0 0 0 20 139 9 60 1 0 1 0 0 0 30 139 0 0 0 0 0 2 139 106 0 0 0 0 0 58 119 0 0 0 0 0 2 107 5 89 0 0 0 0 0 1 79 139 0 0 0 0 0 0 139 58 0 0 0 0 0 1 41 0 0 0 0 0 0 4 0;
<CIRCLE 325 109 1.78381 0 0.00017431>; 28 30 40 2 0 0 0 1 0 15 73 1 0 0 0 0 2 20 15 0 0 0 0 0 2 2 0 0 0 0 0 0 3 34 138 76 0 0 0 0 33 103 138 41 0 0 0 8 115 138 44 0 0 0 0 13 13 5 0 0 0 0 0 0 12 3 35 138 32 0 0 7 138 28 52 37 1 0 0 138 138 23 2 0 0 0 0 138 14 1 0 0 0 0 0 4 52 0 0 48 52 0 0 37 138 0 0 1 0 0 0 138 39 0 0 0 0 0 0 63 3 1 0 0 0 0 0 1;
<CIRCLE 191 76 1.06066 0 0.000172463>; 0 54 134 1 0 0 5 1 0 87 134 0 0 0 4 3 0 31 134 27 0 0 0 1 0 14 134 28 0 0 0 0 0 14 32 1 0 2 134 63 0 36 40 0 3 20 134 51 0 16 62 39 64 44 41 8 22 9 80 50 26 1 0 13 18 3 0 0 0 4 86 79 2 2 1 3 66 34 108 21 0 0 0 28 134 39 15 0 100 3 0 16 63 0 0 10 10 12 11 5 2 8 3 4 1 17 14 13 75 0 0 0 0 0 0 25 134 1 0 0 100 1 0 7 44 0 0 1;
<CIRCLE 174 134 3 0 0.000171233>; 0 0 10 70 7 0 0 0 0 0 12 43 29 13 14 9 4 3 16 7 2 6 72 83 3 2 1 1 3 17 112 102 2 1 9 54 1 0 0 0 89 25 8 12 3 2 32 116 29 20 75 25 0 0 133 133 0 0 105 133 12 13 100 110 2 2 11 24 1 0 0 0 72 104 73 7 0 0 0 15 21 57 133 89 1 1 5 19 2 2 133 133 0 0 0 0 0 0 35 11 0 0 0 0 0 6 55 9 0 0 0 0 7 16 35 13 4 14 7 3 3 3 10 10 7 28 3 0;
<CIRCLE 291 158 1.5 0 0.0001674>; 0 1 20 0 0 0 1 1 0 2 20 1 0 0 12 3 0 2 17 4 0 0 24 0 0 7 12 0 0 0 19 2 4 2 5 0 0 55 72 23 42 17 3 0 0 3 118 92 12 2 1 0 0 1 140 41 0 1 1 0 0 0 140 30 3 4 1 0 94 140 49 3 140 96 6 0 53 33 16 42 140 33 0 0 0 0 105 42 3 0 0 0 0 0 113 14 0 0 0 0 111 89 21 0 82 6 0 0 44 57 95 118 97 4 0 0 0 0 4 66 5 0 0 0 0 0 0 3;
<CIRCLE 192 123 1.06066 0 0.000162953>; 0 0 5 5 0 0 0 1 0 0 4 4 1 0 16 3 0 0 0 4 9 8 11 0 11 0 0 4 7 6 18 23 2 2 3 0 0 0 26 83 0 0 0 0 0 31 133 133 3 0 0 0 40 133 97 9 75 34 0 0 15 18 6 24 0 0 0 0 0 0 133 133 0 0 0 0 14 48 101 133 0 0 0 0 133 133 31 10 37 34 0 0 64 88 0 0 0 0 1 3 0 0 64 52 0 1 26 18 7 6 11 27 0 0 19 44 129 102 0 0 22 1 0 10 121 88 1 5;
<CIRCLE 238 163 1.78381 0 0.000158572>; 0 0 37 7 0 0 21 0 0 0 32 10 0 0 38 5 0 0 23 6 0 0 59 3 0 0 15 2 0 0 56 4 0 0 1 0 0 25 152 9 26 10 1 0 0 12 152 89 12 19 2 0 0 0 152 59 0 1 0 0 0 0 152 28 0 0 0 0 0 96 152 1 30 35 8 0 2 152 97 23 55 152 31 1 2 35 69 35 36 30 0 0 0 0 69 16 0 0 0 0 0 15 12 0 0 0 0 0 1 109 38 0 27 13 1 0 0 57 96 46 27 4 0 0 0 0 6 28;
<CIRCLE 241 168 1.5 0 0.000157053>; 26 21 0 0 0 23 112 43 24 49 6 0 0 0 145 60 0 10 3 0 0 0 145 29 0 0 0 0 0 0 145 16 15 26 1 0 3 145 92 5 35 145 72 6 11 99 43 16 79 143 25 0 0 1 39 19 11 4 0 0 0 0 27 5 0 0 0 0 4 85 27 0 14 13 4 2 9 145 142 27 83 24 1 0 0 7 71 94 13 1 0 0 0 0 0 9 0 0 0 0 0 3 4 0 0 0 0 0 0 10 23 1 1 0 0 0 0 1 17 9 2 0 0 0 0 0 0 3;
<CIRCLE 192 127 3 0 0.00015217>; 3 5 46 29 7 0 1 5 3 5 7 8 8 3 12 8 0 0 5 8 14 13 28 3 0 1 24 4 1 11 31 0 3 2 4 2 1 3 95 113 2 1 2 10 11 38 119 119 5 0 0 13 41 102 107 28 2 0 6 15 13 29 74 6 19 18 98 34 0 0 97 119 0 1 119 119 14 11 64 70 38 26 69 119 63 29 7 4 12 3 5 32 79 2 0 1 5 19 119 50 1 1 0 1 3 3 114 108 1 1 0 0 107 37 26 25 12 0 0 0 19 7 1 29 73 0 0 0;
<CIRCLE 237 162 1.26134 0 0.000150672>; 0 0 19 3 0 0 17 0 0 1 18 3 0 0 27 2 0 0 12 2 0 0 35 2 0 0 7 1 0 0 32 2 1 2 0 0 0 6 140 10 18 21 0 0 0 1 140 53 6 5 0 0 0 0 140 44 0 0 0 0 0 0 140 19 1 4 0 0 0 115 130 2 32 120 3 0 1 107 64 23 28 140 53 1 1 8 79 27 5 56 21 0 0 0 91 7 0 0 0 0 1 48 32 0 1 5 1 0 9 140 70 2 13 70 42 8 20 128 42 7 70 85 14 0 0 3 18 24;
<CIRCLE 193 164 3.56762 0 0.00014797>; 5 12 27 7 1 6 10 3 12 8 9 9 8 31 11 1 48 41 13 24 6 5 4 2 3 2 4 42 14 4 15 6 4 5 1 0 0 2 150 17 2 2 0 0 3 101 150 12 28 19 9 3 22 150 67 23 35 20 14 6 7 38 55 50 0 0 0 0 0 1 150 2 0 0 0 0 16 95 150 0 6 9 2 0 96 150 74 3 53 27 16 1 7 49 108 137 0 0 0 0 0 0 1 0 0 0 0 0 3 10 1 0 0 0 0 0 6 82 63 1 2 0 0 0 0 19 113 52;
<CIRCLE 319 128 1.5 0 0.000141192>; 0 0 0 38 100 2 0 0 70 0 0 19 43 1 1 112 128 0 0 0 0 0 0 128 24 0 0 0 0 0 1 22 0 2 17 31 80 18 13 6 128 22 0 2 12 8 21 128 128 86 1 0 0 0 0 96 9 11 2 0 0 0 0 3 38 26 60 8 3 2 3 33 117 22 3 0 0 0 33 128 74 45 0 0 0 0 45 123 16 6 0 0 0 0 0 11 127 5 1 0 0 0 0 73 128 2 0 0 0 0 5 128 5 0 0 0 0 0 13 33 0 0 0 0 0 0 3 4;
<CIRCLE 319 111 5.04538 0 0.000136057>; 1 14 44 5 2 21 54 3 26 46 25 3 4 7 12 3 16 18 5 0 0 0 0 0 0 0 0 0 0 0 0 0 0 0 18 44 33 30 21 0 21 38 122 106 44 13 5 3 92 121 94 9 0 0 0 17 12 8 0 0 0 0 0 1 0 1 41 119 54 26 0 0 85 9 29 122 122 9 0 66 122 26 16 10 4 0 0 122 14 1 0 0 0 0 0 6 2 17 115 122 14 0 0 2 122 5 13 93 19 0 0 118 122 0 0 0 0 0 0 94 3 0 0 0 0 0 0 1;
<CIRCLE 150 172 2.12132 0 0.000134427>; 0 0 0 0 55 135 86 0 0 2 3 1 41 54 1 0 37 4 2 0 0 0 0 32 78 0 0 0 0 0 42 135 0 0 0 0 77 135 10 0 0 0 0 0 34 135 97 7 33 0 0 0 0 18 123 135 106 0 0 0 0 0 10 135 0 0 0 0 1 57 6 0 0 0 0 0 0 135 135 6 0 0 0 0 0 15 135 131 7 0 0 0 0 0 15 73 0 0 0 0 0 3 1 0 0 0 0 0 0 3 11 0 0 0 0 0 0 0 12 3 0 0 0 0 0 0 2 2;
<CIRCLE 313 144 1.06066 0 0.00013402>; 0 0 0 2 4 5 4 1 88 8 1 3 1 2 1 7 150 18 0 0 0 0 0 47 77 2 0 0 0 0 0 11 0 0 2 10 6 1 5 3 125 6 3 8 5 2 24 77 150 1 0 0 0 0 1 144 51 2 4 0 0 0 0 16 42 0 0 1 3 1 10 71 57 0 0 0 0 0 109 150 126 0 0 0 0 0 37 150 20 2 2 1 0 0 1 6 104 0 0 0 1 0 0 138 113 0 0 0 0 0 15 150 6 0 0 0 0 2 17 38 2 0 0 0 1 3 2 2;
<CIRCLE 111 151 8.48528 0 0.000130907>; 0 0 0 1 1 2 7 0 0 0 19 78 9 0 13 1 0 0 105 135 2 0 4 0 0 0 49 135 5 0 0 0 0 0 0 2 12 1 0 0 0 0 16 135 135 62 3 0 0 6 135 135 60 62 37 0 0 8 88 54 0 9 17 6 0 0 0 0 4 3 0 0 0 0 0 1 71 135 34 0 0 0 2 2 21 135 135 0 0 0 6 3 0 107 135 70 0 0 0 0 0 0 0 0 0 0 0 0 0 8 5 0 0 0 1 1 0 30 40 0 0 0 2 0 0 29 75 19;
<CIRCLE 109 136 4.24264 0 0.000128498>; 0 0 0 1 0 0 0 0 0 0 8 29 1 0 0 0 0 0 56 96 0 0 0 0 0 0 49 141 0 0 0 0 0 0 0 7 11 0 0 0 0 0 26 141 90 0 0 0 0 0 141 141 14 0 0 0 0 7 141 62 0 0 0 0 0 0 0 2 33 2 0 0 0 0 3 73 141 47 0 0 0 2 56 50 97 28 7 5 4 11 59 0 0 0 10 13 0 0 0 0 10 5 0 0 0 0 0 0 123 141 7 0 0 2 5 0 39 141 92 0 0 5 20 0 0 22 131 1;
<CIRCLE 201 81 3 0 0.000127834>; 0 29 116 6 0 1 4 2 1 10 116 18 0 0 1 0 0 4 116 28 0 2 6 1 9 21 116 4 0 0 1 1 1 17 66 20 54 29 81 16 97 18 96 26 61 13 25 42 27 10 70 14 1 19 116 34 23 17 27 0 0 3 116 27 0 5 116 58 38 4 7 0 108 103 39 32 42 1 2 9 35 116 88 0 0 1 38 13 0 54 58 0 0 1 53 3 0 0 22 17 16 2 0 0 2 43 30 5 2 2 0 0 1 112 81 0 0 0 0 0 0 104 107 0 0 0 0 0;
<CIRCLE 241 164 2.12132 0 0.000126662>; 0 0 34 12 0 0 30 3 0 0 30 12 0 0 68 8 0 0 25 5 0 0 98 6 0 0 9 8 0 0 90 4 2 0 1 0 0 39 166 31 24 21 1 0 0 8 166 120 11 14 0 0 0 0 166 56 0 0 0 0 0 0 166 25 1 0 0 0 0 123 138 4 39 56 3 0 0 138 88 37 96 58 1 0 0 3 65 53 8 1 0 0 0 0 57 9 0 0 0 0 0 19 8 0 2 0 0 0 0 55 62 10 16 0 0 0 0 3 33 40 2 0 0 0 0 0 0 4;
<CIRCLE 319 127 0.891905 0 0.000125843>; 5 0 0 18 46 4 2 11 123 0 0 0 2 0 0 129 129 0 0 0 0 0 0 129 25 0 0 0 0 0 0 43 13 0 0 1 13 19 53 40 129 28 0 0 0 0 7 129 129 90 7 0 0 0 0 73 9 25 6 1 0 0 0 3 17 12 16 0 0 5 31 22 93 67 0 0 0 0 27 94 84 129 11 0 0 0 20 43 57 54 3 0 0 0 0 11 85 17 8 0 0 0 0 96 50 0 0 0 0 0 69 129 21 0 0 0 0 0 104 94 23 1 0 0 0 0 11 41;
<CIRCLE 299 107 1.26134 0 0.000121766>; 1 0 1 1 1 0 0 0 0 2 25 9 1 0 0 0 0 4 50 5 1 1 0 0 0 2 21 4 1 0 0 0 2 1 0 5 20 0 0 0 0 1 101 130 133 21 3 0 0 62 155 45 22 17 23 0 2 83 155 2 0 0 7 6 0 1 0 2 17 6 0 1 0 0 5 20 125 155 78 0 0 14 62 11 22 154 155 0 8 37 64 0 0 25 155 59 0 0 0 0 1 2 0 0 0 0 0 0 1 14 20 0 0 0 0 0 0 25 76 0 0 0 0 18 12 9 85 7;
<CIRCLE 211 171 2.52269 0 0.000112469>; 43 11 6 1 25 59 9 19 74 28 20 39 29 29 43 65 18 0 6 22 31 44 91 61 0 0 8 0 0 12 135 14 15 22 3 0 121 135 20 1 54 63 71 40 8 20 56 61 135 3 9 19 4 1 39 135 12 0 0 0 0 10 135 32 0 0 0 0 26 135 108 0 7 1 1 0 0 44 135 119 48 0 0 0 0 0 47 135 4 0 0 0 0 0 3 7 0 0 0 0 0 5 14 0 0 0 0 0 0 3 33 5 0 0 0 0 0 0 6 8 0 0 0 0 0 0 0 0;
<CIRCLE 194 164 3.56762 0 0.000111621>; 6 11 24 8 2 8 10 3 16 11 8 8 7 29 11 1 43 39 14 29 7 3 4 3 4 1 3 37 12 5 15 6 4 5 1 0 0 3 145 18 2 2 0 0 4 120 145 9 32 21 11 4 21 145 53 28 32 18 13 6 7 41 60 50 0 0 0 0 0 2 145 2 0 0 0 0 24 121 145 0 7 12 4 0 91 145 81 7 60 25 15 1 4 32 100 145 0 0 0 0 0 0 1 0 0 0 0 0 4 14 2 0 0 0 0 0 5 84 77 2 2 0 0 0 0 13 102 58;
<CIRCLE 191 84 1.26134 0 0.000108317>; 19 6 2 0 1 26 58 49 8 10 6 8 88 19 59 21 5 0 0 38 156 19 7 0 156 4 0 9 34 0 2 18 3 34 89 20 5 13 2 1 1 41 65 32 100 0 0 0 7 0 6 36 156 17 1 1 156 13 0 2 33 7 2 13 0 72 153 11 1 0 0 0 0 34 156 36 18 0 0 0 1 6 68 60 136 35 16 4 105 39 12 0 7 16 28 34 0 2 17 16 21 1 0 1 0 9 56 9 5 0 0 0 0 10 54 7 0 0 1 0 2 14 51 4 0 0 2 1;
<CIRCLE 191 165 4.24264 0 0.00010768>; 3 19 57 7 0 0 13 3 6 8 56 35 5 16 17 3 34 46 20 21 5 6 7 1 8 5 4 34 19 4 10 2 1 1 3 0 0 0 156 31 1 0 0 0 1 72 156 17 15 13 3 2 14 156 107 17 29 12 1 3 2 27 72 56 1 0 0 0 0 0 154 23 0 0 0 0 6 63 156 1 3 2 0 0 47 156 100 6 39 8 0 0 3 53 131 156 0 0 0 0 0 0 1 1 0 0 0 0 1 4 1 0 0 0 0 0 1 40 39 0 0 0 0 0 0 9 63 28;
<CIRCLE 176 134 3.56762 0 0.000103835>; 0 0 14 84 6 0 0 0 0 0 35 76 21 6 18 12 6 7 27 16 1 1 69 84 1 0 1 2 8 36 103 32 6 2 11 70 2 0 0 1 78 32 15 12 6 4 56 127 14 14 93 57 1 1 127 127 2 6 78 127 40 46 88 43 5 6 20 29 0 0 0 0 60 108 119 10 0 0 1 18 10 30 127 127 2 3 4 14 38 30 120 119 1 1 0 0 0 0 39 14 0 0 13 5 3 11 54 8 0 1 37 3 9 13 18 10 6 24 30 7 26 19 5 4 5 28 17 0;
<CIRCLE 217 164 2.12132 0 0.000101909>; 9 1 1 6 6 23 65 44 3 4 13 1 9 47 30 4 3 9 49 1 0 4 35 2 0 0 45 7 0 0 27 0 70 31 25 55 36 26 33 51 30 0 4 37 49 51 80 88 3 0 2 0 0 20 144 50 0 0 2 0 0 20 144 0 32 51 70 38 2 4 21 33 144 3 10 20 2 0 15 144 36 0 0 0 0 10 144 81 0 0 0 0 0 22 144 0 6 1 2 0 0 15 144 96 62 0 0 0 0 0 37 144 14 0 0 0 0 0 3 19 0 0 0 0 0 1 5 1;
<CIRCLE 192 76 1.06066 0 9.26036e-05>; 0 55 127 0 0 0 4 2 0 72 127 2 0 0 3 3 0 12 127 40 0 0 0 0 0 20 127 14 0 0 0 0 0 19 29 0 0 0 127 59 0 32 42 1 15 35 127 31 1 7 66 62 68 24 11 2 35 15 80 25 8 0 4 33 13 4 0 0 2 3 85 58 0 0 0 7 127 47 70 6 6 0 0 32 127 18 3 0 127 2 0 6 18 0 1 28 7 17 12 5 2 2 1 2 0 7 7 17 127 0 0 0 6 0 0 22 127 1 0 0 127 2 0 2 11 0 0 2;
<CIRCLE 236 162 1.06066 0 8.90574e-05>; 0 0 9 1 0 1 33 0 0 1 9 2 0 0 50 3 0 1 6 0 0 0 61 7 0 0 3 1 0 0 60 1 1 1 0 0 0 6 136 10 18 19 0 0 0 2 136 46 12 11 0 0 0 0 136 68 1 0 0 0 0 0 136 15 1 2 0 0 0 103 129 1 25 91 2 0 1 109 46 15 46 136 19 0 0 6 52 35 5 73 38 0 0 0 86 11 0 0 0 0 1 65 47 0 1 5 0 0 1 136 90 3 5 57 32 5 20 133 32 2 26 128 53 4 3 15 9 5;
<CIRCLE 108 136 3 0 8.63013e-05>; 0 0 0 2 0 0 0 0 0 0 5 51 1 0 0 0 0 0 91 112 0 0 0 0 0 0 68 139 0 0 0 0 0 0 0 7 15 0 0 0 0 0 18 152 116 0 0 0 0 1 152 152 18 0 0 0 0 6 152 28 0 0 0 0 0 0 0 1 39 1 0 0 0 0 3 71 152 13 0 0 0 2 54 44 98 10 19 8 0 1 62 1 0 1 37 6 0 0 0 0 22 4 0 0 0 0 0 0 152 125 0 0 0 6 14 2 76 88 10 4 0 10 36 0 0 3 15 5;
<CIRCLE 157 169 0.891905 0 8.3679e-05>; 4 1 0 2 0 0 0 1 49 0 0 2 0 0 0 28 140 0 0 0 0 0 0 140 94 0 0 0 0 0 7 68 1 0 1 1 0 0 7 17 84 0 0 0 0 0 12 140 140 0 0 0 0 0 1 140 57 0 0 0 0 0 1 42 0 0 0 0 0 0 62 140 13 0 0 0 0 0 77 140 78 0 0 0 0 0 18 140 27 4 0 0 0 0 0 10 0 0 0 0 0 0 122 140 0 0 0 0 0 0 40 140 3 0 0 0 0 0 10 36 9 0 0 0 0 0 0 4;
<CIRCLE 233 68 1.78381 0 8.02819e-05>; 0 0 2 0 0 0 0 0 0 0 11 5 0 0 0 0 0 0 43 6 0 0 1 0 0 0 49 3 0 0 1 0 0 1 66 23 0 0 0 0 0 0 100 150 14 10 8 0 0 0 150 107 8 7 46 7 0 5 150 13 0 0 57 20 2 9 45 14 1 3 51 29 0 1 23 56 22 55 150 3 0 1 42 25 9 25 150 36 0 3 32 0 0 0 150 64 4 30 36 1 0 4 26 13 0 3 105 20 1 16 35 1 0 3 150 15 3 11 42 3 0 19 150 2 0 3 22 3;
<CIRCLE 394 51 1.26134 0 7.61507e-05>; 0 6 59 4 0 0 0 0 0 10 51 0 0 0 2 1 0 5 19 0 0 0 0 0 0 0 5 0 0 0 0 0 5 41 177 17 0 0 39 21 27 139 177 0 0 0 35 59 74 121 74 0 0 0 3 34 5 6 9 0 0 0 0 2 5 6 48 0 0 0 177 107 25 23 31 0 0 3 177 172 64 19 3 0 0 1 47 119 7 4 2 0 0 0 1 7 0 0 0 0 0 1 59 8 0 0 0 0 2 10 42 4 0 0 0 0 0 5 22 4 0 1 1 0 0 0 11 2;
<CIRCLE 295 131 5.04538 0 7.57956e-05>; 0 7 9 0 0 0 0 0 0 0 3 7 11 9 1 0 0 0 18 58 55 27 1 0 38 30 61 48 25 0 0 16 0 107 121 0 0 0 0 0 0 39 121 34 2 2 0 0 8 2 40 121 61 7 0 3 121 3 5 46 32 0 0 96 0 59 91 0 0 0 1 0 0 65 121 20 0 0 2 1 46 7 63 111 16 0 2 54 121 1 2 7 1 0 0 121 0 3 9 0 0 14 121 16 0 4 16 0 0 24 121 58 16 1 7 2 0 0 98 121 33 0 0 0 0 0 3 102;
<CIRCLE 196 166 1.5 0 7.48402e-05>; 0 3 2 0 2 20 130 12 0 0 0 0 5 73 111 4 0 0 3 0 33 70 18 0 78 2 1 0 3 2 1 34 0 0 0 0 0 50 134 1 0 0 0 0 21 134 130 0 1 0 0 0 134 134 12 0 84 48 2 0 20 6 0 6 0 0 0 0 1 7 8 0 0 0 0 0 56 81 15 0 0 0 0 0 134 134 2 0 4 25 3 0 38 56 7 0 0 0 0 0 1 2 1 0 0 0 0 2 16 13 0 0 0 0 0 0 58 134 14 0 0 0 0 0 9 134 130 0;
<CIRCLE 202 82 3.56762 0 7.41767e-05>; 0 21 119 6 0 1 3 0 0 7 119 14 0 0 0 0 1 7 119 19 0 0 3 1 9 26 89 2 0 0 0 1 1 14 90 26 35 27 67 4 78 27 110 30 43 10 23 37 25 23 79 11 0 7 119 40 29 22 22 0 0 0 90 42 0 1 119 64 20 3 5 0 60 119 66 37 19 1 2 8 21 119 119 0 0 0 37 12 0 93 78 0 0 0 39 7 0 0 8 18 29 2 0 0 0 34 20 6 7 2 0 0 0 92 80 0 0 0 0 0 0 119 105 0 0 0 0 0;
<CIRCLE 232 69 1.26134 0 7.07656e-05>; 0 0 6 2 0 0 0 0 0 0 25 22 0 0 0 0 0 0 112 37 0 0 0 0 0 0 145 12 0 0 0 0 0 0 82 38 0 1 5 0 0 0 83 145 17 16 22 0 0 0 145 145 21 20 96 6 0 0 145 33 1 0 122 31 1 1 20 15 0 3 85 28 0 0 7 28 14 37 145 4 0 0 0 12 8 27 145 17 0 0 0 0 0 0 145 52 0 13 41 0 0 0 18 4 0 4 62 4 0 0 18 1 0 3 79 3 0 0 19 1 0 2 70 1 0 0 9 3;
<CIRCLE 191 85 1.06066 0 6.87186e-05>; 17 19 15 8 3 12 5 8 2 24 20 20 115 1 0 1 0 0 0 38 155 1 0 0 151 3 0 12 67 1 0 2 0 66 123 17 3 1 0 0 0 36 131 42 75 0 0 0 0 0 18 53 155 32 3 0 148 4 0 0 60 26 15 28 0 60 155 15 1 0 0 0 0 27 155 31 7 0 0 0 0 8 95 69 81 24 10 0 37 13 13 1 11 22 42 30 0 1 16 18 25 0 0 0 0 10 45 6 3 0 0 0 0 11 54 5 0 0 0 0 0 8 53 5 0 0 1 0;
<CIRCLE 325 107 0.891905 0 6.33486e-05>; 0 9 68 1 0 0 0 0 0 10 66 0 0 0 0 0 0 17 23 0 0 0 0 0 1 6 1 0 0 0 0 0 0 14 139 25 0 0 0 0 2 99 139 0 0 0 0 0 34 139 62 0 0 0 0 0 23 25 0 0 0 0 0 0 0 2 139 75 0 0 0 0 48 107 139 4 0 0 0 10 139 139 12 0 0 0 0 24 90 22 0 0 0 0 0 6 18 6 35 25 0 0 0 18 71 10 7 0 0 0 0 139 139 4 0 0 0 0 0 139 53 0 0 0 0 0 0 26;
<CIRCLE 195 165 3 0 5.81418e-05>; 6 18 5 1 4 22 25 7 13 10 2 1 5 47 23 1 35 34 22 29 6 9 7 9 4 1 6 28 8 13 32 22 1 6 1 0 0 7 145 16 0 1 0 0 10 145 145 5 49 21 10 2 49 145 35 27 61 31 30 23 20 33 39 55 0 0 0 0 0 4 100 0 0 0 0 0 39 120 80 0 6 14 5 0 130 145 65 1 48 30 34 9 5 36 113 113 0 0 0 0 0 0 0 0 0 0 0 0 6 15 2 0 0 0 0 0 7 96 81 1 1 0 0 0 0 19 138 54;
<CIRCLE 308 110 1.5 0 5.57027e-05>; 0 20 110 11 3 0 0 0 0 26 110 10 5 0 0 0 7 10 48 73 69 2 0 0 45 55 48 11 10 1 0 0 0 23 99 12 13 60 110 4 11 55 108 7 11 15 110 54 6 15 60 86 89 36 15 9 13 48 75 52 5 2 0 1 0 0 0 0 1 32 110 1 0 0 0 67 56 19 110 19 1 0 0 98 110 34 10 3 4 2 4 110 54 4 0 1 0 0 0 13 12 1 0 0 0 0 0 110 105 0 0 0 0 0 0 106 75 0 0 0 0 0 0 71 85 0 0 0;
<CIRCLE 393 51 1.26134 0 5.21712e-05>; 0 3 52 6 0 0 0 0 0 10 53 0 0 0 2 1 0 5 24 0 0 0 0 0 0 1 5 0 0 0 0 0 3 21 175 25 0 0 34 14 13 103 175 0 0 0 37 46 65 135 128 0 0 0 8 43 15 16 9 0 0 0 0 4 3 6 49 1 0 0 175 97 13 15 36 0 0 2 175 139 56 22 5 0 0 2 94 141 15 4 2 0 0 0 1 14 0 0 0 0 0 0 60 11 0 0 0 0 2 7 45 4 0 0 0 0 0 7 22 3 0 1 1 0 0 0 12 2;
<CIRCLE 297 133 2.12132 0 5.21016e-05>; 0 0 66 19 0 0 0 0 0 0 109 21 0 0 0 0 0 0 55 122 20 0 0 0 0 0 37 122 60 0 0 0 2 67 122 27 0 0 1 2 1 27 122 39 30 12 14 4 0 0 66 122 122 9 0 0 2 1 105 104 49 1 0 0 0 105 122 0 0 0 0 0 0 91 122 27 12 2 1 0 0 3 86 117 105 3 0 0 11 0 3 33 95 6 1 4 0 12 42 0 0 0 0 0 0 21 76 0 0 0 0 0 0 3 52 38 6 0 0 0 11 0 0 21 19 1 1 29;
<CIRCLE 106 153 0.891905 0 4.83967e-05>; 0 0 0 0 55 20 0 0 0 0 0 0 148 135 0 0 0 1 2 7 106 52 0 1 1 8 17 2 0 0 0 1 0 0 0 0 23 12 0 0 0 0 0 0 148 148 0 0 0 0 2 4 148 148 7 0 0 8 18 1 5 37 3 0 0 0 0 0 9 2 0 0 0 0 0 0 59 136 5 0 0 0 0 0 29 148 40 0 0 0 2 0 38 148 9 0 0 0 0 0 2 0 0 0 0 0 0 0 5 18 2 0 0 0 0 0 31 128 6 0 0 0 0 0 50 148 35 0;
<CIRCLE 299 130 1.78381 0 4.82756e-05>; 0 0 30 3 0 0 0 0 0 0 35 22 2 0 0 0 0 0 10 126 46 0 0 0 0 0 8 86 79 2 0 0 1 2 126 16 0 0 24 3 0 0 126 75 20 17 17 0 0 0 116 126 43 8 0 0 0 1 126 82 19 1 0 0 4 93 126 3 0 2 35 7 0 21 106 69 88 39 27 1 0 0 18 79 126 37 0 0 3 1 48 32 78 10 0 2 0 56 110 0 0 0 0 0 0 34 126 32 5 0 0 0 0 0 38 84 47 0 0 0 4 0 0 15 47 9 1 2;
<CIRCLE 307 111 1.78381 0 4.82601e-05>; 0 6 96 38 14 2 0 0 0 33 114 8 3 1 1 1 3 14 56 80 48 3 0 0 29 63 58 18 7 0 0 0 0 4 42 28 44 95 90 0 5 40 90 6 8 30 114 34 2 16 52 72 104 37 26 10 1 37 90 87 19 2 0 0 0 0 0 1 1 25 47 0 0 0 0 75 64 20 88 4 0 0 0 114 114 19 11 1 2 0 3 114 91 1 0 0 0 0 0 20 7 0 0 0 0 0 0 114 107 0 0 0 0 0 0 94 114 1 0 0 9 0 0 61 99 0 0 14;
<CIRCLE 195 129 1.5 0 4.71551e-05>; 0 0 0 0 0 3 70 112 2 0 0 0 36 112 79 38 56 36 0 0 22 43 11 15 18 15 0 3 18 31 29 4 0 0 7 11 1 3 75 103 0 0 18 41 112 112 16 19 65 12 0 13 109 91 1 13 52 6 0 9 59 2 2 11 0 0 78 112 0 0 3 2 0 0 112 112 26 3 0 0 84 13 34 82 45 9 1 11 61 1 0 3 97 8 2 10 0 0 87 112 0 0 0 0 2 1 65 79 0 0 0 0 112 13 17 13 0 0 0 1 71 2 0 2 99 3 0 1;
<CIRCLE 312 97 1.26134 0 4.53853e-05>; 3 2 0 1 23 7 113 40 24 14 11 63 145 9 14 10 145 43 11 12 15 0 0 1 34 1 0 0 0 0 0 2 0 0 1 6 61 6 3 1 37 13 1 38 145 81 16 15 145 33 1 5 20 12 15 43 48 5 1 1 2 0 0 0 0 0 0 2 21 10 1 0 6 5 6 39 112 145 32 15 145 43 11 19 9 29 27 55 39 8 3 2 0 0 0 0 0 5 54 8 8 0 0 0 6 7 30 69 145 19 0 2 145 75 29 23 32 11 0 7 26 20 69 3 0 0 0 0;
<CIRCLE 181 151 1.26134 0 4.53287e-05>; 0 2 22 9 2 7 7 0 0 0 4 28 23 10 11 0 0 0 5 28 9 7 6 0 0 0 12 16 1 0 0 0 12 13 70 12 0 0 0 1 86 30 11 13 5 26 110 87 5 6 1 9 26 130 112 17 0 1 10 10 9 62 2 0 19 27 34 4 0 0 0 0 130 130 103 2 2 9 20 33 10 130 130 24 51 130 26 9 3 32 12 1 13 130 50 0 0 4 5 0 0 10 95 7 0 33 50 0 0 27 76 1 16 113 88 0 0 3 59 23 24 118 24 4 7 40 34 8;
<CIRCLE 7 47 1.26134 0 4.52493e-05>; 0 0 3 4 0 0 0 0 1 1 17 11 1 0 0 0 5 5 38 1 0 0 0 0 0 1 40 1 0 0 0 0 0 0 4 16 14 3 0 0 0 0 105 109 67 28 3 0 0 2 168 86 16 24 21 0 0 0 168 51 0 12 17 0 0 0 0 2 10 11 6 3 0 0 6 20 64 148 85 1 0 0 45 39 16 168 168 0 0 0 75 26 0 131 168 0 0 0 0 0 0 0 3 2 0 0 0 0 0 7 17 1 0 0 0 1 2 24 53 0 0 0 0 0 0 19 96 2;
<CIRCLE 199 86 1.5 0 4.35025e-05>; 7 0 1 28 142 13 5 0 142 9 0 9 48 1 3 25 114 9 3 5 14 21 45 26 4 0 0 0 5 17 71 37 5 1 34 54 142 20 5 4 142 55 3 1 38 15 10 31 116 121 29 2 2 0 2 9 8 30 20 0 0 0 4 23 0 7 80 26 17 6 4 2 40 68 73 2 3 5 8 14 15 142 142 0 0 0 0 0 0 142 132 0 0 0 0 0 0 1 15 8 1 0 0 0 2 7 30 2 1 1 1 0 17 58 21 0 0 0 0 0 1 74 44 0 0 0 0 0;
<CIRCLE 8 47 1.26134 0 4.32189e-05>; 0 0 3 6 1 0 0 0 2 2 21 6 0 0 0 0 3 3 36 0 0 0 0 0 0 0 36 1 0 0 0 0 0 0 7 28 24 6 0 0 0 1 157 100 52 26 6 0 0 1 163 70 5 18 20 0 0 0 163 35 0 9 14 0 0 0 0 3 19 27 9 3 0 0 12 23 51 152 125 0 0 0 51 36 5 157 163 0 0 0 75 18 0 111 163 0 0 0 0 0 0 1 4 2 0 0 0 0 1 10 21 0 0 0 0 0 1 23 60 1 0 0 0 0 0 18 97 1;
<CIRCLE 199 121 1.06066 0 4.14616e-05>; 0 0 0 8 12 1 0 0 0 0 0 26 25 12 19 3 0 3 10 15 8 24 36 0 0 7 17 0 0 4 18 0 12 0 0 3 15 35 20 7 74 10 0 1 6 21 95 94 9 4 0 0 4 128 128 23 0 0 0 0 2 64 128 1 13 4 0 0 103 128 37 1 128 128 0 0 17 17 8 24 56 92 1 8 45 72 42 12 0 2 4 10 49 44 47 5 0 0 0 1 128 128 2 0 108 41 0 0 62 81 0 6 128 31 1 4 48 3 6 17 0 0 6 34 76 2 0 0;
<CIRCLE 193 89 16.9706 0 4.1105e-05>; 0 3 18 0 0 0 0 0 0 2 19 0 0 0 0 0 0 0 17 1 0 0 0 0 0 0 15 1 0 0 0 0 0 4 41 27 6 8 3 0 0 14 135 92 3 0 0 0 0 103 135 10 0 0 0 0 2 27 46 5 0 0 1 1 0 0 35 135 41 19 6 0 0 9 90 135 7 5 23 3 2 135 111 20 3 3 29 6 6 135 119 8 0 0 16 12 0 0 5 33 42 104 84 1 0 0 9 14 3 34 135 20 1 12 5 1 1 16 135 39 5 23 19 0 0 0 135 58;
<CIRCLE 308 109 0.891905 0 3.91929e-05>; 0 56 126 0 0 0 0 0 0 36 126 6 0 0 0 0 0 3 104 98 16 1 0 0 5 15 59 77 22 7 0 1 5 51 94 0 0 9 120 31 28 60 74 2 3 5 58 88 2 8 37 81 89 45 15 17 13 17 60 52 35 6 1 5 0 0 0 0 0 19 126 22 4 0 0 4 23 18 126 77 0 0 0 14 126 88 25 8 13 1 1 4 72 28 12 14 0 0 0 4 4 3 29 1 0 0 0 92 42 2 16 1 0 0 0 126 126 5 0 0 0 0 0 26 50 5 1 0;
<CIRCLE 214 73 1.06066 0 3.34552e-05>; 0 0 99 22 0 0 0 0 0 1 123 22 0 0 0 0 0 2 123 10 0 0 0 1 0 7 123 1 0 0 0 4 11 15 123 35 0 0 0 3 7 16 123 25 0 0 21 47 2 16 102 6 0 0 75 74 0 12 57 0 0 0 79 69 19 35 10 0 0 17 80 7 8 105 26 0 0 8 51 32 0 115 90 0 0 2 48 36 1 77 90 0 0 0 35 22 0 0 0 0 0 40 123 3 0 7 4 0 0 44 123 1 0 19 20 0 0 22 123 1 3 23 26 0 0 2 123 12;
<CIRCLE 298 131 0.891905 0 3.23278e-05>; 0 3 123 7 0 0 0 0 0 3 123 11 0 0 0 0 0 0 123 116 1 0 0 0 0 0 71 123 12 0 0 0 0 6 47 1 0 5 123 7 0 2 61 11 18 70 94 0 0 0 61 76 93 57 4 0 0 0 48 66 34 39 6 0 0 19 71 4 0 9 90 3 0 1 24 54 102 62 41 0 0 0 0 22 123 47 2 0 0 0 0 5 46 66 10 0 0 81 123 2 0 0 0 0 0 13 123 69 22 0 0 0 0 0 21 55 75 0 0 0 0 0 0 42 48 0 0 0;
<CIRCLE 111 151 6 0 3.1138e-05>; 0 0 0 3 4 0 0 0 0 0 32 135 37 0 0 0 0 1 140 140 4 0 0 0 0 6 83 78 0 0 0 0 0 0 0 2 22 2 0 0 0 0 11 99 140 80 1 0 4 9 87 62 65 51 15 1 3 21 67 14 0 3 7 0 0 0 0 0 5 4 0 0 0 0 0 0 79 140 30 0 0 1 1 0 18 140 140 0 0 1 10 5 3 140 140 3 0 0 0 0 0 0 0 0 0 0 0 0 0 12 6 0 0 0 0 0 0 25 68 0 0 0 0 0 0 100 74 2;
<CIRCLE 309 130 7.13524 0 3.11185e-05>; 0 4 6 0 3 10 31 0 1 7 16 33 35 15 13 0 26 76 49 25 7 0 0 1 16 20 1 0 0 0 0 0 0 88 127 8 3 0 0 0 10 10 86 127 71 0 0 3 127 33 26 68 25 0 0 80 55 7 0 0 0 0 0 22 0 77 127 3 0 2 58 9 47 20 127 81 1 0 38 114 127 2 5 13 0 0 3 127 16 0 0 0 0 0 0 13 0 1 1 0 0 25 127 26 5 0 1 0 0 5 127 127 18 0 0 0 0 0 13 99 1 0 0 0 0 0 0 1;
<CIRCLE 306 88 1.26134 0 2.96547e-05>; 0 13 60 0 0 0 0 0 0 7 38 1 2 1 0 0 0 3 16 4 3 3 2 0 3 3 7 19 12 0 0 0 5 107 155 0 0 3 40 5 12 137 155 0 0 0 26 14 24 100 127 17 2 0 4 17 21 24 30 70 9 0 0 0 5 14 23 0 0 25 155 24 12 39 31 0 0 0 155 83 26 33 12 15 46 11 109 91 60 24 24 51 67 2 2 3 0 0 0 0 1 4 52 3 0 0 0 1 0 0 56 7 0 0 0 17 122 11 20 2 73 21 5 31 115 7 1 3;
<CIRCLE 216 74 1.26134 0 2.95688e-05>; 0 0 117 24 0 0 0 0 0 2 117 18 0 0 1 1 0 9 117 2 0 0 3 9 0 9 92 5 0 0 6 8 17 31 108 21 0 0 5 18 2 49 99 9 0 0 58 79 0 35 80 0 0 0 110 88 0 17 34 0 0 0 86 50 8 33 4 0 0 38 117 7 1 90 54 0 0 22 117 14 2 100 115 0 0 3 102 17 10 66 78 0 0 0 39 13 1 0 0 0 0 20 94 3 0 0 0 0 0 23 117 0 1 1 1 0 0 6 117 6 4 4 1 0 0 1 92 13;
<CIRCLE 107 135 2.52269 0 2.73543e-05>; 0 0 0 2 0 0 0 0 0 0 2 38 1 0 0 0 0 0 71 122 0 0 0 0 0 0 104 108 0 0 0 0 0 0 0 5 11 0 0 0 0 0 11 156 94 0 0 0 0 0 156 156 18 0 0 0 0 7 156 28 0 0 0 0 0 0 0 1 28 1 0 0 0 0 3 88 156 3 0 0 0 0 71 70 124 6 13 5 0 1 86 1 0 1 25 5 0 0 0 0 21 1 0 0 0 0 0 3 156 54 0 0 0 3 5 1 107 30 13 9 0 5 12 0 0 0 23 10;
<CIRCLE 177 73 1.06066 0 2.71987e-05>; 0 23 88 7 0 5 3 0 0 6 123 11 0 6 0 0 0 15 123 2 0 0 0 0 0 31 123 2 0 0 0 0 0 3 38 24 2 66 49 0 0 0 90 26 19 101 41 0 0 11 123 20 24 72 16 0 0 47 123 9 21 18 0 0 0 0 120 58 2 7 32 3 0 0 100 63 16 15 74 7 0 0 20 49 23 31 101 11 0 0 4 9 28 44 117 1 0 0 8 5 0 0 123 26 0 0 6 3 0 0 123 31 0 0 0 1 0 3 123 21 0 0 0 0 0 47 123 2;
<CIRCLE 215 74 4.24264 0 2.62178e-05>; 0 0 20 0 0 0 0 0 0 0 31 1 0 0 1 0 0 1 26 7 0 0 0 0 0 0 44 20 0 0 0 0 4 11 137 18 3 1 3 4 7 29 137 20 0 0 28 13 22 56 122 22 4 3 7 16 1 3 65 58 18 20 14 6 69 72 84 41 26 4 13 27 41 97 75 3 0 0 137 71 24 41 21 0 2 11 97 66 1 3 4 3 13 61 57 5 9 103 67 22 4 0 0 0 7 137 137 0 0 0 3 3 1 137 137 0 0 1 9 3 0 101 30 0 0 11 24 0;
<CIRCLE 200 153 1.26134 0 2.58823e-05>; 18 7 3 0 0 0 0 1 139 10 0 4 6 0 0 5 84 2 3 80 139 0 0 0 0 0 42 49 30 0 0 0 22 17 11 1 0 0 0 0 139 74 20 20 6 0 0 0 58 26 25 139 139 0 0 0 4 2 24 37 36 1 1 1 8 11 4 1 3 20 15 0 41 77 98 16 0 5 2 0 11 20 87 109 25 0 2 7 17 2 0 7 6 2 65 81 0 0 0 0 3 92 110 6 0 2 9 0 27 89 32 0 61 7 5 0 2 3 1 26 139 3 0 3 1 4 62 139;
<CIRCLE 307 88 1.26134 0 2.5239e-05>; 0 11 52 0 0 0 0 0 0 5 32 2 2 2 0 0 0 2 12 10 6 2 2 0 9 7 8 18 10 0 0 0 7 117 151 0 0 1 34 6 16 139 151 0 0 0 20 18 20 74 91 43 6 0 1 13 42 31 25 57 6 0 0 0 7 20 26 0 0 11 151 37 17 44 28 0 0 1 151 103 22 26 14 37 83 13 61 65 113 36 23 38 42 0 0 0 0 0 0 0 0 2 54 5 0 0 0 2 6 2 50 7 0 2 1 31 151 13 11 1 138 29 5 21 64 4 1 5;
<CIRCLE 303 152 3.56762 0 2.4923e-05>; 0 58 126 2 0 0 0 0 0 16 99 94 28 0 0 0 106 2 11 51 31 0 0 54 136 0 0 0 0 0 0 95 0 11 47 0 0 1 21 9 3 7 52 14 1 0 52 54 99 0 3 8 3 0 12 136 91 0 0 0 0 0 0 114 10 0 2 0 1 69 136 104 11 0 0 0 0 0 136 136 15 0 0 0 0 0 82 136 5 0 0 0 0 0 1 36 9 0 0 0 2 63 61 50 15 0 0 0 0 0 31 61 0 0 0 0 0 0 11 9 0 0 0 0 0 0 0 1;
<CIRCLE 178 72 3.56762 0 2.46657e-05>; 0 13 34 0 0 0 0 0 0 4 19 0 0 0 0 0 0 1 14 0 0 0 0 0 0 0 9 1 0 0 0 0 2 62 93 3 2 7 26 2 0 27 134 48 10 7 4 0 0 43 134 22 3 6 12 1 1 20 134 17 1 0 2 1 0 3 32 30 10 23 40 4 0 1 104 54 20 52 76 0 0 18 134 36 27 55 134 6 52 25 122 50 81 22 23 20 0 1 90 127 13 3 7 7 0 1 134 69 23 4 6 2 0 1 134 71 20 3 6 0 28 58 81 64 26 1 0 2;
<CIRCLE 67 87 1.06066 0 2.35715e-05>; 0 0 0 3 2 0 0 0 0 0 25 25 2 0 0 0 0 1 91 12 0 0 0 0 0 0 102 7 0 0 0 0 0 0 0 6 25 1 0 0 0 0 58 124 105 39 7 0 0 0 160 131 14 70 44 0 0 0 160 73 0 51 49 0 0 0 0 0 18 7 0 0 0 0 0 14 70 120 66 0 0 0 17 19 10 158 160 0 0 0 28 10 0 120 160 0 0 0 0 0 2 1 0 0 0 0 0 1 3 11 10 0 0 0 0 0 0 10 40 1 0 1 2 0 0 7 62 1;
<CIRCLE 179 172 10.0908 0 2.33661e-05>; 0 3 108 120 5 4 3 0 8 21 54 79 2 1 11 12 4 10 46 36 16 28 29 10 10 56 16 12 6 7 5 3 0 2 26 12 7 133 133 16 1 13 29 7 0 36 133 126 0 5 34 15 1 115 133 34 3 4 4 7 1 9 133 75 0 0 2 1 0 60 98 9 0 0 10 2 0 21 131 69 0 0 20 3 0 79 132 22 0 0 22 2 0 6 119 50 0 0 4 9 2 3 0 0 0 0 30 21 2 4 9 1 0 0 50 10 0 0 25 4 0 1 35 4 0 0 20 11;
<CIRCLE 178 73 0.891905 0 2.28313e-05>; 0 4 133 17 0 13 2 0 0 7 133 8 2 7 0 0 0 24 133 3 0 0 0 0 0 51 133 1 0 0 0 0 0 0 27 21 8 87 44 0 0 0 55 16 28 100 38 0 0 12 92 14 23 72 10 0 0 42 132 12 25 14 0 0 0 0 113 57 8 7 21 0 0 0 69 67 22 17 39 4 0 0 7 46 28 32 64 5 0 0 4 7 34 46 87 0 0 0 14 6 0 0 133 28 0 0 6 5 0 0 133 29 0 0 0 0 0 6 133 23 0 0 0 0 0 50 133 1;
<CIRCLE 107 152 1.26134 0 2.2665e-05>; 0 0 0 1 97 7 0 0 0 0 0 4 163 59 0 1 5 2 2 1 26 10 3 15 0 2 3 0 0 0 10 6 0 0 0 0 52 23 0 0 0 0 0 2 163 163 0 0 1 10 23 8 75 60 2 1 0 14 36 0 0 0 0 0 0 0 0 0 14 6 0 0 0 0 0 0 123 163 15 0 0 2 5 0 61 163 29 0 0 5 23 1 14 53 13 0 0 0 0 0 2 1 0 0 0 0 0 0 10 42 4 0 0 0 0 0 50 163 43 0 0 0 0 0 9 163 121 0;
<CIRCLE 216 74 5.04538 0 2.23785e-05>; 0 0 10 0 0 0 0 0 0 0 14 0 0 0 0 0 0 0 15 6 0 0 0 0 0 0 37 8 0 0 1 0 4 13 132 15 5 2 4 3 8 27 132 16 0 0 29 15 16 36 105 37 8 8 9 13 1 6 96 41 10 13 20 14 46 67 113 60 30 7 11 16 46 132 111 4 0 0 120 63 17 61 36 1 5 23 81 46 1 11 10 4 8 50 79 7 2 53 52 27 14 0 0 0 3 132 132 0 0 0 0 0 0 132 132 0 0 1 5 1 1 132 25 0 0 6 22 0;
<CIRCLE 200 152 1.5 0 2.12151e-05>; 14 4 3 2 1 0 0 0 128 18 1 5 5 0 0 2 72 8 5 70 128 0 0 0 0 0 19 43 29 0 0 0 15 13 11 0 0 0 0 0 128 51 8 15 10 0 0 1 63 17 15 128 128 0 0 0 4 3 40 44 21 0 0 0 7 10 4 1 6 37 15 0 61 88 71 18 1 6 4 0 16 22 71 120 40 0 2 18 10 2 1 9 6 8 91 68 0 0 0 0 3 84 125 6 0 3 13 0 29 103 38 0 109 4 11 2 5 7 1 62 128 5 1 13 14 26 103 128;
<CIRCLE 177 73 3.56762 0 2.05231e-05>; 0 18 48 0 0 0 0 0 0 8 30 0 0 0 0 0 0 2 26 0 0 0 0 0 0 1 14 2 0 0 0 0 2 55 84 3 3 10 36 3 1 32 134 51 12 10 7 0 0 41 134 30 5 12 24 2 1 27 134 19 4 2 5 2 0 1 37 39 9 21 42 5 0 0 112 54 17 46 67 0 0 12 134 38 20 55 134 5 47 24 103 58 93 26 28 16 1 1 73 134 18 2 6 8 0 1 134 65 28 3 3 3 0 1 134 69 24 1 2 0 17 43 91 67 21 1 0 0;
<CIRCLE 150 171 2.52269 0 1.98679e-05>; 0 0 9 0 17 78 136 0 0 3 19 2 28 46 7 0 30 3 12 3 0 0 2 37 29 0 1 0 0 3 112 110 0 0 0 0 76 136 71 0 0 1 0 0 75 136 65 7 77 1 0 0 0 17 79 136 109 0 0 0 0 0 41 136 0 0 0 0 6 54 3 0 0 0 0 0 3 136 136 10 5 0 0 0 0 22 136 136 14 0 0 0 0 0 9 68 0 0 0 0 0 3 1 0 0 0 0 0 0 4 12 0 0 0 0 0 0 0 13 4 0 0 0 0 0 0 1 2;
<CIRCLE 214 74 1.06066 0 1.93531e-05>; 0 0 123 33 0 0 0 0 0 0 123 31 0 0 2 3 1 4 123 12 0 0 8 9 0 11 123 0 0 0 11 17 20 29 95 16 0 0 4 5 10 48 64 10 0 0 22 62 1 44 50 2 0 0 84 86 0 22 32 0 0 0 87 65 9 20 1 0 0 35 123 6 3 79 24 0 0 25 117 11 0 102 91 0 0 8 80 11 2 81 97 0 0 0 37 12 1 0 0 0 0 27 117 4 0 0 0 0 0 36 123 0 0 3 3 0 0 22 123 1 2 5 5 0 0 3 123 9;
<CIRCLE 106 135 1.26134 0 1.62677e-05>; 0 0 1 4 2 0 0 0 0 0 5 62 11 0 0 0 0 0 35 163 7 0 0 0 0 1 25 135 3 0 0 0 0 0 0 8 18 1 0 0 0 0 2 163 129 0 0 0 0 2 89 163 27 0 0 0 0 6 128 27 0 0 0 0 0 0 0 1 38 3 0 2 0 0 0 75 163 5 0 0 0 0 54 93 130 1 1 0 0 0 78 10 0 0 3 1 0 0 0 1 34 0 0 0 0 0 0 19 163 1 0 0 0 0 0 7 130 9 6 4 0 0 0 0 0 0 18 4;
<CIRCLE 305 89 1.78381 0 1.62427e-05>; 0 15 103 0 0 0 0 0 0 18 75 1 0 0 0 0 0 6 29 15 1 0 0 0 4 11 11 15 1 0 0 0 1 46 142 8 0 36 118 3 18 134 142 0 0 2 94 31 19 99 123 19 3 2 22 30 42 44 40 26 3 0 0 0 0 1 5 0 0 64 142 2 8 11 8 0 1 10 142 54 10 15 7 20 100 26 97 48 128 43 14 23 51 4 1 2 0 0 1 0 0 3 9 0 0 0 1 1 4 3 14 1 0 0 0 6 112 45 6 1 99 10 0 5 46 33 12 26;
<CIRCLE 174 131 1.06066 0 1.34415e-05>; 0 0 1 8 0 0 0 0 0 0 1 2 0 1 9 10 0 0 0 0 0 1 57 20 0 0 0 0 0 1 68 58 10 0 3 3 0 0 0 12 35 0 0 0 0 0 44 137 3 0 0 0 0 0 137 137 0 0 0 0 0 0 137 137 75 3 2 0 0 0 0 31 137 18 1 0 0 0 5 137 38 25 26 0 0 0 59 107 0 2 42 6 0 0 45 21 77 21 0 0 0 0 0 3 137 131 37 0 0 0 0 8 10 54 137 4 0 0 0 0 0 1 137 26 0 0 0 0;
<CIRCLE 172 85 1.06066 0 1.15731e-05>; 0 0 15 3 0 2 103 6 0 0 22 4 0 0 100 13 0 0 42 14 0 0 67 14 0 3 67 4 0 1 35 4 0 8 148 75 0 0 0 0 0 46 148 30 0 0 0 0 0 4 148 148 2 0 0 0 0 46 148 56 1 0 0 0 1 11 148 65 0 0 27 25 8 68 148 20 1 2 27 10 0 6 100 126 17 16 39 2 2 29 66 28 10 27 35 0 1 0 1 10 7 2 32 41 3 0 0 6 3 9 34 20 0 0 3 30 24 13 29 7 0 0 8 40 17 12 8 0;
<CIRCLE 181 152 1.26134 0 1.14063e-05>; 0 2 30 10 1 2 2 0 1 0 6 26 17 7 22 6 0 0 3 22 10 21 19 1 0 0 10 14 1 1 0 0 17 19 59 8 0 0 0 1 124 77 17 5 3 24 93 91 8 20 19 10 35 128 98 19 0 1 8 5 11 108 9 0 11 20 20 3 0 1 6 0 68 128 113 1 1 3 6 7 9 128 128 16 30 85 6 3 8 63 17 2 10 128 47 0 0 1 2 0 0 14 128 12 0 7 19 0 0 44 128 3 14 58 30 0 0 4 128 39 22 88 20 3 4 18 65 13;
<CIRCLE 206 78 1.78381 0 1.05641e-05>; 2 10 133 19 0 0 1 0 0 1 133 49 0 4 6 0 4 10 133 35 0 0 3 1 14 16 131 9 0 0 0 9 86 11 75 16 9 8 46 67 5 0 64 18 0 63 133 19 10 12 47 3 0 30 133 13 28 40 9 0 0 11 111 18 133 23 0 2 15 3 8 27 32 15 0 0 4 23 62 33 4 0 0 0 0 14 129 28 0 0 0 0 0 15 133 2 92 80 21 0 4 2 2 7 15 116 66 0 0 0 0 5 3 49 54 0 0 0 0 4 0 14 23 0 0 0 1 0;
<CIRCLE 302 152 4.24264 0 7.86151e-06>; 0 69 132 1 0 0 0 0 0 20 127 115 10 0 0 0 93 4 14 101 16 0 0 46 132 0 0 0 0 0 0 91 0 20 53 0 0 3 33 6 2 13 72 19 1 0 52 55 108 0 6 14 3 0 16 132 90 0 0 0 0 0 0 96 0 0 1 0 0 82 132 47 2 0 0 0 0 5 132 132 11 0 0 0 0 0 85 132 6 0 0 0 0 0 0 35 0 0 0 0 0 47 51 15 3 0 0 0 0 4 34 61 0 0 0 0 0 0 8 9 0 0 0 0 0 0 0 1;
<CIRCLE 162 89 2.12132 0 7.30714e-06>; 1 4 45 1 0 0 94 39 0 1 39 18 0 1 108 27 0 0 66 31 0 5 124 2 0 0 71 21 0 2 103 8 0 0 0 49 11 1 41 9 0 0 88 140 23 0 20 5 4 7 140 124 0 0 10 12 0 5 140 49 6 2 6 2 0 0 0 140 70 0 0 0 4 1 13 140 84 0 3 62 8 4 24 20 2 3 18 89 0 1 6 11 44 10 15 12 2 0 0 140 83 0 1 5 13 2 5 41 20 0 3 68 8 10 8 8 3 2 4 27 0 0 2 28 54 4 2 6;
<CIRCLE 176 85 1.5 0 7.10029e-06>; 0 0 22 10 0 1 141 15 0 0 24 9 0 0 141 34 0 1 23 3 0 10 141 18 1 0 8 3 2 58 136 13 0 15 141 28 0 0 22 1 0 8 141 119 0 0 15 2 0 52 141 24 0 1 7 0 0 21 141 24 3 9 3 0 3 22 118 19 1 2 21 11 0 9 88 82 13 23 19 1 0 30 116 31 16 15 6 0 0 21 132 17 4 0 0 2 7 0 0 7 8 4 14 26 0 0 0 27 64 10 9 5 0 0 0 27 27 2 0 2 2 0 1 13 13 0 1 6;
<CIRCLE 202 172 1.5 0 7.09556e-06>; 0 0 0 0 74 145 30 0 6 4 0 0 137 81 0 0 56 101 26 4 4 1 0 0 10 37 57 82 13 0 0 0 0 0 0 0 98 88 1 0 0 0 0 0 145 145 13 0 1 22 10 0 7 57 77 3 10 10 28 9 0 0 54 58 0 0 0 2 14 28 1 0 0 0 0 0 19 145 90 0 0 0 0 0 0 118 145 8 0 0 0 0 0 1 145 109 0 0 0 0 1 3 2 2 0 0 0 0 0 7 17 3 0 0 0 0 0 13 55 1 0 0 0 0 0 1 41 8;
<CIRCLE 178 93 6 0 6.72357e-06>; 0 22 54 1 1 2 13 3 0 19 103 24 10 3 2 0 1 9 120 24 7 2 0 0 7 12 120 8 0 0 6 11 0 1 11 97 32 7 35 13 0 0 112 120 29 4 1 0 8 33 120 120 22 4 0 0 38 120 101 12 1 0 15 28 0 0 17 120 43 0 2 0 0 0 40 120 52 0 0 0 0 11 41 87 56 2 3 1 0 101 93 8 3 3 3 0 0 0 30 117 1 0 0 0 10 3 27 102 6 1 22 41 2 1 17 36 11 28 105 61 0 1 8 13 15 43 45 1;
<CIRCLE 306 92 6 0 6.63871e-06>; 1 11 66 5 0 0 63 30 0 4 58 14 0 5 113 14 0 5 43 4 0 1 113 31 0 0 16 6 0 3 101 11 1 28 63 2 0 15 81 11 2 38 113 4 1 20 61 6 23 71 35 0 0 1 19 4 5 9 2 0 0 0 6 1 0 1 3 2 6 16 58 0 1 3 13 71 59 38 48 1 43 105 113 90 28 5 5 3 55 86 29 0 0 0 0 5 0 69 113 5 3 1 0 0 1 5 67 113 99 13 0 0 113 28 43 113 90 1 0 87 113 23 6 0 0 0 0 67;
<CIRCLE 185 157 1.5 0 6.56828e-06>; 36 32 10 1 0 4 17 18 6 15 16 4 14 96 31 9 0 1 4 2 5 62 9 0 0 4 6 0 1 5 1 0 13 53 30 0 0 4 16 1 10 86 84 4 8 23 11 5 7 44 11 1 11 91 22 2 0 1 1 1 13 65 17 0 0 0 1 0 0 30 154 4 7 14 4 0 0 6 154 37 7 25 6 1 3 21 154 20 0 1 1 0 3 51 153 16 0 0 0 0 0 5 154 2 0 0 0 0 0 3 154 8 0 0 0 0 0 23 154 1 0 0 0 0 0 94 154 1;
<CIRCLE 176 91 5.04538 0 6.36863e-06>; 1 23 55 0 0 9 33 3 0 26 98 25 9 18 8 0 0 19 123 27 11 17 17 0 11 10 123 17 6 1 10 9 1 2 21 108 29 10 41 17 0 0 123 121 20 22 7 1 1 6 123 116 32 23 22 0 61 123 94 45 18 2 18 22 1 2 10 123 66 0 2 2 2 2 42 84 69 2 1 4 0 1 50 79 94 0 0 0 1 83 62 18 11 0 0 0 0 0 20 107 7 0 0 0 0 1 51 123 15 1 6 6 1 2 28 55 21 6 44 35 0 1 10 10 9 27 46 3;
<CIRCLE 322 130 5.04538 0 6.16263e-06>; 0 0 14 46 46 27 3 0 40 40 100 88 46 4 0 16 102 66 35 2 0 0 0 32 4 1 0 0 0 0 0 0 2 2 48 128 55 10 0 0 128 5 11 112 75 1 0 126 128 3 1 0 0 0 0 107 3 0 0 0 0 0 0 1 22 12 87 126 16 0 1 29 128 3 5 31 6 0 0 128 62 0 0 0 0 0 0 49 1 0 0 0 0 0 0 0 11 1 12 4 0 0 101 128 67 0 0 0 0 0 13 128 9 0 0 0 0 0 0 10 0 0 0 0 0 0 0 0;
<CIRCLE 147 87 7.13524 0 5.61466e-06>; 0 19 83 0 0 10 19 0 0 34 102 0 0 4 4 0 0 29 85 1 0 0 0 0 0 5 87 7 0 0 0 0 0 4 25 7 7 23 55 8 0 9 19 9 15 21 70 10 0 14 57 100 21 5 17 6 0 5 134 133 1 0 0 0 0 0 10 23 0 2 58 13 0 0 31 134 26 8 58 3 0 0 25 134 56 3 6 1 0 2 57 134 32 0 1 0 0 0 100 134 4 0 0 0 0 1 134 134 1 0 0 0 3 2 39 134 3 0 1 5 7 5 15 65 9 7 43 41;
<CIRCLE 120 124 1.06066 0 5.13456e-06>; 0 1 2 1 1 0 0 0 0 1 7 10 9 1 0 0 0 1 41 97 3 0 0 0 0 0 30 159 10 0 0 0 0 2 72 24 1 0 0 0 0 0 96 134 15 0 0 0 0 0 58 159 53 0 0 0 0 0 59 159 7 0 2 4 0 0 159 89 0 0 0 0 0 2 159 159 1 0 0 0 0 1 69 159 34 3 1 1 1 1 3 17 7 3 7 12 3 2 82 23 0 0 0 1 6 10 62 11 0 0 0 1 2 7 21 5 0 0 0 0 3 10 2 0 0 0 1 0;
<CIRCLE 175 89 4.24264 0 4.97997e-06>; 1 21 41 0 0 12 35 3 0 24 88 31 13 22 7 0 0 17 127 35 12 25 23 0 8 16 127 19 13 4 5 4 1 1 29 120 25 12 30 12 0 0 127 118 14 25 5 0 0 0 127 107 21 31 29 0 46 69 100 87 38 7 6 10 1 1 13 127 73 1 2 3 1 2 60 77 68 3 2 6 0 0 82 92 103 0 0 0 1 56 71 41 19 0 0 0 0 2 15 93 16 0 0 0 0 2 47 103 25 0 0 0 0 1 24 79 57 0 1 2 0 2 5 22 18 5 6 0;
<CIRCLE 164 89 3.56762 0 4.80755e-06>; 2 13 65 2 0 14 79 12 1 15 31 6 6 23 69 7 1 15 50 38 20 28 33 1 0 11 118 36 12 36 74 2 2 7 21 30 12 3 113 49 0 2 81 138 26 10 43 13 0 1 138 98 8 17 25 1 0 1 138 57 7 18 48 0 0 0 0 138 73 0 9 1 5 3 26 138 81 0 4 24 3 4 55 44 67 8 8 22 0 0 53 49 90 1 0 0 0 0 13 138 45 0 0 0 7 9 14 56 20 0 0 5 1 3 32 59 37 0 0 2 0 0 8 46 71 1 0 0;
<CIRCLE 152 85 5.04538 0 4.75759e-06>; 0 26 107 5 0 18 72 2 0 46 122 1 0 8 43 1 0 45 108 1 0 4 15 0 0 16 104 16 3 2 1 0 0 1 66 39 2 20 117 6 3 14 55 15 4 12 113 38 1 11 50 70 14 26 39 9 0 5 122 60 14 36 18 0 0 0 4 8 0 4 94 6 0 0 3 122 50 3 72 19 1 2 49 122 67 3 8 6 0 0 102 78 58 2 1 1 0 0 44 112 0 0 0 0 0 0 50 122 23 0 0 0 1 3 24 116 22 0 0 1 0 1 30 77 42 0 0 1;
<CIRCLE 135 133 1.5 0 4.58456e-06>; 2 1 1 1 0 2 13 7 0 4 9 24 20 5 8 1 21 41 17 13 3 0 0 2 6 2 0 18 13 1 0 3 1 11 148 15 0 0 0 0 1 16 148 148 33 0 0 0 60 148 68 67 6 0 0 0 11 39 55 80 15 0 0 1 1 6 148 29 0 0 2 7 46 45 148 93 0 0 1 18 103 148 60 18 0 0 0 3 3 53 138 19 0 0 0 0 1 2 22 0 0 4 39 58 37 5 5 0 0 0 29 91 82 14 3 2 0 0 1 23 3 9 35 8 2 0 0 0;
<CIRCLE 142 89 12 0 4.56562e-06>; 0 11 48 0 0 1 3 0 0 12 54 0 0 0 0 0 0 9 42 0 0 0 0 0 0 1 36 1 0 0 0 0 0 5 22 1 8 22 31 1 0 12 53 15 9 25 32 1 0 14 134 128 14 5 3 0 1 77 134 52 0 0 0 0 0 0 9 51 14 8 32 1 0 0 103 134 17 10 27 1 1 4 65 134 25 5 4 1 1 79 93 74 15 21 7 1 0 0 6 64 100 45 4 0 0 0 106 134 70 107 76 1 2 19 78 58 1 21 113 36 2 11 26 26 9 35 96 13;
<CIRCLE 176 87 3 0 4.4867e-06>; 1 8 20 22 2 15 56 5 0 5 39 57 21 18 68 2 0 16 124 33 15 46 126 9 4 35 126 16 39 25 65 17 0 1 121 98 3 6 46 4 0 1 126 64 4 8 68 1 0 7 126 32 2 19 94 3 11 8 126 84 98 19 39 6 4 4 63 112 17 1 8 42 1 2 77 40 62 10 10 11 0 2 108 48 57 1 0 0 1 4 100 52 20 1 0 0 5 8 11 10 5 0 2 21 0 2 5 30 68 7 2 2 0 0 0 24 74 6 0 0 0 0 0 12 22 7 0 0;
<CIRCLE 156 77 7.13524 0 4.36138e-06>; 0 15 70 0 0 0 1 0 0 19 56 0 0 0 0 0 0 8 33 0 0 0 0 0 0 0 24 0 0 0 0 0 0 17 69 5 8 32 33 1 0 44 100 4 4 6 20 8 0 28 140 60 3 1 2 0 2 11 140 50 0 0 0 0 0 0 6 14 8 15 92 10 0 0 5 140 54 15 72 12 0 0 83 140 34 2 2 0 4 48 140 140 11 0 0 0 0 0 63 140 0 0 10 1 0 0 58 140 22 1 2 0 0 0 25 140 24 0 4 7 0 6 19 71 25 14 33 11;
<CIRCLE 141 86 20.1815 0 4.08233e-06>; 0 2 16 0 0 0 0 0 0 3 15 0 0 0 0 0 0 1 9 0 0 0 0 0 0 0 7 0 0 0 0 0 0 4 30 2 1 23 15 0 0 9 71 31 7 15 6 0 0 26 144 90 3 0 0 0 1 81 124 7 0 0 0 0 0 0 0 10 20 20 7 0 0 0 44 144 82 54 22 0 0 27 128 144 12 15 70 7 3 144 119 12 2 4 63 15 0 0 0 2 13 12 0 0 0 0 4 33 56 139 111 2 0 0 10 17 4 48 144 24 2 13 8 1 0 10 144 45;
<CIRCLE 135 132 1.5 0 3.70558e-06>; 1 0 0 5 0 2 17 8 1 3 6 12 12 6 11 2 16 26 12 7 1 0 0 3 5 1 0 12 9 1 0 3 2 11 105 9 1 0 1 1 1 13 88 154 42 1 0 0 59 154 56 62 8 0 0 1 13 28 29 76 20 1 0 1 0 7 154 34 0 0 0 2 30 41 154 153 3 0 0 6 87 154 78 34 0 0 0 1 4 59 144 36 1 0 0 0 1 3 69 3 0 3 26 47 50 13 30 1 0 0 20 80 98 28 7 1 0 0 0 17 3 15 53 6 0 0 0 0;
<CIRCLE 163 89 2.52269 0 3.32957e-06>; 1 6 91 3 0 0 75 31 0 1 66 20 1 5 98 20 0 0 61 36 2 8 127 3 0 0 52 26 9 9 127 10 0 0 0 43 10 1 68 20 1 1 103 136 20 1 43 13 2 7 136 90 0 1 32 12 0 4 136 63 12 2 14 2 0 0 0 136 72 0 0 1 6 1 18 136 73 1 5 78 6 4 25 16 11 5 21 67 0 0 7 26 75 8 6 4 4 0 0 136 75 0 0 6 15 7 10 32 15 0 2 46 6 13 13 21 16 1 3 14 0 0 1 25 52 13 2 1;
<CIRCLE 135 134 2.12132 0 3.15521e-06>; 0 2 25 142 1 0 5 2 1 4 13 35 5 3 9 3 11 25 11 10 2 0 0 2 1 1 3 62 9 0 0 0 1 21 142 15 0 0 1 1 1 29 142 124 4 0 1 0 6 142 126 44 1 0 0 0 0 14 55 124 10 0 0 0 0 7 142 10 0 6 29 10 41 50 142 25 0 0 13 52 61 133 79 6 0 0 0 13 0 15 115 37 0 0 0 0 0 2 2 0 0 7 105 25 8 1 2 0 0 0 66 86 17 3 6 11 4 0 10 26 0 0 26 24 2 0 0 0;
<CIRCLE 231 78 1.26134 0 2.85259e-06>; 0 5 16 1 0 0 72 28 0 1 8 2 1 10 108 8 0 0 7 0 1 11 136 4 0 0 4 0 0 0 122 20 3 46 89 1 2 7 24 6 0 14 136 21 2 16 8 0 0 4 136 28 0 15 5 0 0 7 136 7 2 4 0 1 1 5 4 1 2 36 86 7 0 0 37 18 2 95 136 0 0 0 91 21 0 135 136 0 0 1 122 9 6 99 136 0 0 0 0 0 0 1 7 2 0 0 0 0 0 5 25 1 0 0 1 1 0 16 55 0 0 0 0 0 0 23 83 0;
<CIRCLE 316 136 1.78381 0 2.43867e-06>; 0 2 110 46 15 0 0 0 46 14 33 18 23 7 6 54 148 25 0 0 0 0 11 148 51 24 0 0 0 0 2 23 16 3 28 15 41 7 1 8 148 12 12 0 0 0 0 148 113 0 0 0 0 0 18 148 8 0 0 0 0 0 9 31 28 0 0 6 24 9 2 6 148 6 0 0 0 0 0 61 148 1 0 0 0 0 0 35 2 0 0 0 0 0 3 5 22 0 0 4 6 0 6 76 148 0 0 0 0 0 9 148 77 4 0 0 0 0 0 30 5 0 0 0 0 0 0 1;
<CIRCLE 243 135 1.5 0 2.37929e-06>; 0 0 0 0 0 0 52 34 0 0 0 0 8 46 94 26 0 6 16 23 73 59 10 0 0 78 26 7 5 0 0 0 25 0 0 0 0 0 27 102 19 2 0 3 44 77 82 128 0 1 3 14 141 141 19 3 0 64 13 8 45 3 0 0 56 29 19 0 0 0 0 39 46 69 68 74 64 9 7 33 0 2 12 125 141 21 2 1 1 21 6 8 86 5 0 0 1 9 84 15 0 0 0 1 0 16 125 90 9 0 0 0 0 0 14 102 127 7 0 0 0 3 0 2 81 11 0 0;
<CIRCLE 243 134 2.12132 0 2.31348e-06>; 0 0 0 0 0 2 40 26 6 15 1 0 2 13 65 13 4 98 67 8 11 11 5 1 0 126 126 0 0 0 0 0 24 0 0 0 0 0 26 95 10 0 0 1 35 75 115 88 0 22 22 22 126 99 16 1 0 126 38 5 9 0 0 0 60 13 15 0 0 0 0 68 39 37 68 68 65 19 13 43 0 4 12 101 126 29 3 0 1 80 14 8 37 0 0 0 4 6 83 31 0 0 0 5 0 7 126 98 7 0 0 0 0 0 25 103 111 1 0 0 0 19 8 9 45 1 0 0;
<CIRCLE 136 132 1.26134 0 2.09678e-06>; 1 0 0 1 4 6 14 1 2 13 17 29 21 4 3 0 26 34 12 5 0 0 1 4 3 0 0 10 11 3 1 3 0 4 76 33 11 0 0 0 10 44 51 146 73 0 0 0 105 146 43 28 3 0 1 2 8 14 28 80 21 2 1 1 1 6 146 82 0 0 0 1 55 60 146 146 7 0 0 2 96 146 71 13 0 0 0 0 1 41 146 37 1 0 0 0 7 6 78 6 0 0 13 49 100 19 22 1 0 0 6 46 90 38 12 1 0 0 0 2 1 17 62 4 0 0 0 0;
<CIRCLE 247 130 3 0 2.07862e-06>; 20 75 4 0 0 4 9 8 27 146 74 0 0 0 1 1 0 146 146 0 0 0 0 0 0 122 138 0 0 0 0 0 2 2 0 0 0 3 35 29 4 60 29 3 15 25 33 10 0 146 146 3 7 2 0 0 0 146 146 0 0 0 0 0 27 5 6 1 0 1 11 54 6 5 13 36 108 43 22 18 0 61 26 16 62 5 0 0 0 56 58 0 0 0 0 0 7 6 54 22 0 0 0 6 1 3 55 80 40 0 0 0 0 14 12 28 44 0 0 0 0 34 24 1 0 0 0 0;
<CIRCLE 135 136 3 0 1.41811e-06>; 0 0 111 144 0 0 0 0 1 3 51 144 2 1 2 0 6 13 22 33 1 0 0 2 0 0 11 89 2 0 0 0 0 12 144 48 0 0 0 0 5 38 144 57 1 0 1 1 6 108 144 49 1 0 0 0 0 2 42 136 2 0 0 0 0 3 120 3 1 3 74 13 20 26 107 5 0 1 59 67 25 52 59 16 1 0 4 22 0 1 58 55 0 0 0 0 0 21 72 0 0 4 31 9 0 16 112 4 0 0 29 19 0 0 95 35 1 0 4 4 0 0 57 35 0 0 0 0;
<CIRCLE 177 110 3 0 1.37797e-06>; 8 9 11 26 14 1 10 52 0 1 3 37 129 14 6 5 0 0 3 37 103 7 0 0 0 1 13 19 33 12 0 0 4 11 41 35 2 0 0 3 0 1 43 106 83 7 0 0 0 0 13 84 113 4 0 0 0 0 1 40 26 5 0 0 0 0 58 131 15 0 0 0 1 2 131 131 27 8 4 3 15 23 105 60 18 0 9 25 3 5 5 13 22 13 41 16 1 0 8 91 23 2 0 2 5 0 6 24 28 25 85 88 8 3 5 2 0 1 131 131 1 0 5 23 27 85 131 131;
<CIRCLE 177 109 3.56762 0 1.37448e-06>; 4 3 34 125 33 1 4 24 1 1 56 44 89 7 5 9 0 0 87 62 77 1 0 0 2 32 63 39 17 3 0 0 7 12 25 40 11 0 0 8 0 1 33 90 96 2 0 1 0 0 7 70 115 2 0 0 0 2 3 27 31 4 0 0 0 0 38 125 6 0 0 0 0 1 122 125 23 4 6 4 7 13 70 64 16 1 30 40 0 1 4 16 19 26 70 14 3 0 12 98 9 0 0 2 26 3 6 31 20 11 83 121 6 4 19 19 1 5 125 125 0 1 18 52 38 89 125 54;
<CIRCLE 173 92 0.891905 0 1.19578e-06>; 5 13 18 7 1 14 104 32 5 15 29 15 7 8 65 21 0 0 8 57 18 41 110 7 1 5 6 41 33 65 43 0 20 0 3 45 14 7 15 48 8 0 0 7 49 36 78 72 0 0 15 124 127 25 10 3 0 0 26 91 38 1 0 0 71 0 6 22 4 0 2 127 25 0 0 57 127 21 17 78 0 0 0 66 127 15 2 0 0 0 1 32 57 5 0 0 19 0 0 15 16 0 10 127 2 0 0 127 127 0 4 12 0 0 0 96 127 0 0 0 0 0 0 23 36 2 3 3;
<CIRCLE 220 151 2.12132 0 1.05879e-06>; 0 0 0 41 43 0 0 0 90 3 0 15 16 0 0 5 98 2 2 0 0 0 3 27 5 2 16 6 0 0 2 23 7 5 16 42 13 2 7 5 87 9 6 6 5 2 13 46 87 17 43 16 0 0 0 14 0 1 66 45 0 0 0 0 13 6 9 3 12 83 107 33 12 22 77 3 5 33 45 13 7 18 162 14 0 2 52 2 0 0 103 32 0 0 39 1 30 10 14 78 95 96 62 51 18 0 5 5 18 48 166 122 0 0 10 0 0 29 166 6 0 0 6 0 0 34 166 8;
<CIRCLE 229 78 1.26134 0 8.53057e-07>; 0 14 30 0 0 0 94 45 0 3 15 2 0 3 101 25 0 1 8 1 2 16 131 3 0 1 5 0 0 4 131 11 13 81 104 0 0 2 51 17 1 38 131 8 4 15 17 1 0 7 131 32 0 18 8 0 0 6 131 16 1 11 2 0 4 7 0 0 0 16 127 19 0 3 18 8 4 77 124 2 0 0 66 26 0 127 131 0 0 0 103 13 3 120 131 0 0 0 0 0 0 2 3 2 0 0 0 0 0 3 17 2 0 0 0 0 0 11 40 1 0 0 0 1 0 19 65 0;
<CIRCLE 167 101 1.5 0 7.4794e-07>; 46 0 0 65 32 3 8 126 17 0 0 55 56 4 13 126 29 1 1 47 57 4 14 126 1 0 0 84 126 6 4 12 31 6 14 70 17 0 6 126 81 34 16 66 22 1 5 81 22 8 17 126 126 2 5 91 0 0 0 101 126 21 20 3 12 11 59 62 4 0 6 13 44 69 50 31 3 0 4 7 6 20 70 126 42 6 2 1 0 3 12 32 41 44 48 2 0 0 7 3 0 0 13 10 0 1 12 31 2 0 8 4 0 3 14 45 19 8 2 1 0 3 31 53 19 24 2 0;
<CIRCLE 168 101 1.78381 0 7.07644e-07>; 26 0 4 126 76 2 8 126 18 1 2 18 29 6 25 126 10 0 0 36 105 18 30 74 0 0 0 61 126 8 3 0 34 8 14 55 13 0 5 126 51 34 19 48 22 2 9 85 7 4 9 126 126 11 8 49 0 0 0 48 122 28 33 1 17 17 45 38 1 0 5 16 23 62 53 46 5 0 2 4 1 6 42 113 59 19 7 0 0 0 6 69 81 42 30 0 0 0 13 15 0 0 7 7 0 1 47 53 4 0 2 2 0 1 71 54 25 7 0 0 0 0 48 84 76 19 0 0;
<CIRCLE 219 151 2.52269 0 6.97694e-07>; 0 0 0 33 79 0 0 0 47 3 0 24 29 0 0 1 87 2 1 0 0 0 4 21 9 2 11 3 0 0 2 26 3 3 18 77 39 0 3 2 55 6 7 16 11 2 12 27 89 13 36 12 0 0 0 18 1 1 60 38 0 0 0 1 28 3 7 23 22 52 114 79 10 13 43 4 17 67 77 16 8 14 120 10 0 5 105 4 0 0 78 26 0 1 76 4 90 50 46 77 42 32 33 57 69 1 5 34 35 45 155 155 2 0 3 0 0 31 155 29 1 0 1 0 0 60 155 16;
<CIRCLE 218 129 2.52269 0 6.92098e-07>; 0 2 31 7 2 59 127 4 31 11 16 5 2 30 127 64 9 0 1 2 4 47 41 23 2 3 4 0 1 43 22 8 4 4 84 81 63 37 109 3 5 11 127 127 14 37 96 9 29 30 49 28 19 25 15 3 1 0 0 0 7 19 21 22 5 0 17 91 127 3 0 1 46 19 41 120 75 0 0 0 127 38 12 11 6 1 2 5 36 0 0 1 2 1 4 56 4 1 3 66 127 0 0 0 64 5 0 60 74 0 0 2 127 7 1 2 2 0 6 35 21 3 16 5 0 0 6 58;
<CIRCLE 214 124 2.52269 0 6.64825e-07>; 0 7 67 15 4 16 34 0 9 13 99 17 0 5 28 7 30 17 20 6 0 9 12 24 0 17 19 1 1 26 10 1 24 4 12 12 20 107 135 22 6 5 42 21 5 73 135 24 18 3 20 24 8 37 117 58 0 0 2 1 7 52 23 1 56 8 19 62 135 25 18 16 0 2 129 135 41 14 30 0 43 38 102 97 13 10 11 0 27 13 5 3 12 10 3 6 95 15 4 28 135 5 1 2 0 0 3 76 114 0 0 0 117 22 5 30 31 0 0 1 62 5 0 1 1 0 4 21;
<CIRCLE 215 119 2.12132 0 6.55607e-07>; 0 10 95 8 0 0 0 0 2 10 103 26 0 0 0 0 10 16 35 20 2 7 4 3 1 56 31 2 1 10 2 0 0 3 76 13 0 48 132 0 33 25 73 11 0 20 132 42 59 13 5 0 0 15 47 74 0 1 5 1 1 61 27 2 3 3 29 25 26 95 132 4 3 2 61 45 7 91 132 28 5 5 41 44 14 43 110 43 0 2 4 3 14 50 16 0 5 2 44 88 122 4 2 2 0 1 128 132 19 4 2 0 48 46 95 77 7 2 0 0 30 14 5 2 11 5 1 2;
<CIRCLE 169 116 2.12132 0 6.44359e-07>; 4 4 12 7 0 0 2 7 0 8 31 39 3 0 0 1 0 0 21 73 32 5 0 0 0 0 5 65 90 8 0 0 0 0 32 92 1 0 0 1 0 0 131 131 12 0 0 0 0 0 131 131 18 0 0 0 5 10 131 82 27 3 0 4 0 0 25 131 5 0 0 0 0 0 16 131 89 7 0 0 0 0 51 71 68 61 22 4 11 9 48 11 2 10 39 73 0 0 17 90 0 0 0 0 2 0 4 69 19 3 0 3 5 0 0 5 11 26 79 92 0 0 0 0 0 2 131 131;
<CIRCLE 218 128 2.12132 0 6.43899e-07>; 1 2 16 5 0 54 125 8 31 7 5 3 2 31 125 83 7 0 0 1 5 44 49 26 0 0 0 0 1 56 21 1 0 5 122 74 22 32 112 2 2 8 125 125 14 41 88 7 20 33 60 32 20 25 15 2 1 0 0 0 12 24 12 8 0 0 42 122 98 0 0 0 34 24 71 125 54 0 0 0 125 55 23 11 4 1 0 0 25 1 0 2 6 2 2 26 0 0 0 50 125 0 0 0 53 10 0 52 81 0 0 0 125 14 0 3 2 0 4 16 25 1 0 0 0 0 9 58;
<CIRCLE 178 109 1.26134 0 6.36342e-07>; 3 5 9 17 15 21 27 3 0 0 4 42 48 29 41 5 0 0 0 104 132 4 1 1 11 2 1 19 17 0 0 3 1 6 47 30 8 20 7 1 0 0 36 143 62 41 5 0 0 0 0 123 67 35 20 2 4 1 12 16 6 10 3 4 1 0 129 49 13 32 17 1 0 0 143 51 38 89 14 0 0 0 102 56 20 113 37 0 0 3 31 42 20 35 5 0 0 0 143 100 7 7 0 0 0 5 143 51 3 4 0 1 9 21 143 40 0 1 1 20 25 20 65 27 1 0 0 30;
<CIRCLE 166 101 1.06066 0 6.20095e-07>; 39 0 0 31 8 0 3 122 11 0 1 88 61 6 8 50 23 0 0 16 22 5 22 122 8 0 0 103 109 0 6 62 7 3 10 122 48 0 7 34 122 39 12 76 12 0 0 64 72 21 29 77 27 0 1 117 0 0 2 122 122 4 0 5 6 6 53 106 16 0 3 10 78 88 36 21 4 0 3 13 19 59 122 104 6 0 0 1 3 1 17 122 55 12 7 2 0 2 6 3 0 1 17 23 1 4 7 1 1 3 13 14 0 3 23 26 17 6 6 3 5 6 15 25 16 1 1 1;
<CIRCLE 214 119 2.12132 0 6.12645e-07>; 0 12 86 7 0 0 0 0 1 7 105 24 0 0 0 0 10 15 41 21 2 4 3 2 2 45 22 3 1 11 3 1 0 3 66 12 1 52 131 0 19 19 80 14 0 24 131 27 65 18 10 0 0 9 50 77 1 1 2 0 0 52 28 7 10 3 18 24 32 103 131 7 1 3 61 36 5 86 131 19 5 3 41 49 12 45 131 47 0 3 7 4 14 45 19 2 15 2 27 76 131 6 2 5 0 1 120 131 19 3 2 0 32 34 101 98 9 2 0 0 38 21 10 3 9 4 0 1;
<CIRCLE 158 101 1.78381 0 5.62618e-07>; 0 0 1 90 45 0 0 0 1 0 0 152 133 0 1 17 19 0 3 118 50 1 5 152 7 0 0 8 13 3 11 74 0 0 1 152 125 0 0 0 24 2 1 152 126 2 9 89 24 6 10 37 7 0 3 135 22 15 8 22 11 1 4 38 2 0 0 152 113 1 1 4 42 11 9 35 24 1 3 33 11 13 31 28 0 0 3 10 10 27 24 21 2 0 0 2 0 0 1 73 8 0 6 13 2 0 1 2 1 0 3 25 0 0 10 12 0 0 5 5 0 0 21 24 2 0 0 0;
<CIRCLE 181 116 1.78381 0 5.58325e-07>; 0 0 28 42 30 6 0 0 0 0 15 67 82 32 0 0 0 0 7 26 26 16 0 0 0 0 5 25 11 6 0 0 0 0 152 110 14 3 0 0 6 13 152 67 19 12 0 7 22 25 82 36 11 5 0 12 4 6 6 10 12 8 0 0 0 0 39 35 33 53 19 5 12 10 55 7 2 9 35 108 28 10 19 4 0 0 10 77 3 1 9 10 2 10 71 69 0 0 0 1 4 30 46 16 2 0 0 0 0 2 114 126 1 0 2 1 0 0 152 152 0 0 1 2 7 41 152 152;
<CIRCLE 5 47 16.9706 0 4.89223e-07>; 0 0 0 0 0 0 0 0 0 0 1 0 0 0 0 0 0 1 11 0 0 0 0 0 0 1 4 0 0 0 0 0 0 0 0 0 0 0 0 0 0 0 27 31 9 9 1 0 0 26 159 61 15 32 20 0 0 56 159 2 1 8 5 0 0 0 0 0 0 0 0 0 0 0 3 10 10 40 21 0 0 6 75 25 18 159 159 0 0 22 159 40 19 159 99 0 0 0 0 0 0 0 0 0 0 0 0 0 0 1 2 0 1 0 1 3 10 37 16 0 0 0 17 159 159 154 26 0;
<CIRCLE 169 101 5.04538 0 4.56188e-07>; 2 7 21 15 5 6 62 24 0 5 55 74 12 21 19 4 0 3 119 63 13 34 22 0 21 28 116 54 30 12 13 6 0 0 2 119 55 2 33 9 2 2 54 119 56 2 3 6 0 0 106 91 89 1 0 1 5 42 86 63 28 0 0 0 0 0 40 119 23 0 0 0 1 4 41 119 19 0 0 1 0 1 49 119 60 0 4 6 0 2 8 32 27 8 21 5 0 2 34 85 0 0 0 0 9 2 20 119 8 1 4 11 18 9 33 43 7 3 93 119 0 1 22 35 16 45 119 53;
<CIRCLE 169 101 2.52269 0 4.56188e-07>; 3 1 37 127 83 0 2 33 10 9 127 89 6 3 21 84 0 4 96 50 77 15 16 10 0 5 104 38 43 1 0 0 19 4 6 127 76 1 5 103 15 17 15 23 17 5 15 86 1 1 3 69 127 23 9 13 0 0 0 33 84 17 2 0 20 10 15 22 9 0 2 21 5 25 39 43 7 0 0 3 0 1 15 83 72 21 2 0 0 0 1 64 99 13 1 0 0 0 16 43 0 0 1 6 0 0 83 109 7 0 0 0 0 0 127 120 22 1 0 0 4 8 90 51 32 4 0 3;
<CIRCLE 143 228 1.26134 0 4.1677e-07>; 0 0 110 39 0 0 32 14 4 5 114 25 0 0 45 38 0 14 93 8 0 0 28 27 1 7 71 11 0 0 13 17 0 0 8 9 12 2 131 50 0 0 25 124 54 15 82 36 0 0 143 143 16 14 42 11 1 2 143 44 2 13 28 5 0 0 0 5 30 14 8 5 0 0 2 48 72 98 103 1 0 0 16 32 17 74 143 0 0 0 20 5 2 86 143 0 0 0 0 0 1 6 8 1 0 0 0 0 0 10 46 1 0 0 0 0 0 8 73 1 0 0 0 0 0 16 73 0;
<CIRCLE 213 124 2.52269 0 4.14855e-07>; 0 6 55 17 7 16 32 0 4 9 99 16 0 6 29 4 30 18 27 7 0 5 11 23 1 14 13 1 1 24 10 3 30 5 8 10 20 103 130 29 3 4 39 18 6 74 130 15 18 4 21 25 7 37 130 59 0 1 3 2 7 47 23 3 69 10 12 52 130 32 17 19 0 2 113 129 58 13 28 1 31 29 106 111 14 11 14 0 32 18 11 4 11 9 2 3 123 22 8 24 130 5 1 3 0 0 2 69 130 0 0 0 86 18 5 37 40 0 0 0 74 7 0 1 1 0 4 15;
<CIRCLE 166 95 1.26134 0 4.01914e-07>; 17 3 45 137 50 0 1 80 22 10 62 38 2 0 31 137 5 1 12 27 12 5 60 71 4 3 5 11 14 13 40 24 48 0 0 56 43 5 10 137 23 0 0 53 38 3 13 137 33 0 7 75 27 1 11 104 22 0 0 34 89 11 13 67 33 0 0 20 6 0 5 137 19 1 1 71 39 3 5 54 23 0 0 26 28 3 13 137 3 0 0 107 124 0 2 22 8 4 20 53 16 0 3 24 57 29 10 40 8 0 0 18 28 18 34 64 21 0 0 27 0 0 1 66 82 11 5 0;
<CIRCLE 160 101 1.78381 0 3.89774e-07>; 0 0 0 154 87 0 0 0 8 0 1 154 134 1 4 76 22 0 4 40 24 2 9 154 6 0 0 9 17 4 16 57 4 0 0 154 154 1 2 8 38 5 6 107 61 2 10 154 25 13 11 42 10 0 2 85 18 12 10 38 34 1 5 49 15 1 0 154 97 1 2 15 41 18 26 15 3 0 3 31 10 23 28 29 1 0 3 6 7 21 34 45 11 0 0 0 1 0 0 25 6 0 5 24 1 0 4 5 0 0 5 17 0 0 19 21 0 0 4 3 0 0 30 28 5 1 0 0;
<CIRCLE 156 84 3.56762 0 3.69226e-07>; 0 21 77 5 0 23 115 2 0 25 102 1 0 17 104 1 2 50 77 3 4 13 44 3 0 21 98 33 9 8 6 0 2 11 118 13 0 6 116 37 4 16 56 13 4 8 106 48 0 1 55 63 12 24 54 8 0 0 103 44 12 34 50 0 0 0 1 8 2 0 108 23 0 0 1 124 63 4 55 17 2 2 101 124 38 3 9 16 0 1 124 61 32 4 3 5 0 0 11 78 9 0 0 0 1 0 2 124 90 0 0 0 8 8 8 59 26 0 2 19 0 1 5 24 64 3 2 4;
<CIRCLE 144 228 1.5 0 3.51689e-07>; 0 0 110 34 1 0 14 6 3 10 124 19 0 0 17 17 2 20 101 8 0 0 2 10 0 3 60 31 1 6 6 3 0 0 24 11 16 6 127 44 2 1 42 113 55 22 66 27 1 5 147 103 14 19 38 7 0 3 147 40 1 13 29 2 0 0 0 3 31 23 21 5 0 0 4 38 63 104 144 0 0 0 25 23 14 90 147 0 0 0 32 4 1 87 147 0 0 0 0 0 0 5 12 0 0 0 0 0 0 8 46 0 0 0 0 0 0 9 67 0 0 0 0 0 0 15 78 1;
<CIRCLE 177 109 1.06066 0 3.51115e-07>; 5 8 16 9 3 10 17 4 0 1 14 42 30 26 28 1 0 0 0 124 113 5 2 0 4 1 0 43 51 1 0 2 0 4 41 26 8 20 6 0 0 0 48 121 35 33 3 0 0 0 1 150 80 41 14 0 1 0 2 23 12 17 12 3 0 0 70 33 12 36 20 1 0 0 99 40 34 79 13 0 0 0 64 33 26 129 35 0 0 0 19 39 17 68 22 0 0 0 150 98 2 0 0 0 0 2 150 65 3 0 0 0 0 10 150 37 1 6 0 0 7 12 150 59 3 4 0 3;
<CIRCLE 211 152 1.06066 0 3.41948e-07>; 0 0 73 50 2 0 0 0 0 1 50 57 3 0 1 1 0 0 7 52 15 7 13 0 17 3 1 13 5 1 16 7 3 3 56 27 4 2 0 1 52 25 29 8 0 1 8 20 23 16 11 4 1 11 111 28 5 1 12 0 0 6 133 22 12 4 1 3 1 8 47 26 36 46 9 0 0 25 91 7 19 70 116 3 0 14 26 5 1 20 155 0 0 2 18 2 50 0 0 0 0 9 155 155 0 1 1 0 20 155 155 47 0 3 18 2 28 155 98 0 0 6 31 0 6 50 27 0;
<CIRCLE 218 150 1.06066 0 3.11125e-07>; 0 0 2 49 35 0 0 0 54 6 5 17 4 0 0 6 134 2 0 0 0 0 0 27 90 9 5 1 0 0 0 5 1 0 3 37 11 16 78 5 68 4 0 5 2 3 83 60 134 1 0 0 0 0 6 110 65 6 9 10 6 0 0 15 17 29 55 0 0 7 117 16 8 8 89 0 0 5 134 53 62 37 131 0 0 0 16 93 14 12 134 20 5 0 0 7 2 33 116 3 0 36 22 0 1 20 134 3 0 3 3 0 0 17 134 6 0 0 0 0 0 14 134 1 0 0 0 0;
<CIRCLE 142 229 1.26134 0 2.95076e-07>; 0 1 104 27 0 0 69 28 3 1 86 33 2 1 94 54 1 8 91 33 1 0 47 43 1 6 123 16 0 0 15 21 0 0 0 2 10 2 114 48 0 0 7 109 89 32 81 24 0 0 128 138 42 44 92 6 0 0 138 62 6 36 98 1 0 0 0 0 12 9 5 4 0 0 0 12 54 78 72 1 0 0 0 10 15 75 138 1 0 0 0 0 2 74 138 0 0 0 0 0 0 2 9 1 0 0 0 0 0 6 24 0 0 0 0 0 0 4 33 1 0 0 0 0 0 4 33 0;
<CIRCLE 219 127 1.26134 0 2.80419e-07>; 5 0 8 15 1 101 135 28 10 0 7 19 7 32 135 47 0 0 4 7 23 53 45 4 0 0 0 0 10 26 9 0 0 0 135 134 1 33 21 0 2 16 135 135 6 15 17 0 25 55 80 28 27 14 2 3 1 1 1 5 33 17 2 1 0 0 80 135 27 0 0 0 50 31 99 117 9 0 0 0 135 53 18 4 11 3 1 18 10 0 0 9 45 11 2 6 0 0 0 45 75 0 0 0 73 18 0 37 30 0 0 0 135 16 0 3 18 0 0 1 17 4 0 15 43 0 0 1;
<CIRCLE 182 115 1.5 0 2.78619e-07>; 0 0 23 71 43 42 1 0 0 0 5 61 59 72 14 0 1 0 8 24 18 21 2 0 0 0 8 28 12 11 0 0 0 1 149 92 12 19 0 0 6 16 149 88 18 38 5 3 23 28 87 54 14 11 0 9 5 10 6 8 12 16 0 0 1 2 126 35 23 35 18 22 27 25 126 6 0 1 21 149 44 15 32 9 0 0 1 90 6 3 16 21 3 0 14 10 0 0 0 0 4 35 64 34 10 1 1 5 0 2 33 108 2 1 17 16 2 1 97 112 2 0 6 2 0 13 149 149;
<CIRCLE 279 75 14.2705 0 2.72844e-07>; 0 0 5 0 0 0 0 0 0 0 11 1 0 0 0 0 0 0 16 2 0 0 0 0 0 0 19 3 0 0 0 0 0 52 128 8 0 0 0 0 2 9 97 12 0 0 7 3 4 6 73 9 0 0 6 7 1 2 43 8 0 0 30 8 3 128 128 14 4 1 0 0 10 128 121 8 2 2 22 9 24 56 101 68 8 4 11 7 50 52 14 3 0 0 17 11 0 72 28 12 10 11 115 22 3 128 128 4 0 0 128 39 81 57 128 39 0 0 69 128 89 13 4 1 0 0 0 58;
<CIRCLE 279 75 5.04538 0 2.72844e-07>; 0 0 75 21 0 0 1 0 0 3 119 20 0 0 6 2 0 3 119 18 0 0 13 5 0 0 119 32 0 3 28 2 2 13 99 25 0 5 103 23 1 13 119 20 1 7 119 39 1 13 89 7 0 0 119 58 0 2 44 13 0 6 119 13 2 23 55 7 1 27 103 11 1 37 119 9 1 32 119 10 1 43 119 4 1 22 84 9 3 43 119 3 0 10 39 5 0 6 1 0 0 11 41 0 0 1 2 0 0 18 90 1 0 1 5 8 6 32 89 1 3 8 27 36 15 27 60 4;
<CIRCLE 122 128 2.52269 0 2.52407e-07>; 0 0 8 7 0 0 0 0 0 0 20 61 0 0 0 0 0 0 47 138 0 0 0 0 0 0 53 138 0 0 0 1 0 0 94 138 0 0 0 0 0 1 138 138 0 0 0 0 0 2 37 138 1 0 3 1 2 4 11 26 2 1 3 2 0 1 138 138 14 0 0 0 0 11 138 33 0 0 0 0 0 13 138 15 0 0 0 0 4 29 115 43 1 0 0 0 0 0 50 38 70 4 11 4 0 1 91 2 0 2 31 5 0 2 95 4 0 4 37 11 15 15 37 3 0 0 10 27;
<CIRCLE 226 227 1.26134 0 2.52395e-07>; 3 0 0 0 0 0 69 94 3 1 2 0 0 1 137 87 2 1 1 0 0 0 137 41 0 0 0 0 0 0 137 66 26 30 74 7 1 5 21 92 14 57 137 0 0 0 61 67 32 83 89 0 0 0 80 30 18 25 4 0 0 0 54 19 0 3 35 7 3 35 137 25 4 18 55 0 0 0 137 136 29 22 11 0 0 0 72 137 18 7 1 0 0 0 6 32 0 0 0 0 0 5 86 8 0 0 0 0 0 3 65 18 0 0 0 0 0 2 19 10 4 2 1 0 0 0 4 4;
<CIRCLE 214 120 1.5 0 2.46181e-07>; 0 2 84 16 0 0 0 0 10 15 90 19 0 0 0 0 55 24 17 1 0 1 1 16 10 1 0 0 3 26 8 8 0 1 26 13 0 38 137 2 33 10 24 6 0 37 137 40 94 4 0 0 0 3 57 90 9 0 0 0 1 25 26 16 0 33 46 6 3 40 137 19 0 7 54 26 2 137 137 13 5 0 28 47 6 52 137 42 0 2 16 12 18 37 34 5 0 20 97 36 13 0 0 0 0 7 137 90 3 7 0 0 4 10 129 130 3 5 1 0 36 33 45 16 7 2 0 1;
<CIRCLE 227 227 1.26134 0 2.16723e-07>; 3 0 0 0 0 0 101 97 3 1 2 0 0 1 138 72 2 1 1 0 0 0 138 43 0 0 0 0 0 0 138 82 21 38 113 5 0 2 29 83 18 68 138 0 0 0 69 56 33 77 55 0 0 0 85 27 15 14 1 0 0 0 47 19 0 5 48 5 0 17 138 47 10 23 42 0 0 0 138 138 31 18 6 0 0 0 45 117 15 5 0 0 0 0 2 18 0 0 0 0 0 3 83 12 0 0 0 0 0 3 51 17 0 0 1 1 0 1 14 7 6 2 0 0 0 0 2 4;
<CIRCLE 145 228 1.78381 0 1.95207e-07>; 0 1 96 31 0 0 4 2 2 17 122 12 0 0 3 2 0 17 100 21 0 0 0 0 0 0 65 59 6 1 0 0 0 0 43 12 16 12 112 31 3 7 65 86 56 31 44 10 0 12 148 73 12 22 38 0 0 1 148 93 5 11 28 0 0 0 0 1 25 35 38 4 0 0 4 26 57 115 148 0 0 0 31 18 11 107 148 0 0 0 31 12 2 92 148 0 0 0 0 0 0 4 13 0 0 0 0 0 0 8 41 0 0 0 0 0 0 10 62 0 0 0 0 0 0 15 79 1;
<CIRCLE 318 197 1.78381 0 1.49583e-07>; 0 1 13 0 0 0 0 0 0 1 20 1 0 0 0 0 0 0 21 2 0 0 0 0 0 1 17 1 0 0 0 0 0 3 67 99 0 0 0 0 5 27 133 111 0 0 0 9 10 71 133 5 0 0 4 24 12 27 69 2 0 0 4 12 1 5 133 133 3 2 64 44 14 16 91 106 2 0 92 133 19 37 34 0 0 0 88 133 10 8 6 0 0 0 56 51 1 1 9 4 0 0 133 115 2 0 0 0 0 1 116 121 11 0 0 0 0 0 17 46 0 0 0 0 0 0 10 4;
<CIRCLE 157 227 5.04538 0 1.41158e-07>; 0 4 11 3 0 5 15 2 0 2 22 11 2 7 8 1 0 3 67 21 0 8 10 0 1 9 92 22 0 1 1 0 0 0 64 37 5 18 15 0 0 0 154 125 12 34 24 0 0 0 154 154 6 18 75 7 0 0 154 79 0 0 111 24 0 0 4 6 4 43 56 2 0 0 17 32 12 110 154 0 0 0 15 28 5 46 154 27 0 0 7 2 0 0 154 70 0 0 0 0 0 0 2 0 0 0 0 0 0 2 14 0 0 0 0 0 0 1 25 1 0 0 0 0 0 0 10 2;
<CIRCLE 221 225 1.5 0 1.24021e-07>; 0 0 1 1 0 0 1 1 0 0 1 3 1 0 20 16 1 1 3 1 0 1 80 23 6 2 2 0 0 1 95 25 0 0 0 0 0 13 105 26 17 8 6 0 0 1 65 126 17 27 46 0 0 0 126 126 7 25 22 0 0 0 126 48 0 0 0 0 1 126 126 9 13 14 29 7 3 90 122 44 12 58 116 1 0 4 119 84 38 57 35 0 0 0 36 84 0 0 0 0 0 54 41 0 0 0 0 0 0 47 126 6 0 0 0 0 0 3 126 51 0 0 0 0 0 1 40 43;
<CIRCLE 128 120 1.78381 0 1.04392e-07>; 0 0 3 3 0 0 0 0 0 0 11 44 3 0 0 0 0 0 71 167 2 0 0 0 0 0 116 167 0 0 0 0 0 0 21 78 0 0 0 0 0 0 80 167 0 0 0 0 0 0 107 167 0 0 0 0 3 0 53 90 0 0 0 5 0 0 92 167 3 0 0 0 0 0 44 167 3 0 4 3 1 0 16 58 1 2 12 5 7 3 2 2 0 0 0 5 0 7 106 78 1 0 0 0 2 9 26 23 2 0 3 5 0 1 21 24 7 3 6 2 6 30 21 26 4 0 0 0;
<CIRCLE 318 198 1.78381 0 1.04328e-07>; 0 1 19 2 0 0 0 0 0 2 44 5 0 0 0 0 0 3 43 3 0 0 0 0 0 2 28 1 0 0 0 0 0 3 85 133 0 0 0 0 9 32 133 133 0 0 2 30 16 84 133 3 0 0 15 54 15 29 58 1 0 0 12 22 2 5 119 133 3 2 103 72 11 9 45 69 2 1 126 133 15 18 10 0 0 0 86 133 6 3 1 0 0 0 54 42 0 0 1 0 0 0 130 98 2 0 0 0 0 1 89 73 11 0 0 0 0 0 9 26 1 0 0 0 0 0 4 2;
<CIRCLE 176 120 1.06066 0 5.62725e-08>; 0 0 137 114 23 16 0 0 0 0 137 92 11 20 0 0 0 17 137 15 3 4 3 12 22 28 137 14 0 0 1 49 0 0 0 10 67 84 0 0 0 0 2 9 49 108 17 7 2 2 10 1 8 19 56 137 12 3 3 1 0 0 27 137 0 0 0 0 24 97 16 0 0 0 0 0 12 81 112 21 13 3 0 0 0 11 76 137 14 6 3 12 2 2 7 56 0 0 4 10 4 22 8 0 0 0 0 1 2 16 49 7 3 1 0 0 3 17 48 22 7 1 0 1 0 3 71 137;
<CIRCLE 128 225 1.06066 0 4.41315e-08>; 0 0 10 1 0 0 0 0 0 0 21 14 4 5 0 0 0 0 52 48 4 9 8 1 0 2 117 21 0 0 8 2 0 3 130 40 0 0 0 0 0 0 145 145 6 9 10 0 0 0 145 145 9 4 45 7 0 1 145 90 0 0 82 10 0 12 55 19 0 3 66 56 0 0 25 60 6 49 145 13 1 0 20 36 9 23 145 57 0 0 9 7 0 10 145 39 0 2 2 0 0 0 35 27 1 0 0 0 1 3 47 18 8 2 0 0 0 2 50 25 2 2 0 0 0 14 31 4;
<CIRCLE 295 202 1.26134 0 3.82323e-08>; 0 1 29 20 2 1 0 0 0 4 87 35 0 0 0 0 0 2 116 39 0 0 0 0 1 31 97 4 0 0 0 0 0 0 45 58 4 3 46 4 0 0 85 58 21 30 107 1 0 2 106 39 2 27 96 16 11 38 58 30 7 2 19 14 0 3 116 30 0 1 40 7 1 3 116 62 0 12 76 13 0 0 94 107 2 17 103 18 0 0 36 68 8 4 100 30 0 2 54 13 0 0 116 62 1 3 37 7 0 0 116 89 0 0 6 6 0 0 116 61 0 0 0 0 0 0 116 39;
<CIRCLE 307 198 2.12132 0 3.78705e-08>; 0 1 15 0 0 0 0 0 0 0 18 0 0 0 0 0 0 1 17 2 0 0 0 0 0 1 24 2 0 0 0 0 0 16 123 22 0 0 0 0 0 61 123 6 0 0 0 0 0 7 123 123 0 0 0 1 9 28 123 62 0 0 2 22 0 13 88 38 28 11 26 3 1 57 123 18 4 3 75 42 2 9 120 104 2 2 121 96 10 9 27 28 0 0 82 123 0 0 2 5 7 5 123 40 0 0 2 1 1 2 123 78 1 0 0 0 0 0 117 88 1 0 0 0 0 0 41 36;
<CIRCLE 263 205 0.891905 0 2.87315e-08>; 5 17 15 3 0 0 0 0 3 6 50 33 0 0 0 0 0 1 103 44 0 0 0 0 0 6 112 10 0 0 0 0 0 3 59 45 5 0 0 0 0 0 87 130 23 2 0 0 0 2 130 85 8 7 3 9 5 14 130 8 0 0 8 26 0 0 80 73 19 1 0 0 0 0 106 79 45 5 0 0 6 1 130 34 14 14 6 15 14 11 130 24 0 0 8 27 0 1 130 71 0 0 0 0 0 1 130 85 0 0 0 0 0 0 130 76 0 0 0 0 0 0 130 45 0 0 5 2;
<CIRCLE 104 229 1.5 0 2.4505e-08>; 0 0 1 2 1 0 0 0 0 0 26 11 0 0 0 0 0 0 82 19 0 0 1 0 0 0 112 28 0 0 0 0 0 0 2 36 16 1 0 0 0 0 84 157 51 39 12 0 0 0 157 157 9 40 86 3 0 0 157 96 0 0 112 27 0 0 0 12 25 20 6 0 0 0 1 28 40 111 107 0 0 0 15 24 6 92 157 13 0 0 9 2 0 1 157 72 0 0 0 0 1 7 9 0 0 0 0 0 0 12 28 0 0 0 0 0 1 14 41 6 1 2 1 1 1 0 19 13;
<CIRCLE 297 201 5.04538 0 2.34064e-08>; 0 0 3 1 1 33 35 2 2 0 7 1 0 41 110 57 3 0 13 1 0 0 11 26 0 1 13 1 0 0 1 1 0 8 126 21 0 0 0 0 0 5 126 92 0 1 7 2 2 20 126 38 0 0 25 20 19 39 111 15 0 0 12 47 8 32 126 16 0 0 110 111 3 10 92 45 2 4 126 125 2 11 74 14 1 3 126 100 11 17 35 2 0 0 47 97 0 0 0 0 0 3 126 55 0 0 1 1 1 12 71 41 0 2 19 3 1 16 71 4 1 10 21 0 0 3 47 9;
<CIRCLE 226 152 1.78381 0 2.28183e-08>; 109 1 0 4 3 0 0 12 81 5 8 2 0 0 2 17 2 2 35 19 0 0 1 11 0 0 51 25 0 0 0 0 73 11 19 0 0 0 16 51 46 13 63 30 0 0 0 8 0 0 82 65 0 0 0 0 0 0 68 52 0 0 0 0 5 16 109 1 0 11 30 5 2 11 170 14 0 1 36 1 0 0 146 30 0 0 34 0 0 0 81 30 0 0 34 3 5 0 5 0 1 32 170 53 0 0 9 0 0 23 170 0 0 0 8 0 0 25 170 4 12 2 4 0 0 17 170 70;
<CIRCLE 179 205 1.06066 0 1.5487e-08>; 0 16 57 2 0 0 0 0 0 3 66 6 0 0 0 0 0 2 44 26 0 0 0 0 3 2 25 37 2 0 0 0 0 60 159 19 11 23 20 0 7 103 159 10 0 2 24 16 39 72 159 26 0 0 2 34 28 12 31 17 0 0 1 42 0 4 40 15 11 123 159 2 7 51 59 5 0 19 159 109 48 32 16 0 1 7 98 159 15 2 17 3 2 4 8 43 0 0 0 0 0 11 71 2 0 0 0 0 0 10 88 12 1 4 6 1 1 12 33 11 0 1 13 2 1 7 25 5;
<CIRCLE 308 198 1.78381 0 1.2068e-08>; 0 1 17 1 0 0 0 0 0 0 21 0 0 0 0 0 0 1 19 2 0 0 0 0 0 1 28 3 0 0 0 0 0 39 126 7 0 0 0 0 1 52 87 11 0 0 0 0 0 2 90 126 0 0 0 0 6 22 126 82 0 0 2 21 0 43 97 36 8 7 17 2 2 56 126 32 1 1 44 39 2 3 113 126 3 3 108 77 7 6 28 39 1 0 78 126 0 0 2 18 5 5 126 40 0 1 9 3 1 1 126 108 0 0 1 0 0 0 126 97 1 0 0 0 0 1 53 46;
<CIRCLE 277 203 0.891905 0 1.01922e-08>; 0 3 75 10 0 0 0 0 0 17 68 0 0 0 0 0 0 8 37 1 0 0 0 0 0 0 12 22 3 0 0 0 0 13 121 29 0 0 17 11 2 83 96 0 0 0 13 21 16 70 48 0 0 0 0 10 7 10 17 18 8 8 0 0 1 16 123 7 0 0 26 38 4 11 160 9 0 0 30 33 16 25 160 15 0 0 1 12 6 13 160 3 0 3 0 0 0 5 160 34 0 0 1 3 0 2 160 28 0 0 12 5 0 0 160 34 0 1 32 2 0 9 160 3 0 0 35 8;
<CIRCLE 296 200 6 0 6.68149e-09>; 0 0 3 0 0 55 141 38 0 0 2 0 0 123 141 141 2 0 5 0 0 0 104 141 0 0 4 0 0 0 3 14 0 3 108 16 0 0 2 0 0 3 122 45 0 1 8 2 2 9 141 17 0 0 11 13 14 27 51 2 0 0 2 19 5 17 141 22 0 0 90 67 5 12 80 23 0 2 90 85 3 8 44 7 0 3 95 68 12 15 17 0 0 0 14 55 0 0 0 0 0 0 106 37 0 0 0 0 0 5 61 27 0 1 2 0 0 11 45 3 0 5 5 0 0 3 28 4;
<CIRCLE 182 103 1.78381 0 6.29172e-09>; 0 0 0 92 124 8 7 6 0 0 0 38 77 10 16 2 0 0 0 81 123 5 0 1 0 0 5 24 48 17 1 1 0 0 0 62 124 58 45 1 0 0 0 94 124 30 35 1 0 1 1 69 94 16 0 0 0 0 1 8 21 58 8 0 0 0 21 99 72 31 14 0 0 0 1 124 124 34 3 0 0 4 15 56 34 9 0 0 0 0 20 79 14 9 0 0 0 0 124 110 52 12 0 0 0 4 124 90 88 60 0 0 4 11 42 47 36 17 0 0 0 2 3 20 24 25 0 0;
<CIRCLE 325 197 1.06066 0 6.13751e-09>; 0 7 56 9 0 0 0 0 0 1 72 23 0 0 0 0 0 8 91 5 0 0 0 0 6 20 35 0 0 0 0 0 0 140 146 4 0 0 5 29 8 76 146 25 0 0 17 18 39 68 96 7 0 0 7 16 64 28 7 0 0 0 0 4 2 71 53 0 0 0 146 146 8 46 32 0 0 0 146 141 34 19 6 0 0 3 139 101 42 2 0 0 0 2 28 33 12 0 0 0 0 0 73 83 0 0 0 0 0 0 72 18 0 0 0 0 0 3 39 9 1 0 0 0 0 2 19 12;
<CIRCLE 174 205 1.26134 0 4.41321e-09>; 5 23 78 1 0 0 0 0 1 24 54 0 0 0 1 0 0 3 28 3 0 0 0 0 0 1 18 6 0 0 0 0 4 39 145 15 0 33 101 4 9 135 145 4 6 30 59 3 0 54 145 17 5 13 25 5 17 58 145 11 0 0 6 21 1 0 0 1 6 38 145 1 3 6 13 5 9 120 145 1 0 17 58 12 5 68 145 28 19 30 21 0 0 3 124 100 0 0 0 1 8 10 8 0 0 0 0 0 1 6 39 1 0 0 1 0 0 11 50 2 0 2 5 3 3 7 17 4;
<CIRCLE 120 147 3.56762 0 3.57356e-09>; 0 0 16 131 59 0 0 0 0 1 134 107 7 0 0 0 0 3 134 28 0 0 0 0 1 20 61 8 0 0 0 0 0 0 2 42 134 23 0 0 0 2 40 22 50 10 16 7 1 6 52 1 0 0 32 14 7 14 24 3 0 0 6 14 0 0 0 0 134 134 4 0 0 4 17 2 39 134 48 2 0 11 53 0 0 14 75 3 0 2 50 6 0 6 42 2 0 0 0 0 5 72 10 0 0 0 0 0 1 134 134 0 0 0 2 0 0 42 134 0 0 0 3 0 7 79 134 0;
