KOEN1
128
215
<CIRCLE 175 99 2.52269 0 0.000263773>; 1 0 32 11 10 25 10 4 0 0 31 7 4 8 12 1 0 1 19 2 0 2 15 1 0 11 15 0 0 1 16 1 4 0 0 1 22 51 43 20 29 2 0 0 8 38 118 106 14 0 0 0 23 98 118 72 14 0 0 0 0 42 118 77 11 11 23 15 53 58 22 14 118 108 39 45 21 18 36 52 82 66 35 114 88 53 28 38 104 74 1 0 0 18 59 48 2 4 4 3 79 118 11 1 23 50 38 35 27 38 9 11 35 62 34 74 7 14 9 9 118 115 1 0 0 0 0 18;
<CIRCLE 172 99 1.5 0 0.000249775>; 0 0 0 1 29 34 3 0 0 0 0 0 5 12 26 7 0 0 0 0 0 3 64 8 0 0 0 0 0 11 27 3 4 0 0 2 10 49 30 35 63 4 0 0 4 28 112 130 15 1 0 0 13 55 130 89 13 0 0 0 56 130 85 24 11 17 18 17 36 25 14 40 130 87 3 11 34 14 11 37 106 52 2 27 72 23 44 27 40 5 0 39 130 44 5 12 2 15 47 21 13 24 9 0 121 79 17 14 8 0 0 4 64 77 77 130 15 0 0 0 19 32 15 130 45 0 0 0;
<CIRCLE 261 94 2.12132 0 0.000225229>; 0 0 1 3 3 1 4 0 0 0 1 1 1 1 21 9 0 2 2 0 0 0 62 12 0 1 1 0 0 0 62 16 0 0 0 0 0 46 133 21 51 3 0 0 0 17 109 141 18 3 0 0 0 0 141 109 0 0 0 0 0 0 141 57 0 0 1 3 22 141 136 10 141 42 0 0 28 107 27 58 134 49 2 0 0 0 60 39 0 1 9 2 0 0 57 7 0 5 78 68 27 24 3 0 66 25 26 13 38 42 10 45 99 8 0 0 0 0 0 37 1 0 4 2 0 0 0 0;
<CIRCLE 184 99 2.12132 0 0.000216352>; 0 0 1 0 0 2 24 2 0 1 1 0 0 3 26 5 0 3 8 0 0 5 37 3 1 1 8 0 0 2 14 3 9 0 0 0 11 68 129 50 20 0 0 0 12 62 129 119 9 0 0 0 0 74 129 66 0 0 0 0 0 38 129 8 55 44 25 68 59 37 29 24 129 64 11 47 55 31 15 62 80 41 0 0 0 28 86 44 0 0 0 0 0 20 129 3 10 32 58 86 8 4 1 1 71 129 18 47 3 0 1 2 129 129 0 0 0 1 0 1 7 3 0 0 1 4 0 0;
<CIRCLE 182 114 4.24264 0 0.000215409>; 4 3 9 4 12 67 85 19 11 10 20 5 1 13 142 47 14 6 8 0 0 10 142 48 0 0 3 0 0 3 142 14 5 10 8 1 94 142 18 6 56 69 84 17 12 38 66 37 142 85 10 1 0 2 88 62 9 3 5 0 0 1 123 7 0 0 1 1 48 130 55 0 17 3 3 2 5 58 142 57 88 11 6 1 0 0 52 111 6 9 19 0 0 0 0 0 0 0 13 3 1 6 8 0 0 0 13 6 0 2 30 2 0 0 10 12 0 0 6 4 0 7 13 1 0 0 0 0;
<CIRCLE 185 102 3.56762 0 0.000215279>; 0 0 97 24 2 10 22 2 0 5 102 20 0 2 44 4 0 10 70 13 0 4 45 3 0 1 32 10 0 0 33 3 20 13 4 4 6 34 107 57 22 14 9 10 5 39 142 75 14 6 1 0 0 33 142 45 0 0 0 0 0 3 142 20 19 46 38 18 37 63 12 10 101 115 71 42 6 14 26 33 128 75 1 0 0 6 69 25 1 2 2 1 0 1 80 5 0 0 2 2 31 84 106 5 46 10 3 3 1 23 142 88 83 12 5 2 0 0 9 62 0 5 11 1 0 0 0 0;
<CIRCLE 174 105 2.12132 0 0.00020286>; 1 0 0 0 11 27 31 12 19 0 0 0 2 15 112 87 4 0 0 0 14 86 112 30 12 0 0 0 1 17 102 83 9 9 21 13 22 20 20 13 112 86 19 17 6 8 28 52 38 31 24 98 100 59 29 20 112 53 4 7 10 10 21 60 3 7 11 7 51 112 10 0 42 91 51 29 13 17 3 6 12 44 69 112 13 4 1 0 112 112 7 8 0 0 0 2 0 0 0 0 112 80 5 1 10 1 2 3 33 50 33 36 2 1 1 7 7 66 58 14 91 18 0 0 0 1 21 83;
<CIRCLE 187 104 4.24264 0 0.000189491>; 1 4 116 26 1 7 27 2 0 3 145 28 0 1 60 5 0 2 92 25 0 2 64 3 0 0 34 19 0 1 55 2 11 10 12 3 11 44 101 38 30 27 20 3 0 11 147 69 16 6 1 0 0 11 147 36 0 0 0 0 0 0 147 17 6 14 27 7 54 115 37 4 131 83 44 8 1 11 63 65 109 34 4 0 0 0 58 31 0 2 7 1 0 0 58 3 0 0 1 0 13 66 95 0 21 0 1 1 0 8 136 70 26 4 12 1 0 0 4 29 0 7 12 0 0 0 0 0;
<CIRCLE 77 92 1.78381 0 0.00017005>; 0 1 2 0 1 40 136 20 0 0 0 39 76 53 57 11 0 0 40 136 38 3 4 0 0 0 77 55 0 0 0 0 0 0 0 0 27 43 22 0 0 0 0 47 136 84 19 0 0 0 8 64 107 66 71 0 0 0 5 9 3 25 10 0 0 0 0 1 22 13 0 0 0 0 0 3 99 136 91 0 0 0 0 0 42 136 136 0 0 0 0 0 42 136 28 2 0 0 4 8 2 0 0 0 0 0 0 2 4 11 11 0 0 0 0 0 24 98 18 0 0 0 0 0 19 136 99 1;
<CIRCLE 171 98 1.06066 0 0.000164058>; 0 0 0 0 27 36 0 0 0 0 0 0 3 9 18 6 0 0 0 0 0 1 53 9 0 0 0 0 0 5 56 5 3 0 0 0 13 70 20 16 41 0 0 0 4 23 75 133 12 0 0 0 0 0 135 128 0 0 0 0 8 72 135 32 13 2 0 2 52 70 27 34 135 50 0 0 33 26 10 64 135 39 0 0 0 0 104 81 2 1 0 2 89 52 77 9 5 18 28 30 65 6 0 4 135 77 2 14 48 2 0 0 135 104 1 2 0 0 0 0 6 7 3 48 77 0 0 0;
<CIRCLE 182 113 4.24264 0 0.000161728>; 3 3 13 5 8 58 82 17 9 6 21 5 0 12 137 42 9 4 12 0 0 10 137 42 0 0 5 1 0 3 137 13 6 11 8 1 87 137 21 8 53 68 83 16 11 32 63 37 137 81 9 1 0 3 108 58 7 3 4 0 0 1 137 9 0 0 1 1 54 137 51 0 20 6 6 3 6 61 137 58 102 15 6 1 0 0 50 111 7 8 18 0 0 0 0 0 0 0 12 3 1 9 11 0 0 0 11 5 0 3 41 3 0 0 10 10 0 0 9 7 0 7 13 1 0 0 0 0;
<CIRCLE 156 99 2.12132 0 0.000152688>; 0 1 17 0 0 12 48 0 13 3 23 0 0 5 26 17 18 1 11 1 3 11 27 38 0 0 3 3 18 40 10 1 0 0 0 4 6 60 136 52 2 0 0 0 3 49 136 93 8 0 0 1 38 129 122 35 4 0 0 1 18 45 58 26 0 0 0 3 2 2 113 136 0 0 0 0 53 43 136 75 0 1 3 4 136 136 31 5 19 15 29 19 23 25 27 19 0 0 0 0 0 0 11 19 0 0 0 0 24 16 1 2 0 0 1 1 99 136 17 0 6 10 12 8 53 136 11 1;
<CIRCLE 82 53 10.0908 0 0.000150611>; 1 0 1 1 11 1 0 0 2 2 14 5 0 0 0 0 0 4 13 1 0 0 0 0 0 3 1 0 0 0 0 0 0 0 13 24 24 0 0 0 0 26 101 104 78 0 0 0 0 139 129 17 12 0 0 0 0 55 38 0 0 0 0 0 0 0 2 25 62 3 0 0 0 9 16 90 139 31 0 0 1 139 109 31 85 13 17 4 1 139 139 4 0 1 18 3 0 0 0 5 44 17 1 0 0 0 0 12 68 139 46 0 1 11 8 8 27 75 139 29 1 14 36 2 0 21 139 18;
<CIRCLE 136 103 1.78381 0 0.00015032>; 0 0 0 0 0 10 140 53 0 0 2 6 1 20 140 12 0 0 15 29 4 23 140 38 0 0 4 24 13 45 126 6 3 0 2 7 9 4 68 46 0 0 24 128 74 36 92 2 0 0 109 140 13 17 91 57 0 1 21 48 8 6 80 140 0 0 1 2 12 4 0 0 0 0 1 19 63 89 66 4 0 0 3 12 8 27 140 108 0 0 0 0 0 0 67 97 0 0 0 0 0 1 0 0 0 0 0 0 0 5 13 1 0 0 0 0 0 1 16 6 0 0 0 0 0 0 2 2;
<CIRCLE 75 44 5.04538 0 0.000148239>; 1 2 1 0 0 0 0 1 0 2 12 4 0 0 0 0 0 2 11 3 2 0 0 0 0 1 2 0 0 0 0 0 0 5 22 8 5 0 0 0 0 14 113 109 86 2 0 0 0 141 141 26 14 0 0 0 1 87 52 0 0 0 0 0 0 6 29 7 12 2 0 0 0 6 28 44 141 51 0 0 4 141 137 24 133 29 0 0 34 141 88 0 0 0 0 0 0 0 9 19 10 8 1 0 0 0 32 53 141 45 1 0 5 8 12 20 141 62 3 0 29 98 46 5 2 5 3 1;
<CIRCLE 78 48 6 0 0.000147844>; 1 2 3 1 0 0 0 1 0 3 25 10 1 0 0 0 0 8 19 2 1 0 0 0 0 2 4 0 0 0 0 0 0 4 27 16 12 0 0 0 0 26 125 122 113 4 0 0 0 140 140 18 12 0 0 0 1 103 31 1 0 0 0 0 0 1 17 13 24 5 0 0 0 6 20 43 140 56 0 0 11 140 92 17 111 26 0 0 14 140 86 0 0 0 0 0 0 0 7 43 28 11 1 0 0 0 23 116 140 46 5 0 4 12 16 57 106 31 2 0 8 94 66 12 0 0 1 1;
<CIRCLE 258 95 3 0 0.000146572>; 0 3 69 32 0 0 1 0 0 0 19 31 1 1 8 2 0 7 20 2 0 0 34 9 0 5 13 2 0 0 45 13 0 0 0 0 0 6 137 29 14 0 0 0 1 55 137 70 44 4 0 0 0 3 137 137 1 0 0 0 0 0 137 68 0 0 8 24 3 13 137 23 34 5 30 39 43 137 100 28 137 22 2 1 6 18 37 71 10 3 9 3 0 0 46 10 0 0 15 91 67 8 1 0 39 53 81 85 30 10 4 11 137 46 5 1 2 1 1 27 6 0 2 3 2 0 0 1;
<CIRCLE 183 115 3.56762 0 0.000144129>; 23 23 8 3 17 40 59 45 32 35 29 24 8 40 138 63 40 27 1 0 0 24 138 61 0 0 0 0 0 8 138 15 8 31 23 9 79 137 22 2 80 92 81 51 7 28 60 36 138 113 5 1 0 1 23 51 8 5 5 2 0 1 31 2 0 0 0 0 44 114 128 8 18 1 0 1 1 41 138 83 81 5 6 3 0 0 42 119 4 7 17 2 0 0 0 0 0 0 11 2 0 6 16 1 0 0 10 7 0 2 26 3 0 0 8 12 0 0 4 3 0 4 12 2 0 0 0 0;
<CIRCLE 174 106 1.78381 0 0.000143213>; 13 3 0 2 7 26 35 32 80 14 0 0 3 11 105 112 9 1 0 3 72 115 115 22 63 0 0 0 20 28 37 95 22 23 34 31 15 12 5 7 115 115 22 25 7 2 2 8 26 33 34 115 115 15 2 3 115 88 6 25 28 4 0 21 9 11 12 6 52 97 13 3 48 80 54 33 8 10 5 11 3 19 64 115 10 5 2 1 65 115 5 16 1 1 2 1 4 3 0 2 115 60 4 6 25 9 2 4 23 49 17 32 2 0 1 5 15 65 25 6 46 9 0 0 0 4 17 47;
<CIRCLE 251 114 5.04538 0 0.000143052>; 0 4 12 1 0 1 144 28 0 1 23 12 4 21 144 32 26 1 5 8 3 23 144 143 10 1 2 0 0 0 144 90 0 0 3 6 4 1 144 13 2 4 18 115 101 45 139 13 144 46 33 58 25 31 47 68 53 4 9 7 0 0 20 17 0 0 8 16 3 0 0 0 1 1 6 18 66 85 43 7 67 8 5 7 12 38 83 94 17 2 21 10 0 0 0 6 0 0 7 8 0 0 0 0 1 0 2 5 0 2 2 2 0 0 2 7 4 1 4 1 0 0 4 4 6 1 0 0;
<CIRCLE 86 89 20.1815 0 0.000138534>; 0 0 0 4 12 0 0 0 0 7 40 36 11 0 0 0 0 34 54 5 1 1 0 0 0 2 16 7 24 16 0 0 0 0 0 13 55 1 0 0 0 24 83 148 148 59 17 0 2 148 148 42 30 37 85 8 0 16 148 61 12 18 48 8 0 0 0 1 59 5 0 0 0 1 1 7 121 134 64 0 1 17 29 4 20 114 148 9 2 1 54 8 4 64 148 49 0 0 0 0 9 0 0 0 0 0 0 0 13 1 0 0 0 0 0 0 6 5 3 0 1 0 0 0 3 5 4 2;
<CIRCLE 86 89 8.48528 0 0.000138534>; 0 0 8 29 36 0 0 0 0 32 63 76 143 2 0 0 0 143 96 9 13 0 0 0 0 92 82 0 0 0 0 0 0 0 0 34 66 15 0 0 0 3 3 62 143 74 6 0 2 113 64 23 49 22 54 12 2 112 143 3 0 3 51 9 0 0 0 1 23 42 6 0 0 0 0 2 42 143 98 0 1 2 1 2 9 62 143 37 1 3 7 1 0 20 143 23 0 0 6 6 4 7 6 0 0 0 11 9 0 9 25 0 0 0 11 12 1 5 42 1 0 0 8 8 0 3 24 0;
<CIRCLE 168 118 2.12132 0 0.000135069>; 0 0 0 0 62 132 15 0 5 9 10 7 86 132 16 1 35 81 50 32 18 25 6 9 8 32 52 109 10 7 2 0 0 0 1 1 39 40 3 0 2 0 0 0 132 132 16 6 20 1 2 3 53 95 82 84 2 1 1 5 8 109 115 26 0 0 2 4 14 6 0 0 0 0 0 1 78 132 77 8 3 0 0 0 8 63 132 130 0 0 0 0 0 81 132 32 0 0 4 2 0 0 0 0 0 0 6 3 0 7 10 0 0 1 6 1 0 2 18 5 0 0 2 5 0 2 9 1;
<CIRCLE 168 119 2.12132 0 0.000134788>; 0 0 0 0 46 131 15 0 4 6 5 4 117 131 16 2 26 59 41 27 25 35 9 13 7 24 41 86 10 14 4 1 0 0 1 1 40 26 1 0 2 0 0 0 131 131 25 7 20 0 0 1 50 101 118 112 1 0 0 1 6 126 131 34 0 0 2 5 9 5 0 0 0 0 0 1 47 130 76 7 1 0 0 0 4 50 131 110 0 0 0 0 0 63 131 26 0 0 6 2 0 0 0 0 0 0 8 4 0 2 4 0 0 1 9 1 0 1 8 2 0 0 3 6 0 1 3 0;
<CIRCLE 155 101 3 0 0.000128645>; 0 9 32 2 0 9 62 1 4 22 73 0 0 8 42 10 5 8 86 11 3 15 23 23 0 0 56 17 7 22 16 2 0 0 0 16 14 57 130 43 0 0 0 0 7 51 130 96 1 0 0 0 49 130 130 29 26 9 2 1 7 35 100 69 0 0 0 10 8 11 110 103 0 0 0 0 32 30 82 80 0 0 3 4 130 130 21 2 41 71 29 15 33 62 10 16 0 0 0 0 0 0 9 4 0 0 1 2 2 6 0 1 0 0 1 1 76 125 1 0 1 6 4 2 83 109 43 12;
<CIRCLE 74 43 4.24264 0 0.000127399>; 1 2 2 0 0 0 0 0 0 1 17 6 0 0 0 0 0 4 16 3 2 0 0 0 0 1 2 0 0 0 0 0 0 5 18 11 7 0 0 0 0 7 105 120 74 0 0 0 0 139 139 32 11 0 0 0 0 100 73 0 0 0 0 0 0 7 28 8 16 0 0 0 0 2 23 54 139 39 0 0 2 139 129 33 130 24 0 0 14 139 131 0 0 0 0 0 0 1 9 5 6 6 2 0 0 0 6 14 139 55 0 0 0 6 14 9 139 63 0 0 33 88 27 2 6 4 1 0;
<CIRCLE 77 91 2.12132 0 0.000125723>; 0 3 52 6 0 13 129 19 0 0 24 25 27 30 72 14 0 0 36 86 21 10 9 0 0 0 90 43 0 1 10 2 0 0 0 0 12 47 108 2 0 0 0 36 129 97 34 0 0 0 21 107 104 54 26 0 0 0 28 26 1 13 6 0 0 0 0 1 20 12 0 0 0 0 0 1 122 129 58 0 0 0 0 1 45 129 129 0 0 0 0 0 15 129 44 3 0 0 4 8 2 0 0 0 0 0 1 2 4 18 13 0 0 0 0 0 17 129 30 0 0 0 0 0 7 129 129 6;
<CIRCLE 95 48 1.78381 0 0.000125664>; 0 89 41 0 0 0 0 0 0 19 23 0 0 0 0 0 0 7 13 0 0 0 0 0 1 4 1 0 0 0 0 0 14 148 99 4 1 0 3 15 7 111 148 14 1 0 0 0 59 138 98 0 0 0 0 0 13 11 3 2 0 0 0 0 25 31 50 25 41 7 12 37 70 72 123 45 59 4 0 0 148 148 28 0 0 0 0 0 24 73 7 1 0 0 0 0 4 25 94 18 9 0 0 0 14 31 23 22 16 1 0 0 36 148 23 0 0 0 1 12 7 148 34 0 0 0 1 4;
<CIRCLE 60 81 2.12132 0 0.000122311>; 0 0 0 3 3 3 1 0 0 0 18 26 1 2 3 0 0 0 80 43 6 2 0 0 0 0 88 40 25 4 0 0 0 0 6 18 13 0 0 0 0 0 60 156 103 34 4 0 0 2 156 156 21 30 44 3 0 7 156 57 0 0 40 16 0 0 3 8 13 4 0 0 0 0 2 25 92 156 62 0 0 0 24 20 18 133 156 6 0 3 15 0 10 59 156 27 0 0 4 5 1 1 0 0 1 2 2 0 1 12 9 0 0 0 0 0 5 20 48 0 0 0 0 0 53 50 29 0;
<CIRCLE 157 98 1.5 0 0.000121451>; 0 0 0 0 0 16 16 4 35 1 0 0 0 0 17 15 54 3 0 2 3 7 30 31 0 0 0 4 27 36 17 1 0 0 1 0 5 78 142 77 9 0 0 0 4 53 142 95 33 6 10 16 43 106 88 20 3 1 6 17 19 26 14 29 0 0 1 1 0 4 142 142 0 0 1 3 71 68 142 51 1 0 1 5 142 142 33 11 13 13 9 6 20 29 26 87 0 2 3 1 0 0 5 10 0 0 1 4 70 10 0 0 0 1 5 15 142 75 5 0 5 25 51 17 24 29 12 3;
<CIRCLE 184 98 1.78381 0 0.000121358>; 0 0 0 0 0 2 14 0 0 0 0 0 0 1 15 4 0 0 2 0 0 3 25 2 0 0 2 0 0 1 7 2 1 0 0 0 11 85 127 19 22 0 0 0 7 41 105 123 6 0 0 0 0 75 127 57 0 0 0 0 0 55 127 3 22 11 3 38 124 74 47 15 127 16 1 12 60 34 15 102 67 6 0 0 0 42 101 56 0 0 0 0 0 39 127 1 11 25 46 127 31 0 0 0 99 127 10 40 14 0 0 3 71 115 0 0 0 1 0 1 2 1 0 0 1 6 3 0;
<CIRCLE 135 103 1.5 0 0.000116738>; 1 0 0 0 0 11 139 46 0 0 4 10 1 21 139 3 0 0 34 37 0 8 139 49 0 0 32 59 18 42 123 11 4 1 5 5 5 1 23 18 0 0 23 120 78 26 36 0 0 0 139 139 22 21 62 30 0 1 73 84 3 0 74 121 0 0 1 2 8 1 0 0 0 0 0 14 71 88 36 0 0 0 4 16 17 57 139 81 0 0 0 0 0 0 104 123 0 0 0 0 1 1 0 0 0 0 0 0 1 6 12 0 0 0 0 0 0 2 25 7 0 0 0 0 0 1 4 3;
<CIRCLE 85 92 7.13524 0 0.000116562>; 0 0 4 31 45 2 0 0 0 15 20 51 144 24 0 0 3 144 61 8 29 4 0 0 0 144 104 0 0 0 0 0 0 0 0 42 50 40 1 0 0 0 1 79 144 130 11 0 2 36 37 44 44 34 80 13 3 101 79 3 0 1 84 18 0 0 0 0 10 42 10 0 0 0 0 1 27 144 104 0 0 0 0 2 7 69 144 38 0 1 1 0 0 10 144 39 0 0 5 3 0 6 11 0 0 0 8 6 0 5 26 0 0 0 8 9 2 4 33 1 0 0 5 7 1 2 14 1;
<CIRCLE 188 105 5.04538 0 0.000114515>; 5 15 132 23 1 6 19 1 0 4 149 43 0 1 44 3 0 2 125 47 0 1 48 2 0 5 43 34 0 0 44 2 8 8 18 5 21 74 100 28 36 34 31 5 0 12 149 65 17 8 6 0 0 8 149 32 0 0 1 1 0 1 149 17 3 8 15 4 68 149 51 3 121 62 34 7 3 22 106 81 82 24 9 0 0 0 54 30 0 2 8 3 0 0 46 2 0 0 6 2 8 37 49 0 7 0 5 5 0 7 91 37 7 5 15 3 0 0 2 13 0 9 11 0 0 0 0 0;
<CIRCLE 260 93 1.5 0 0.000106391>; 0 0 0 0 1 2 2 0 0 0 0 0 0 1 15 6 0 0 0 0 0 1 46 9 0 0 0 0 0 0 51 8 2 0 0 0 0 45 54 13 50 1 0 0 0 4 75 145 13 1 0 0 0 0 145 123 0 0 0 0 0 0 145 28 4 0 0 0 13 145 77 8 145 87 0 0 12 59 15 65 102 109 1 0 0 0 75 51 1 3 6 1 0 0 79 5 0 0 2 2 65 107 13 0 71 32 0 0 65 102 1 21 145 54 0 0 0 1 0 28 9 3 5 1 0 0 0 0;
<CIRCLE 142 97 1.5 0 0.000101654>; 0 0 1 0 0 0 19 3 0 0 1 1 0 3 38 3 0 0 2 1 0 3 33 2 0 0 1 0 0 5 15 1 0 0 1 1 0 5 128 32 0 0 8 17 8 40 128 43 0 0 8 23 14 54 128 12 0 0 3 1 5 72 78 14 0 0 65 107 13 8 88 7 0 0 128 128 8 11 60 35 1 1 40 82 14 11 66 118 1 1 5 2 3 13 101 128 0 0 16 50 41 54 65 14 0 0 21 21 0 3 128 128 0 0 1 1 0 0 82 128 0 1 1 0 0 0 22 42;
<CIRCLE 255 100 6 0 9.99068e-05>; 1 55 115 9 0 0 3 0 0 23 118 101 0 0 10 1 0 22 140 37 0 0 29 13 2 58 110 0 0 0 39 17 0 10 23 0 0 1 140 26 2 3 31 22 6 21 140 37 20 3 8 6 1 5 140 140 2 4 4 0 0 0 140 76 0 0 3 7 11 3 135 9 18 8 8 59 86 49 99 19 125 22 9 13 5 8 34 64 5 1 14 10 0 0 20 7 0 0 6 10 3 1 0 0 3 0 1 5 20 37 30 10 20 1 4 4 2 5 21 28 0 0 13 8 1 0 0 0;
<CIRCLE 249 111 4.24264 0 9.97401e-05>; 0 1 5 1 0 1 138 26 0 0 9 3 2 15 138 31 13 0 1 4 4 33 138 101 17 0 0 0 0 0 138 116 0 0 1 3 2 1 138 14 0 0 9 99 74 23 138 11 102 39 43 87 34 36 48 35 110 12 2 2 0 0 15 32 0 0 7 12 4 0 0 0 0 0 4 33 105 88 22 0 77 16 9 20 31 66 101 98 68 8 10 5 0 0 2 32 0 0 5 13 0 0 0 0 0 0 4 3 2 13 7 1 0 0 0 2 2 10 31 13 1 0 4 5 3 0 1 4;
<CIRCLE 335 78 1.26134 0 9.86474e-05>; 0 0 118 38 0 0 0 0 15 18 125 21 0 0 1 19 37 30 62 0 0 0 11 40 0 9 23 0 0 0 35 13 0 17 125 12 0 0 0 0 31 101 125 3 0 0 1 34 125 109 18 0 0 0 10 54 22 3 0 0 0 0 39 14 0 7 71 1 0 0 125 66 24 31 50 0 0 0 125 125 116 22 7 0 0 0 24 125 18 1 5 4 1 0 0 8 1 0 0 0 0 0 125 93 0 0 5 0 0 0 99 109 2 2 17 1 0 0 11 33 0 0 16 5 0 0 0 0;
<CIRCLE 177 98 1.26134 0 9.645e-05>; 0 0 0 0 0 1 14 2 0 0 0 0 0 2 31 3 0 0 0 0 0 6 13 1 0 0 0 0 0 0 20 7 17 0 0 0 0 1 127 89 0 0 0 0 8 60 127 41 11 0 0 0 37 127 67 19 42 0 0 0 0 3 82 117 127 46 0 0 2 1 42 54 13 6 0 4 89 41 84 15 40 0 0 4 127 71 7 14 127 0 0 0 5 3 6 82 127 77 3 1 2 0 0 1 25 22 16 90 54 0 0 0 37 20 2 93 127 1 0 5 126 63 0 0 1 0 0 23;
<CIRCLE 334 79 1.78381 0 9.63283e-05>; 0 0 143 31 0 0 0 0 4 18 145 27 0 0 0 0 30 46 81 1 0 0 2 9 3 13 18 0 0 0 13 11 0 5 145 16 0 0 15 4 33 88 145 11 0 0 17 41 145 91 13 0 0 0 7 78 27 1 1 1 0 0 32 26 0 3 36 0 0 14 145 61 16 14 19 0 0 0 145 145 73 10 7 0 0 0 38 145 12 1 19 6 0 0 0 7 0 0 2 3 1 14 101 19 0 0 12 1 0 0 51 39 0 0 24 3 0 0 5 10 0 0 22 3 0 0 0 0;
<CIRCLE 155 102 3.56762 0 9.45043e-05>; 0 7 49 14 0 6 58 1 4 39 75 0 0 6 44 7 3 14 117 18 2 13 23 12 0 0 107 26 2 10 25 2 0 0 0 0 16 67 130 24 0 0 1 0 6 52 130 76 3 2 1 0 41 130 130 23 22 15 5 5 5 33 126 64 0 0 0 0 13 30 95 48 0 0 0 0 24 39 78 67 2 5 1 0 130 130 14 3 21 55 48 22 34 59 15 12 0 0 2 0 0 0 5 1 0 0 3 2 2 4 0 0 0 0 1 1 70 104 9 0 0 0 2 2 30 85 128 7;
<CIRCLE 173 107 1.06066 0 9.33286e-05>; 49 29 6 23 77 5 0 0 137 131 0 0 0 0 0 0 42 31 3 32 36 0 0 0 0 1 0 67 137 2 0 0 39 21 21 23 20 2 5 12 137 137 21 3 0 0 1 11 45 65 105 137 7 0 0 0 0 5 23 137 59 0 0 0 19 55 8 0 18 8 2 7 42 108 63 17 3 1 4 13 4 26 130 137 7 1 0 1 1 1 19 100 1 1 9 5 7 8 0 0 24 24 24 41 11 9 4 5 26 38 28 65 3 0 5 19 54 37 3 4 9 0 0 1 1 3 5 9;
<CIRCLE 256 116 5.04538 0 9.25021e-05>; 0 1 9 3 1 2 151 35 6 1 12 25 9 44 151 53 53 3 3 4 2 12 151 151 3 0 3 1 0 0 151 67 0 0 4 22 32 6 107 9 41 23 35 149 122 76 84 29 151 41 20 17 4 9 23 66 9 1 17 12 0 0 7 3 0 0 9 17 14 9 0 0 10 1 3 8 45 98 86 34 54 4 9 7 2 7 43 70 1 0 26 13 0 0 0 0 1 0 4 6 0 0 0 2 1 0 2 8 2 1 1 1 0 0 4 8 5 1 0 0 0 0 3 4 7 2 0 0;
<CIRCLE 252 113 5.04538 0 9.20917e-05>; 0 6 18 2 0 1 143 26 0 2 28 13 3 21 143 31 23 0 6 6 2 18 143 143 6 2 3 0 0 0 143 85 0 0 2 6 5 1 143 15 4 6 20 119 94 45 143 15 143 42 29 47 18 26 49 73 39 3 9 7 0 0 30 17 0 0 8 16 6 1 0 0 3 1 6 24 76 95 51 12 82 11 7 8 10 31 75 97 15 2 22 11 0 0 0 4 0 0 6 9 0 0 0 0 1 0 2 4 1 3 4 2 0 0 2 7 4 2 6 2 0 0 4 5 6 1 0 0;
<CIRCLE 76 93 1.26134 0 9.19367e-05>; 0 0 0 0 7 47 35 0 0 0 0 43 142 55 32 0 0 0 11 104 142 3 0 0 0 0 15 23 3 0 0 0 0 0 0 2 27 9 3 0 0 0 0 65 142 61 16 0 0 0 0 36 142 60 142 6 0 0 0 0 5 57 84 2 0 0 0 0 13 9 0 0 0 0 0 1 71 124 76 0 0 0 0 0 13 86 142 10 0 0 0 0 82 142 102 1 0 0 2 6 2 0 0 0 0 0 0 3 8 5 5 1 0 0 0 0 5 12 15 2 0 0 0 0 57 136 4 0;
<CIRCLE 71 41 1.78381 0 9.08612e-05>; 0 0 5 4 0 0 0 0 0 1 34 12 0 0 0 0 0 7 55 3 0 0 0 0 0 5 18 1 0 0 0 0 0 0 4 16 20 0 0 0 0 2 111 143 115 12 0 0 0 85 143 40 13 4 0 0 0 140 143 2 0 0 0 0 0 2 8 4 29 4 0 0 0 0 8 29 143 104 0 0 0 21 66 83 109 38 0 0 0 103 143 35 4 0 0 0 0 1 8 5 6 0 0 0 0 0 0 6 143 56 0 0 0 0 0 21 143 57 0 0 7 3 7 9 18 13 1 9;
<CIRCLE 135 100 4.24264 0 9.0804e-05>; 20 43 57 2 0 0 6 2 1 15 146 42 0 0 17 0 0 21 146 38 0 2 17 0 4 51 92 4 0 0 6 1 0 7 20 0 0 0 146 38 0 0 23 8 1 41 146 25 0 3 12 2 0 65 146 18 0 8 18 0 4 50 146 22 0 0 1 0 0 1 146 15 0 0 0 0 6 74 133 8 0 0 0 0 2 56 146 58 0 0 0 0 42 108 94 28 0 0 1 1 1 2 0 0 0 1 4 0 0 3 4 0 0 0 5 1 0 1 11 3 0 0 3 2 19 26 0 1;
<CIRCLE 333 78 3 0 8.80673e-05>; 0 4 40 7 2 0 0 0 0 2 66 12 0 0 0 0 1 13 39 1 0 1 0 0 1 5 3 0 0 0 2 1 0 24 168 16 0 0 20 2 24 53 168 35 0 0 19 26 128 94 82 1 0 0 6 57 11 7 3 1 0 0 18 23 0 5 84 1 0 5 168 37 22 17 62 2 0 4 168 168 98 16 19 2 0 0 40 168 6 1 33 7 0 0 4 6 0 0 18 10 0 3 74 5 0 0 21 12 0 3 54 15 0 0 36 7 0 0 5 8 0 0 37 2 0 0 0 0;
<CIRCLE 94 49 2.12132 0 8.67245e-05>; 0 128 81 0 0 0 0 0 0 50 39 0 0 0 0 0 0 12 22 0 0 0 0 0 1 4 2 0 0 0 0 0 30 138 77 1 1 0 0 22 9 138 138 18 5 0 0 2 69 138 118 1 0 0 0 0 18 22 4 2 0 0 0 0 43 33 51 13 7 0 1 31 26 54 86 63 43 0 0 3 138 138 26 3 1 0 0 0 21 138 16 0 0 0 0 0 1 14 43 10 18 5 0 0 9 31 35 12 2 0 0 1 49 129 7 0 0 0 0 33 16 138 38 3 1 0 1 12;
<CIRCLE 254 103 2.12132 0 8.61239e-05>; 0 0 0 0 0 0 117 34 0 0 0 0 1 83 117 22 70 12 0 0 3 58 51 86 50 16 0 0 0 0 117 63 0 0 4 7 0 1 111 11 0 0 27 29 33 94 70 2 75 16 8 10 63 117 14 28 117 28 1 0 0 1 3 27 0 0 9 87 33 0 0 0 1 15 117 117 24 1 0 0 61 93 69 19 19 12 4 25 88 18 0 0 0 0 1 32 0 0 0 37 117 25 0 0 4 9 12 46 66 40 11 3 98 65 7 0 0 0 7 43 102 20 0 1 0 0 0 16;
<CIRCLE 123 97 1.26134 0 8.38684e-05>; 0 1 3 0 0 0 7 0 0 1 7 3 0 1 13 1 0 0 2 4 1 0 25 8 0 0 0 0 0 4 40 1 0 0 0 0 0 2 156 44 0 0 0 0 1 78 156 28 5 0 0 0 0 17 156 156 0 0 0 0 0 24 156 39 0 0 0 0 2 14 156 40 0 0 0 0 26 156 156 36 40 0 0 0 1 29 89 156 7 1 4 2 0 5 104 28 0 0 3 2 2 1 2 0 0 0 1 1 4 25 21 4 5 1 0 1 0 3 21 20 1 1 4 3 3 0 0 0;
<CIRCLE 143 97 1.26134 0 8.2358e-05>; 0 0 0 0 0 0 29 7 0 0 0 0 0 7 52 2 0 0 0 0 0 3 40 6 0 0 0 0 0 9 19 1 0 0 2 2 0 2 126 69 0 0 8 18 16 78 126 22 0 1 19 22 13 43 126 32 0 1 8 4 16 82 63 10 0 0 115 104 0 2 57 14 0 0 126 126 16 14 34 26 0 3 53 79 12 6 54 111 2 2 12 4 6 12 87 126 0 0 49 60 9 15 71 42 0 0 25 20 0 0 107 126 0 0 2 1 0 0 89 126 1 1 1 0 0 0 29 54;
<CIRCLE 332 78 3.56762 0 8.00313e-05>; 0 13 38 3 2 0 2 0 0 1 49 10 2 2 1 0 0 10 30 1 0 3 5 0 0 3 1 0 0 2 6 0 1 89 170 7 0 0 23 8 17 44 170 32 0 0 28 24 113 101 102 2 0 0 4 53 14 6 3 1 0 0 11 20 1 20 69 1 0 1 170 80 17 14 71 3 0 3 170 133 94 18 24 2 0 0 47 170 8 1 39 8 0 0 3 7 0 0 23 10 0 1 60 11 0 0 26 16 0 3 47 7 0 0 38 10 0 0 5 7 0 0 41 3 0 0 0 0;
<CIRCLE 85 93 7.13524 0 7.70644e-05>; 0 0 4 32 44 2 0 0 0 13 17 52 142 24 0 0 3 142 59 10 30 4 0 0 0 142 108 0 0 0 0 0 0 0 0 39 49 44 1 0 0 0 1 74 142 142 14 0 2 31 34 43 42 38 96 15 3 92 72 3 0 2 99 21 0 0 0 0 8 40 11 0 0 0 0 0 22 142 106 0 0 0 0 1 6 65 142 37 0 0 0 0 0 10 142 37 0 0 6 3 0 5 10 0 0 0 10 7 0 4 23 0 0 0 9 10 2 4 26 1 0 0 5 8 1 1 10 0;
<CIRCLE 78 89 3 0 7.43526e-05>; 0 0 130 60 7 7 16 1 0 0 91 81 65 13 13 2 0 0 15 27 50 34 15 0 0 0 26 23 2 10 38 0 0 0 27 14 11 62 130 4 0 0 18 43 130 85 87 4 0 0 66 114 54 28 7 0 0 0 75 52 0 3 5 0 0 0 0 2 15 18 19 0 0 0 0 6 130 130 44 0 0 0 2 13 40 130 83 0 0 0 1 2 0 42 124 11 0 0 3 10 2 1 2 0 0 0 1 2 3 33 17 3 0 0 0 0 4 130 98 4 0 0 0 0 0 30 130 32;
<CIRCLE 180 105 2.12132 0 7.31394e-05>; 14 0 0 0 1 10 91 66 4 0 0 0 14 83 116 29 15 0 0 0 2 22 116 102 0 0 0 0 0 51 116 10 104 65 15 12 3 5 21 39 37 30 23 94 95 56 28 19 116 65 4 11 15 12 26 74 16 10 0 0 0 30 91 11 32 68 38 20 10 14 2 4 10 41 66 116 12 4 1 0 116 116 8 13 1 0 0 2 70 59 0 0 0 2 0 0 8 1 1 2 26 38 25 27 1 1 1 7 7 64 56 13 110 21 0 0 0 2 26 101 93 13 1 1 0 0 0 29;
<CIRCLE 183 97 1.06066 0 7.27099e-05>; 0 0 0 0 0 3 7 0 0 0 0 0 0 0 12 4 0 0 0 0 0 0 34 4 0 0 0 0 0 4 22 0 1 0 0 0 10 96 65 4 24 0 0 0 1 9 60 116 6 0 0 0 0 10 129 96 0 0 0 0 0 97 129 2 7 0 0 0 129 125 20 3 129 0 0 0 22 17 9 118 103 0 0 0 0 8 98 121 1 0 0 0 0 98 127 4 10 1 0 21 129 8 0 2 129 6 0 1 23 3 0 61 99 2 0 0 0 0 0 36 2 1 0 0 0 4 5 1;
<CIRCLE 173 118 1.26134 0 7.22956e-05>; 5 10 2 6 85 53 17 24 19 32 3 3 34 45 24 68 6 1 2 8 63 58 3 4 9 1 0 0 1 6 4 5 8 19 9 31 135 52 12 9 121 83 6 3 18 47 24 86 16 3 0 0 34 135 59 22 8 4 0 0 0 49 66 12 1 0 0 0 44 135 135 30 48 0 0 0 0 14 133 135 8 0 0 0 0 135 115 54 0 0 0 0 0 95 135 19 0 0 0 0 0 21 43 3 0 0 0 0 0 1 37 26 0 0 0 1 0 6 7 3 0 0 0 0 0 5 27 1;
<CIRCLE 164 110 1.26134 0 7.18166e-05>; 0 0 0 13 137 40 0 0 3 26 38 23 53 29 9 1 3 36 88 36 28 6 3 1 102 48 6 16 24 1 3 9 0 0 0 0 77 137 24 0 0 0 4 4 33 137 137 0 4 18 23 7 90 137 41 0 41 76 14 1 7 3 3 15 0 0 0 1 6 19 10 0 0 0 0 1 104 97 53 0 0 2 0 2 137 137 18 5 16 24 3 2 15 24 30 77 0 0 0 1 2 1 0 0 0 0 0 1 82 17 0 0 0 1 3 23 137 58 2 1 38 54 10 14 25 12 7 23;
<CIRCLE 81 95 1.26134 0 7.1711e-05>; 0 0 0 61 142 15 5 0 0 0 2 26 55 8 30 1 0 0 1 3 4 9 9 0 0 0 0 1 0 1 1 1 0 0 0 13 122 115 122 2 0 0 0 1 18 107 142 11 0 0 0 0 51 142 60 1 0 0 0 0 6 11 7 9 0 0 0 0 5 27 61 2 0 0 0 0 36 86 97 2 0 0 0 0 142 142 12 0 0 0 0 0 13 89 42 12 0 0 0 0 2 1 0 1 0 0 0 0 6 13 1 0 0 0 0 0 17 142 29 0 0 0 0 0 0 116 142 4;
<CIRCLE 336 78 1.26134 0 7.10961e-05>; 0 0 127 40 0 0 0 1 31 31 127 11 0 0 1 31 27 23 50 0 0 0 25 38 0 12 19 0 0 0 37 13 2 31 127 11 0 0 0 3 72 127 103 1 0 0 1 51 127 76 5 0 0 0 23 49 6 0 0 0 0 1 43 11 2 12 71 1 0 0 127 104 53 37 37 0 0 0 107 127 115 14 4 1 0 0 9 127 5 1 6 5 1 0 0 1 0 0 1 0 0 0 127 96 0 1 8 0 0 0 68 101 2 1 22 2 0 0 4 18 0 0 17 6 0 0 0 0;
<CIRCLE 175 108 8.48528 0 6.91122e-05>; 0 30 143 7 0 1 8 0 0 14 143 13 0 1 4 0 0 0 143 57 0 0 9 0 0 6 143 64 0 0 17 1 0 5 40 3 0 44 143 2 2 6 65 4 3 110 135 18 17 0 55 17 0 8 143 100 1 1 20 9 0 2 143 25 0 0 8 4 3 27 69 0 2 0 3 2 14 143 73 18 40 4 3 1 0 16 71 103 5 6 14 2 0 1 62 11 0 0 8 7 0 0 0 0 0 0 8 5 1 5 5 0 0 2 5 6 1 1 6 3 1 6 8 0 0 0 0 0;
<CIRCLE 175 108 20.1815 0 6.91122e-05>; 0 43 92 37 9 0 0 0 0 38 105 9 12 7 0 0 0 0 85 32 34 34 4 0 0 8 62 5 2 19 25 0 1 62 92 52 87 87 98 5 1 70 131 22 2 47 131 14 0 0 131 71 4 16 131 35 10 34 131 10 0 6 112 63 0 0 0 0 17 58 87 1 0 0 2 0 12 71 131 13 6 0 1 0 3 23 131 51 0 0 0 2 4 12 80 34 0 0 0 0 1 0 0 0 0 0 0 0 1 0 0 0 0 0 0 0 0 0 0 0 0 0 0 0 0 0 0 0;
<CIRCLE 158 98 1.06066 0 6.23319e-05>; 1 1 0 0 0 1 32 13 54 5 0 0 0 2 47 16 64 17 6 8 7 7 13 23 0 1 3 17 27 13 4 1 0 0 0 0 0 5 138 127 8 1 0 0 12 128 138 32 15 11 23 16 53 96 44 6 7 1 12 22 9 2 3 25 0 0 0 1 1 3 138 73 0 0 0 1 132 132 91 11 0 0 0 1 138 138 22 5 12 2 0 0 8 12 34 88 0 0 2 4 2 0 2 0 0 0 1 5 132 16 0 0 0 2 3 21 138 44 5 1 10 31 25 9 9 3 9 17;
<CIRCLE 161 106 1.78381 0 5.73485e-05>; 0 0 0 0 8 31 138 78 2 0 0 2 95 138 89 13 3 2 1 6 23 42 40 49 58 10 0 2 7 24 57 78 0 0 2 2 36 10 25 18 0 0 3 8 138 98 6 2 6 23 56 31 64 48 14 20 115 77 23 32 15 7 2 6 0 0 0 0 12 8 1 1 0 0 0 1 96 138 34 0 0 2 14 7 87 138 68 0 40 52 18 7 34 45 5 12 0 0 2 1 0 0 0 0 0 0 0 1 13 24 6 0 0 0 0 1 138 108 8 0 19 10 2 4 89 47 11 27;
<CIRCLE 70 40 1.78381 0 5.69682e-05>; 0 0 5 2 0 0 0 0 0 1 18 5 0 0 0 0 0 2 30 3 0 0 0 0 0 2 12 1 0 0 0 0 0 1 4 9 6 0 0 0 0 0 76 130 77 2 0 0 0 58 146 63 18 2 0 0 0 118 146 1 0 0 0 0 0 3 10 4 14 1 0 0 0 0 12 50 146 84 0 0 0 29 107 80 146 61 0 1 0 116 146 45 3 0 0 0 0 2 9 3 2 0 0 0 0 0 1 7 146 49 0 0 0 0 1 31 146 69 0 0 2 4 14 25 28 12 0 3;
<CIRCLE 73 73 3 0 5.51948e-05>; 0 1 11 1 1 2 3 0 0 0 3 2 130 54 0 0 0 1 3 2 130 78 0 0 5 12 30 9 23 10 0 0 0 0 22 19 2 6 7 0 0 0 52 39 109 34 0 0 0 0 7 27 130 96 0 0 3 1 0 0 36 42 11 2 0 0 106 124 40 32 23 0 0 3 130 92 15 12 63 7 0 0 52 100 103 32 14 1 0 0 44 31 14 26 37 0 0 0 4 11 23 72 86 0 0 1 10 3 47 75 130 6 0 0 14 79 130 79 27 0 0 0 61 59 6 18 5 0;
<CIRCLE 251 56 1.26134 0 5.41691e-05>; 1 0 1 2 2 0 0 0 2 3 17 3 0 1 1 1 0 6 12 3 1 0 0 0 0 1 8 3 1 0 0 0 0 0 5 14 19 0 0 0 2 42 125 116 93 0 0 0 40 132 95 15 4 0 0 0 3 11 21 9 0 0 0 0 0 9 132 28 23 0 0 0 14 27 57 105 132 34 2 2 132 132 88 14 39 23 5 7 6 39 132 49 0 0 0 0 3 40 131 8 0 0 0 0 1 2 79 59 36 15 5 1 9 18 53 84 29 16 11 4 0 4 132 104 11 0 0 0;
<CIRCLE 61 81 2.52269 0 5.33664e-05>; 0 0 0 2 4 6 2 0 0 0 12 14 1 4 8 0 0 0 51 26 9 4 1 0 0 0 37 34 129 36 0 0 0 0 6 17 11 1 0 0 0 0 85 144 80 38 10 0 0 4 144 126 10 20 58 8 0 3 144 87 24 5 38 13 0 0 4 9 10 4 0 0 0 0 6 30 73 144 86 0 0 2 33 15 10 94 144 13 0 1 12 19 85 81 144 18 0 0 2 4 1 4 0 0 2 2 2 1 1 7 6 0 0 0 0 1 10 18 23 0 0 0 0 5 129 87 22 0;
<CIRCLE 87 99 1.78381 0 5.23983e-05>; 0 0 0 14 56 93 105 0 0 0 0 2 10 72 22 1 0 0 0 0 0 6 17 3 0 0 0 0 0 9 12 0 0 0 0 0 32 153 121 0 0 0 0 0 68 153 62 2 0 0 0 0 0 33 153 27 0 0 0 0 0 7 153 30 0 0 0 0 10 43 7 2 0 0 0 0 10 153 153 2 0 0 0 0 0 35 153 53 0 0 0 0 0 0 153 74 0 0 0 0 0 0 14 19 0 0 0 0 0 6 45 7 0 0 0 0 0 2 41 11 1 0 0 0 0 0 15 7;
<CIRCLE 156 105 6 0 5.17785e-05>; 1 33 139 22 0 2 22 0 0 36 139 23 0 2 21 1 0 42 139 19 0 3 11 0 0 5 139 41 0 0 17 1 0 1 16 5 0 46 139 11 0 8 18 1 4 72 139 23 2 8 39 9 19 102 139 20 28 16 32 5 0 1 139 51 0 0 3 0 0 25 58 3 0 0 4 1 20 58 80 18 2 5 7 2 69 139 68 8 90 27 8 0 2 18 83 74 0 0 12 5 0 0 0 0 0 0 21 5 2 2 0 0 0 0 13 4 5 31 33 1 2 0 6 5 0 4 41 18;
<CIRCLE 74 73 2.52269 0 5.12981e-05>; 0 0 4 0 2 3 4 0 0 0 0 0 134 65 0 0 0 0 0 1 134 71 0 0 2 6 9 3 35 18 0 0 0 0 23 15 6 4 3 0 0 0 40 32 127 36 0 0 0 0 5 20 134 97 0 0 0 0 0 0 35 37 7 2 0 1 134 102 12 13 20 2 0 4 134 91 17 2 29 11 0 0 53 87 95 34 16 2 0 0 28 14 16 26 48 5 0 0 26 18 13 64 134 4 0 2 24 6 34 55 134 20 0 0 21 102 93 29 25 3 0 0 83 66 2 2 4 1;
<CIRCLE 134 100 3 0 5.0568e-05>; 0 3 103 8 0 0 28 3 0 0 90 40 0 1 62 4 0 5 58 15 0 3 68 3 2 23 54 0 0 7 31 1 0 0 4 0 0 15 164 54 0 0 2 7 19 28 164 64 0 0 2 30 29 63 164 21 0 0 1 2 3 51 164 63 0 0 2 1 0 14 104 17 0 0 0 9 64 50 79 21 0 0 1 32 48 55 159 80 0 0 0 1 4 6 109 129 0 0 1 0 0 0 0 0 0 0 0 0 1 7 8 0 0 0 0 0 0 5 32 9 0 0 0 0 0 0 4 5;
<CIRCLE 149 97 2.12132 0 4.92864e-05>; 0 2 22 1 0 0 21 1 0 10 41 0 0 2 21 0 7 7 65 0 0 1 5 4 11 2 41 3 0 3 11 17 0 0 3 14 6 35 132 16 0 0 0 4 6 72 132 11 4 0 0 0 0 33 132 53 13 0 0 0 8 44 89 44 0 0 35 86 16 22 93 58 0 0 3 13 8 21 132 132 0 0 0 0 17 35 132 121 0 0 0 1 122 132 72 8 0 0 1 3 3 10 102 70 0 0 0 0 0 0 44 75 0 1 0 0 22 8 7 13 0 0 0 1 118 97 5 0;
<CIRCLE 179 65 1.26134 0 4.91199e-05>; 0 2 5 4 5 0 0 0 0 6 40 55 68 23 0 0 6 126 70 15 17 12 0 0 5 56 3 0 0 0 0 0 0 1 61 9 3 0 0 0 0 1 64 52 93 79 0 0 9 126 24 43 126 70 0 0 14 126 67 2 1 0 0 0 0 2 126 36 0 0 6 4 0 0 126 124 9 0 33 7 3 17 42 98 45 3 55 31 7 65 40 2 1 0 39 86 0 2 28 3 0 0 88 59 0 0 11 9 0 3 126 46 0 0 4 4 0 11 126 46 3 1 17 6 0 0 36 83;
<CIRCLE 184 115 2.12132 0 4.89629e-05>; 28 56 71 120 21 2 0 1 101 132 25 74 19 1 0 5 106 132 0 0 0 4 6 4 3 2 0 0 1 7 16 0 4 8 26 41 18 57 22 8 107 76 6 16 2 11 23 52 132 109 0 0 0 0 0 58 22 5 2 5 2 1 0 1 3 0 0 0 1 115 132 53 24 0 0 0 0 45 132 132 108 2 3 2 0 0 17 132 8 1 14 8 0 0 0 2 0 0 0 1 0 15 56 15 0 0 1 3 0 9 78 26 1 0 4 7 0 0 7 19 0 1 7 5 0 0 0 0;
<CIRCLE 255 104 1.5 0 4.89509e-05>; 0 0 0 0 0 18 107 13 0 0 0 0 37 119 55 1 65 44 0 0 48 111 3 8 113 87 0 0 0 1 1 10 0 0 20 16 0 2 3 0 0 1 64 26 63 47 2 0 35 3 13 8 113 119 8 33 119 6 0 0 0 6 4 63 0 0 56 119 18 0 0 0 6 39 119 93 6 1 0 6 35 119 67 10 20 18 11 27 77 28 0 0 0 2 5 56 3 0 4 100 108 6 0 6 14 12 15 26 4 0 0 35 67 88 15 15 2 0 0 8 119 53 0 0 0 0 0 5;
<CIRCLE 331 78 3.56762 0 4.83525e-05>; 0 16 38 2 1 0 3 0 0 0 46 10 2 1 0 0 0 9 33 2 0 3 4 0 0 4 2 0 0 1 6 0 1 103 169 5 0 0 20 9 11 33 169 32 0 0 29 19 107 104 124 3 0 0 5 52 20 9 3 0 0 0 10 22 2 23 64 0 0 1 169 90 11 12 74 3 0 4 169 108 90 20 23 1 0 0 64 169 13 2 37 7 0 0 3 10 0 0 23 9 0 1 60 13 0 0 25 16 0 3 50 6 0 0 35 10 0 0 7 7 0 0 39 3 0 0 0 0;
<CIRCLE 75 74 1.78381 0 4.71016e-05>; 0 0 0 1 6 3 1 0 0 0 0 1 141 72 0 0 0 0 0 0 141 73 0 0 0 0 0 0 34 19 0 0 0 0 50 20 6 0 0 0 0 0 57 49 141 36 0 0 0 0 6 29 141 108 0 0 0 0 0 2 30 33 4 0 0 5 141 55 0 0 0 2 0 1 141 121 15 0 10 7 0 0 63 92 82 24 19 4 0 0 5 3 23 29 40 5 2 7 65 5 0 10 141 32 1 2 26 12 9 25 118 46 0 0 16 73 31 17 40 8 0 1 77 65 1 2 12 2;
<CIRCLE 96 48 1.5 0 4.69018e-05>; 0 54 22 0 0 0 0 0 0 8 27 1 0 0 0 0 0 8 11 0 0 0 0 0 2 4 2 0 0 0 0 0 5 147 147 13 3 0 3 4 15 95 147 14 0 0 0 0 68 121 59 0 0 0 0 0 11 5 2 2 0 0 0 0 3 15 59 42 83 19 12 8 147 88 113 26 21 6 2 5 147 147 13 0 0 0 0 1 15 30 5 2 0 0 0 0 0 11 66 29 32 5 0 0 35 55 7 11 15 3 1 1 40 147 36 0 0 0 0 1 2 147 29 0 0 0 0 0;
<CIRCLE 179 60 1.06066 0 4.53941e-05>; 0 0 0 1 2 1 0 0 1 3 10 5 1 1 0 0 1 6 17 2 0 0 0 0 0 0 3 1 1 1 0 0 0 1 7 15 11 0 0 0 0 9 86 100 54 5 0 0 5 133 133 24 8 1 0 0 10 59 6 0 0 0 0 0 0 1 12 9 22 4 0 0 0 4 23 43 133 126 0 0 8 133 58 14 104 88 0 0 20 133 12 0 2 0 0 0 0 0 133 24 1 0 0 0 0 0 133 107 52 38 0 0 3 44 30 102 133 46 0 0 17 133 41 6 11 0 0 5;
<CIRCLE 87 98 2.52269 0 4.43606e-05>; 0 0 4 54 142 52 23 1 0 0 45 70 17 26 12 0 0 0 40 25 0 5 6 0 3 2 10 6 0 1 2 1 0 0 0 3 85 151 91 0 0 0 0 2 37 151 95 1 0 0 0 0 2 40 151 18 0 0 0 0 0 6 151 24 0 0 0 1 5 33 17 3 0 0 0 0 16 151 139 5 0 0 0 0 0 40 151 60 0 0 0 0 0 0 151 66 0 0 0 0 0 0 27 12 0 0 0 0 0 7 38 11 0 0 0 0 0 5 36 7 0 0 1 0 0 2 10 3;
<CIRCLE 180 64 3.56762 0 4.33982e-05>; 0 0 9 2 0 0 0 0 0 0 7 12 2 0 0 0 0 2 6 3 3 1 0 0 0 0 2 1 2 5 2 0 0 2 105 13 0 0 0 0 0 9 107 103 0 0 0 0 2 81 118 27 0 0 0 0 0 8 96 24 0 0 0 0 14 19 136 19 0 0 1 30 8 14 136 77 1 3 21 26 18 55 136 62 0 1 11 12 1 9 136 104 0 0 0 0 11 14 136 25 0 0 2 28 3 4 136 71 0 0 4 10 0 13 136 81 0 0 2 0 0 3 129 77 0 0 0 0;
<CIRCLE 81 94 1.26134 0 4.33237e-05>; 0 0 0 63 139 16 5 0 0 0 8 44 60 2 6 0 0 0 5 7 4 2 2 0 0 0 1 1 1 1 0 0 0 0 0 30 139 94 80 1 0 0 0 5 27 78 139 10 0 0 0 0 22 124 56 1 0 0 0 0 3 6 5 6 0 0 0 0 12 58 105 2 0 0 0 0 32 112 139 5 0 0 0 0 139 139 21 0 0 0 0 0 14 53 17 13 0 0 0 0 2 2 1 1 0 0 0 0 13 22 2 0 0 0 0 0 41 139 24 0 0 0 0 0 2 130 139 4;
<CIRCLE 251 95 2.12132 0 4.29461e-05>; 2 1 6 0 0 0 2 1 0 0 2 4 2 1 8 1 0 0 0 1 3 3 14 7 0 0 0 0 0 0 47 20 0 0 0 0 0 0 138 27 0 0 0 0 0 21 138 54 18 1 0 0 0 89 138 58 64 10 0 0 0 3 134 138 0 0 1 0 0 0 138 29 0 0 5 6 3 42 138 26 21 4 4 8 60 138 72 11 138 48 0 0 11 30 12 40 0 0 2 12 4 0 4 0 0 0 55 122 13 2 3 0 5 27 112 66 40 28 3 5 85 22 5 2 9 12 5 50;
<CIRCLE 250 108 2.12132 0 4.26851e-05>; 0 0 1 0 0 0 122 18 0 0 5 6 0 14 122 16 4 0 7 12 47 122 55 4 108 27 0 1 19 42 8 28 0 0 2 9 5 0 3 0 0 0 47 122 27 0 2 0 3 34 122 114 32 17 1 1 88 49 18 6 14 14 6 50 0 0 2 14 38 2 0 0 0 0 8 122 122 41 1 0 19 49 45 48 26 15 7 9 122 91 5 0 0 0 0 31 0 0 2 4 16 7 0 0 0 0 0 1 76 122 25 0 5 1 0 0 7 77 122 51 62 1 0 0 0 0 28 122;
<CIRCLE 59 81 1.78381 0 4.21997e-05>; 0 0 0 3 2 1 0 0 0 0 15 27 1 1 0 0 0 0 85 52 4 0 0 0 0 0 116 34 2 0 0 0 0 0 7 12 9 0 0 0 0 0 38 155 110 29 2 0 0 0 155 155 35 39 32 0 1 10 155 43 0 2 36 13 0 0 4 5 8 3 0 0 0 0 1 19 95 145 40 0 0 0 19 23 30 155 155 1 1 3 19 0 0 30 155 30 0 0 3 4 0 0 0 0 0 1 2 1 1 11 8 0 0 0 0 0 2 20 54 0 0 0 0 0 4 27 53 0;
<CIRCLE 251 94 0.891905 0 4.12346e-05>; 0 0 1 2 0 0 3 4 0 0 0 1 0 2 36 16 0 0 0 0 0 14 43 3 0 0 0 0 0 3 13 8 0 0 0 0 0 1 129 80 0 0 0 0 0 17 138 138 0 0 0 0 0 138 117 10 7 0 0 0 0 64 28 18 0 0 0 0 0 7 138 84 0 0 0 0 0 55 138 67 0 0 0 0 1 138 115 3 6 0 0 0 12 138 30 3 0 0 1 0 0 17 62 4 0 0 0 0 0 31 72 3 0 0 0 0 15 92 65 3 0 0 0 0 91 138 4 0;
<CIRCLE 249 115 1.78381 0 3.95486e-05>; 0 0 1 8 8 0 0 0 0 0 18 139 79 0 0 0 6 23 139 139 16 0 0 6 39 116 59 9 6 4 2 12 0 0 3 10 39 2 0 0 0 0 0 80 139 81 0 0 19 11 9 42 62 43 9 19 101 55 11 15 0 0 4 52 0 0 3 5 14 5 0 0 0 0 0 0 90 139 23 0 1 3 2 1 14 139 139 18 32 0 1 2 0 3 126 139 0 1 6 1 0 0 0 0 0 0 4 2 1 22 9 0 0 0 2 2 0 35 87 4 0 0 2 1 0 1 50 30;
<CIRCLE 180 65 1.06066 0 3.84228e-05>; 0 0 3 17 36 7 0 0 0 31 54 47 88 51 0 0 10 125 37 3 11 9 0 0 5 70 4 0 0 0 0 0 0 0 60 18 13 10 0 0 0 4 40 61 125 107 0 0 12 125 15 28 100 37 0 0 13 125 69 1 0 0 0 0 0 0 125 61 0 0 3 0 0 0 125 125 23 1 17 2 5 27 17 74 41 2 29 29 7 73 43 1 0 0 26 65 0 1 33 9 0 0 83 37 0 0 13 11 0 4 125 28 0 0 1 2 0 5 124 69 2 0 4 1 0 0 43 106;
<CIRCLE 299 78 7.13524 0 3.69681e-05>; 0 10 105 3 0 3 34 2 0 21 66 2 1 28 26 0 0 10 14 0 0 19 57 0 0 0 4 0 0 7 59 0 1 48 143 21 0 0 13 9 3 143 143 0 0 0 25 17 5 129 143 0 0 0 28 22 20 44 87 1 0 2 14 14 8 8 23 6 0 1 143 123 3 24 27 1 0 0 143 107 6 30 33 3 0 0 143 97 21 15 20 3 0 0 59 50 55 6 4 3 2 2 38 48 1 1 18 14 0 0 42 11 0 0 19 16 0 0 15 3 0 0 16 11 0 0 2 0;
<CIRCLE 86 99 1.5 0 3.51984e-05>; 0 0 0 3 24 93 155 0 0 0 0 0 25 109 29 1 0 0 0 0 1 4 17 7 0 0 0 0 0 8 17 0 0 0 0 0 43 133 97 0 0 0 0 0 108 155 37 1 0 0 0 0 3 58 130 24 0 0 0 0 0 6 145 25 0 0 0 0 9 30 3 1 0 0 0 0 13 155 105 1 0 0 0 0 0 78 155 33 0 0 0 0 0 0 155 75 1 0 0 0 0 0 10 14 0 0 0 0 0 6 43 6 0 0 0 0 0 3 54 14 2 0 0 0 0 0 26 11;
<CIRCLE 251 93 0.891905 0 3.25909e-05>; 0 0 0 2 0 0 0 0 0 0 0 3 1 1 11 3 0 0 0 1 0 3 15 1 0 0 0 0 0 1 7 3 0 0 0 1 0 1 52 43 0 0 0 0 0 8 135 97 0 0 0 0 0 97 117 9 3 0 0 0 0 30 26 19 0 0 0 0 0 1 135 112 0 0 0 0 0 42 135 129 0 0 0 0 1 135 103 6 9 0 0 0 2 135 33 8 0 0 0 0 0 18 135 20 0 0 0 0 0 47 121 8 0 0 0 0 6 135 102 3 1 0 0 0 55 135 13 0;
<CIRCLE 307 78 6 0 3.1469e-05>; 0 24 112 2 1 8 6 0 0 33 45 0 1 20 20 0 0 6 13 0 0 6 55 2 0 0 5 0 0 9 40 0 1 103 147 0 0 0 12 7 3 147 147 0 0 0 25 15 4 97 147 2 0 0 29 19 29 43 93 2 0 1 10 18 2 16 20 0 0 0 147 88 3 23 42 1 0 0 147 114 5 25 47 3 0 0 147 87 29 13 24 3 0 0 61 62 5 1 9 6 0 0 63 19 0 0 16 15 0 0 41 10 0 0 21 15 0 0 14 3 0 0 17 9 0 0 2 0;
<CIRCLE 181 64 3 0 2.93243e-05>; 0 0 8 4 0 0 0 0 0 1 11 12 1 0 0 0 0 4 7 2 2 0 0 0 0 0 2 2 2 1 0 0 0 0 89 18 1 0 0 0 0 23 93 123 16 0 0 0 3 115 111 23 1 0 0 0 0 7 92 22 0 0 0 0 7 12 128 23 0 0 12 48 3 11 114 98 7 4 59 31 24 65 98 43 1 1 23 46 4 9 128 82 0 0 0 2 7 10 128 22 0 0 15 66 0 1 128 86 0 1 26 16 0 17 128 100 0 0 6 4 0 5 127 111 2 0 0 0;
<CIRCLE 326 83 1.06066 0 2.76755e-05>; 0 1 105 6 0 0 9 1 0 6 133 2 0 0 12 2 0 4 132 2 0 0 16 5 1 16 94 0 0 0 22 18 0 0 8 0 0 3 143 28 0 1 8 0 0 43 143 14 0 0 7 0 0 7 143 108 0 1 4 0 0 0 143 128 0 0 0 0 0 9 143 19 0 0 0 0 1 84 143 8 1 0 0 0 0 17 143 105 1 0 3 0 0 0 88 49 0 0 2 3 1 0 3 0 0 0 1 5 4 7 7 0 0 0 1 3 1 3 9 3 0 1 6 0 0 0 0 0;
<CIRCLE 94 50 2.52269 0 2.74602e-05>; 0 129 109 0 0 0 0 0 0 63 45 0 0 0 0 0 0 13 21 0 0 0 0 0 0 2 2 2 0 0 0 0 33 137 86 5 3 1 1 26 21 137 137 23 12 0 0 7 90 137 107 2 0 0 0 0 11 17 5 3 0 0 0 0 32 29 51 11 12 4 1 21 27 60 91 57 33 0 0 5 116 137 25 4 2 0 0 6 10 137 32 1 0 0 0 1 0 4 13 5 42 17 0 0 22 27 19 3 7 4 0 5 71 82 13 5 1 0 2 49 9 137 73 24 5 0 1 10;
<CIRCLE 237 74 3 0 2.63965e-05>; 0 2 140 40 0 0 0 0 2 10 140 12 0 0 0 3 7 49 140 23 0 0 0 6 0 13 99 105 2 0 0 0 39 35 92 31 0 0 3 6 26 41 83 9 0 1 12 65 21 35 71 32 15 12 35 78 0 2 28 140 58 8 3 0 31 64 56 16 2 1 0 1 13 98 140 22 7 1 1 9 6 47 140 70 4 1 4 9 0 0 81 138 13 1 0 0 14 14 6 4 2 1 33 5 1 4 14 12 15 3 59 6 2 4 24 3 0 0 79 13 0 0 5 6 1 8 73 12;
<CIRCLE 171 113 1.26134 0 2.59339e-05>; 1 9 20 6 29 64 25 0 46 60 11 3 8 3 2 10 51 85 90 71 1 0 0 3 0 2 46 119 4 0 2 1 0 1 0 0 119 119 18 1 16 29 3 0 24 27 31 76 7 12 23 27 59 54 20 31 8 0 6 20 14 8 4 10 0 0 1 17 119 52 2 0 41 74 15 21 46 16 10 32 43 40 0 0 66 119 17 25 8 3 0 0 17 79 13 1 0 0 0 4 119 109 15 0 33 9 2 3 26 58 103 93 51 5 0 0 1 76 49 119 0 0 0 0 0 119 106 2;
<CIRCLE 260 99 2.12132 0 2.55537e-05>; 0 0 0 0 0 17 79 12 17 0 0 0 0 11 65 90 9 0 0 0 0 0 123 87 0 0 0 0 0 0 123 36 0 0 0 0 8 113 123 16 110 25 0 0 21 123 46 66 123 49 0 0 0 0 89 64 2 2 6 1 0 0 103 12 0 1 62 63 25 36 16 0 56 18 33 21 67 85 11 37 123 18 1 0 0 3 3 53 5 1 6 3 0 0 0 0 1 12 70 110 29 1 0 0 69 109 46 9 2 1 1 10 107 33 0 0 0 0 0 18 1 0 0 2 3 0 0 0;
<CIRCLE 260 99 1.06066 0 2.55537e-05>; 26 2 0 0 4 91 18 12 128 76 0 0 0 3 6 58 63 72 2 0 0 0 51 44 0 3 6 0 0 0 54 5 5 2 0 0 87 128 7 1 106 128 0 0 18 39 0 9 128 128 1 0 0 0 0 8 24 15 5 1 0 0 0 0 0 0 0 0 128 128 0 0 90 7 0 0 57 80 1 47 128 17 0 0 0 0 0 69 38 5 4 1 0 0 0 4 0 9 58 16 72 40 1 0 40 2 3 1 43 64 31 61 128 0 0 0 0 0 5 77 18 1 0 0 0 0 0 3;
<CIRCLE 259 104 1.26134 0 2.51953e-05>; 0 0 0 0 63 124 20 0 34 30 0 0 79 124 0 9 124 114 0 0 0 2 0 30 39 15 4 0 0 0 0 2 0 1 52 14 64 37 0 0 27 0 10 6 124 124 12 28 124 1 0 0 2 12 10 102 48 2 2 1 0 0 0 7 7 47 124 47 6 1 0 4 25 124 71 8 34 29 20 28 94 34 0 0 0 5 16 110 15 0 0 0 0 1 0 9 15 13 19 13 1 0 0 42 48 122 27 19 5 0 0 6 124 110 3 0 0 0 0 4 12 2 0 0 2 2 0 1;
<CIRCLE 308 78 6 0 2.50649e-05>; 0 26 109 2 1 9 6 0 0 33 42 0 0 20 23 0 0 5 13 0 0 6 56 2 0 0 5 0 0 9 41 0 1 108 148 0 0 0 12 8 3 148 148 0 0 0 26 17 5 91 148 3 0 0 29 19 32 44 85 2 0 1 9 19 2 17 21 0 0 0 148 88 4 25 43 1 0 0 148 117 5 25 48 3 0 0 148 85 32 13 23 3 0 0 54 61 4 0 9 7 0 0 63 18 0 0 17 16 0 0 40 10 0 0 22 15 0 0 13 3 0 0 18 9 0 0 2 0;
<CIRCLE 90 48 2.52269 0 2.49736e-05>; 0 81 131 1 0 0 0 0 0 66 47 0 0 0 0 0 0 11 13 0 0 0 0 0 0 3 3 0 0 0 0 0 6 114 134 23 17 2 0 6 20 134 134 5 2 0 0 14 20 134 134 6 1 0 0 0 28 57 18 0 0 0 0 0 22 12 8 5 50 21 2 16 43 60 91 36 23 0 1 33 92 134 99 36 23 0 0 0 75 134 16 0 0 0 0 0 1 2 5 3 83 32 0 0 4 23 52 13 22 8 0 0 38 60 16 6 1 0 0 16 36 134 24 6 2 0 2 29;
<CIRCLE 100 59 2.52269 0 2.42764e-05>; 18 105 122 24 15 0 0 11 104 143 109 7 3 0 0 0 30 60 6 2 0 0 0 0 0 0 3 6 0 0 0 0 11 33 80 37 19 0 0 3 90 143 21 9 5 0 0 17 25 143 60 1 0 0 0 9 0 75 41 4 0 0 0 0 19 20 8 1 15 11 2 5 105 62 20 3 1 0 1 51 26 143 106 66 13 1 3 25 0 143 143 8 0 0 0 0 4 0 2 2 10 15 18 8 13 29 38 10 0 2 23 4 4 22 66 36 1 1 4 1 9 67 36 4 0 0 0 2;
<CIRCLE 225 75 1.78381 0 2.27151e-05>; 1 4 126 126 12 7 1 0 24 38 126 74 1 0 1 8 6 8 50 24 4 4 13 9 2 1 40 2 0 0 15 22 35 27 126 75 0 0 3 3 126 84 41 9 0 2 11 68 37 28 42 78 34 36 43 47 56 85 28 17 5 2 24 75 16 17 5 14 7 7 11 4 92 126 92 10 1 0 0 5 12 58 126 126 17 5 1 3 20 126 126 32 4 1 0 3 3 3 14 21 2 0 0 0 47 23 9 2 0 0 1 14 13 6 14 13 16 29 9 12 0 8 23 7 25 17 0 0;
<CIRCLE 235 75 1.5 0 2.22253e-05>; 1 2 4 4 4 5 12 6 2 1 4 0 0 0 24 22 23 1 1 0 0 0 29 109 19 1 1 0 0 8 40 47 6 15 23 61 39 28 25 14 69 92 23 11 2 0 30 68 27 45 60 0 0 0 71 153 4 7 77 25 3 32 101 42 1 21 98 133 17 2 0 0 28 153 147 20 2 0 0 4 12 135 153 1 0 0 1 12 1 22 153 82 1 0 1 1 1 1 8 8 13 21 4 3 0 15 29 3 13 12 0 0 4 15 77 2 0 0 0 1 3 6 60 9 0 0 0 1;
<CIRCLE 101 60 3 0 2.21483e-05>; 21 142 119 15 1 0 0 3 57 142 101 5 0 0 0 0 16 53 7 4 0 0 0 0 0 2 4 4 0 0 0 0 16 36 81 32 7 1 0 2 100 142 25 11 0 0 0 9 24 142 79 3 0 0 0 2 1 72 44 1 0 0 0 0 16 10 7 2 22 21 3 4 96 71 39 9 0 0 1 18 17 142 142 46 0 0 0 4 1 142 142 0 0 0 0 0 1 0 5 4 9 26 33 1 2 13 32 23 3 10 30 1 7 26 47 18 1 1 1 2 30 57 26 0 0 0 0 21;
<CIRCLE 182 104 0.891905 0 2.17389e-05>; 0 0 0 1 136 29 0 0 120 0 0 0 43 11 0 39 136 0 0 0 0 0 0 68 20 0 0 0 0 3 9 12 0 2 0 70 136 1 0 0 136 26 0 8 35 2 0 37 136 25 0 0 0 0 0 48 11 3 0 0 0 0 0 5 0 7 8 136 55 0 0 0 94 136 2 19 8 0 0 1 91 136 0 0 0 0 0 2 15 52 0 0 0 0 1 3 0 1 9 62 0 0 4 1 9 71 1 2 0 1 2 0 43 136 0 0 0 0 0 0 58 136 0 0 0 0 0 0;
<CIRCLE 240 74 3 0 2.12478e-05>; 0 2 136 22 0 0 0 0 5 25 136 8 0 0 0 5 4 39 136 58 1 0 0 3 0 17 122 101 2 0 0 0 26 25 77 18 0 1 6 11 31 50 75 5 0 1 20 97 10 20 61 76 40 18 28 37 0 3 26 136 45 2 0 0 19 52 81 25 4 1 0 2 14 108 136 15 4 0 1 12 1 14 136 128 10 2 3 3 0 1 48 107 9 0 0 0 8 10 8 8 8 2 36 5 2 5 19 7 9 1 66 8 1 2 19 5 0 1 86 14 1 0 2 4 1 10 66 24;
<CIRCLE 134 69 1.26134 0 1.9875e-05>; 0 3 30 4 0 0 0 0 0 3 41 8 0 0 0 0 1 7 11 1 0 0 0 1 0 2 2 0 0 0 0 1 0 24 152 22 0 0 0 0 14 84 152 28 0 0 2 2 52 152 92 2 0 0 0 2 3 11 78 22 1 0 0 1 1 8 106 8 1 3 69 7 40 45 101 8 0 2 79 31 77 152 152 8 0 0 3 13 0 11 152 76 0 0 0 0 2 15 50 0 0 0 9 3 1 19 62 6 0 0 7 2 1 8 110 50 0 0 0 0 0 0 93 109 0 0 0 0;
<CIRCLE 190 81 1.26134 0 1.88859e-05>; 0 1 125 60 1 0 0 0 0 1 125 94 0 3 0 0 0 0 125 125 2 15 1 0 0 0 125 95 0 2 4 0 14 21 125 76 0 0 0 0 100 59 122 33 0 17 20 32 8 11 43 79 47 125 37 15 2 4 32 18 9 28 56 6 19 40 25 2 0 0 0 0 58 108 122 13 0 1 0 3 4 25 125 115 25 11 0 2 2 18 82 18 5 2 3 1 0 7 13 0 0 0 0 2 0 5 41 3 0 0 0 0 1 2 35 7 0 0 0 0 4 5 17 1 0 0 0 2;
<CIRCLE 281 61 1.78381 0 1.86866e-05>; 0 0 28 5 0 0 0 0 0 1 35 4 0 0 0 0 0 4 17 2 2 1 0 0 0 0 3 0 3 8 0 0 2 37 121 57 0 0 0 0 3 59 121 63 1 0 0 0 9 121 121 15 0 0 0 0 0 31 103 13 0 1 0 0 13 93 121 58 9 0 0 0 24 91 121 121 10 0 0 0 79 121 93 25 2 0 0 0 3 50 121 44 2 0 0 0 0 39 58 69 21 0 0 0 8 120 78 10 0 0 0 0 16 103 82 1 0 0 0 0 0 69 77 2 0 0 0 0;
<CIRCLE 243 72 4.24264 0 1.86733e-05>; 0 0 101 10 0 0 3 0 0 5 123 7 0 0 3 0 0 4 119 34 0 0 3 0 0 16 119 4 0 0 2 0 2 26 123 31 0 0 0 0 21 48 123 11 1 0 0 5 2 10 116 123 12 0 0 1 0 42 123 37 0 0 0 0 2 59 55 6 0 0 1 0 11 54 123 20 1 0 5 3 1 3 85 123 7 0 11 2 0 11 54 25 0 0 23 10 1 4 5 1 0 0 123 16 0 2 19 2 0 1 123 22 0 0 9 6 1 17 123 25 8 0 1 0 0 4 123 93;
<CIRCLE 277 65 1.5 0 1.79418e-05>; 0 6 111 68 0 0 0 0 8 59 111 34 0 0 0 0 2 40 111 60 5 0 0 0 5 89 78 5 0 0 0 0 1 17 111 97 9 1 0 0 75 111 90 47 6 0 0 0 32 47 66 111 51 0 0 5 89 111 51 12 3 0 0 7 7 19 30 73 74 7 3 2 9 111 111 39 19 0 0 0 26 93 94 40 6 0 0 6 35 57 96 2 0 0 0 7 1 10 37 96 15 0 0 0 6 49 12 22 5 0 0 0 15 87 14 0 0 0 0 0 18 42 26 0 0 0 0 0;
<CIRCLE 101 59 2.12132 0 1.79112e-05>; 27 75 108 34 20 0 0 1 143 147 32 0 0 0 0 0 17 62 7 2 0 0 0 0 0 0 3 5 0 0 0 0 15 43 39 26 12 0 0 1 69 147 17 0 0 0 0 21 13 147 65 0 0 0 0 5 0 82 45 3 0 0 0 0 38 23 4 0 1 1 0 8 110 59 15 5 2 0 3 73 15 145 97 61 14 1 3 18 0 147 147 6 0 0 0 0 13 4 4 2 1 3 5 11 21 54 63 10 0 0 4 2 3 19 76 56 3 0 1 1 6 77 39 6 0 0 0 0;
<CIRCLE 256 67 6 0 1.77231e-05>; 0 0 12 0 0 3 44 3 0 0 20 3 0 6 58 1 0 1 22 0 0 2 59 6 0 0 9 1 1 16 30 1 0 18 133 15 0 0 2 0 0 14 133 64 0 0 2 0 0 33 133 18 0 0 2 0 0 51 133 1 0 2 0 0 1 58 112 8 0 0 12 1 0 20 115 109 0 0 24 4 0 23 133 31 0 0 50 23 2 59 102 0 0 0 61 24 0 4 11 0 0 1 133 18 3 2 14 14 7 16 133 28 18 2 2 2 0 3 133 108 1 1 1 0 0 0 133 46;
<CIRCLE 234 76 1.26134 0 1.67793e-05>; 0 2 1 2 7 19 24 9 10 7 2 0 0 0 29 29 5 0 0 0 0 0 62 112 6 0 0 0 0 7 59 109 1 10 41 110 63 21 12 5 81 140 42 22 4 0 6 29 42 95 107 0 0 0 44 128 10 30 140 6 0 5 38 69 0 5 80 110 11 3 0 0 13 140 94 20 3 2 0 0 6 123 140 1 0 0 0 0 0 55 140 18 0 0 0 0 0 0 2 3 15 18 4 1 1 8 8 1 12 16 0 0 1 8 34 4 1 0 0 0 3 9 34 2 0 0 0 2;
<CIRCLE 247 74 1.78381 0 1.6344e-05>; 42 18 21 0 0 0 8 49 17 24 30 10 4 6 11 8 0 1 36 105 33 4 0 0 0 0 15 112 23 0 0 0 13 12 27 5 0 8 80 133 0 0 37 53 20 66 93 8 0 0 15 135 141 35 7 0 0 0 29 103 34 0 0 0 9 66 146 27 0 1 7 16 0 1 146 146 6 10 7 0 0 0 124 146 29 2 0 0 0 0 53 67 2 0 0 0 3 14 91 4 0 0 0 1 0 1 77 22 0 0 0 0 0 0 24 24 6 0 0 0 0 0 8 6 3 0 0 0;
<CIRCLE 76 75 1.5 0 1.59764e-05>; 0 0 2 4 11 2 0 0 0 0 0 2 138 85 0 0 0 0 0 0 138 73 0 0 0 0 0 1 16 12 1 0 0 0 100 29 3 0 0 0 0 0 98 80 138 43 0 0 0 0 10 39 138 108 5 0 0 0 0 4 24 23 14 0 2 7 138 66 0 0 1 2 0 3 138 123 14 1 27 14 0 3 54 71 50 18 32 8 0 0 4 5 21 18 52 9 11 10 35 5 0 10 129 49 0 1 9 13 10 17 99 59 0 0 16 71 23 15 44 9 0 1 77 59 1 0 15 4;
<CIRCLE 258 65 4.24264 0 1.59743e-05>; 0 0 24 5 0 1 23 2 0 3 45 7 0 4 33 0 0 4 43 1 0 1 30 3 0 0 24 2 2 5 12 0 3 22 141 21 0 0 0 1 0 14 141 96 2 0 0 0 0 61 141 13 0 0 0 0 0 38 141 4 0 0 0 0 23 47 103 38 4 0 0 6 0 8 90 141 18 0 0 0 0 52 141 33 0 0 0 0 0 74 141 8 0 0 0 1 0 17 90 18 0 0 50 5 0 0 43 55 0 2 73 19 0 4 29 5 0 0 126 58 2 15 13 0 0 0 141 48;
<CIRCLE 276 65 1.26134 0 1.42677e-05>; 0 3 111 100 0 0 0 0 20 65 111 51 0 0 0 0 21 58 94 78 22 0 0 0 5 90 111 35 7 0 0 0 0 9 92 95 10 3 0 0 98 88 70 29 1 0 0 9 66 34 43 111 77 0 0 6 66 63 27 49 33 0 0 23 7 12 21 58 98 24 4 8 14 111 103 31 32 1 0 0 19 77 111 62 7 0 0 2 45 51 46 13 4 0 0 28 2 11 31 111 35 0 0 0 7 39 13 29 13 0 0 0 19 69 17 0 0 0 0 0 16 41 37 4 0 0 0 1;
<CIRCLE 260 63 3 0 1.40461e-05>; 0 4 27 23 0 0 3 0 0 18 55 7 0 0 6 0 0 4 41 7 0 0 3 0 0 0 26 5 0 0 0 0 0 22 136 107 0 0 0 0 0 55 136 87 0 0 0 0 0 109 136 17 0 0 0 0 0 23 136 26 0 0 0 0 4 13 46 87 38 9 9 8 1 29 71 136 27 0 0 0 7 136 124 37 0 0 0 0 0 45 136 59 0 0 0 0 0 1 98 124 22 4 3 2 0 10 43 95 10 0 0 0 0 36 75 16 0 0 0 0 0 27 44 22 0 0 0 0;
<CIRCLE 309 78 6 0 1.36891e-05>; 0 27 105 2 2 10 6 0 0 32 39 0 0 20 25 0 0 5 13 1 0 6 58 2 0 0 5 0 0 9 41 0 1 112 149 0 0 0 13 8 3 149 149 0 0 0 27 18 5 85 149 3 0 0 30 19 34 45 77 2 0 1 8 19 2 17 22 0 0 0 149 88 4 26 43 1 0 0 149 121 6 24 49 3 0 0 149 84 34 13 23 3 0 0 47 61 2 0 10 7 0 0 63 17 0 0 17 16 0 0 38 10 0 0 22 15 0 0 12 2 0 0 19 9 0 0 2 0;
<CIRCLE 100 65 2.12132 0 1.32209e-05>; 9 31 53 30 14 0 0 0 70 147 15 2 1 0 0 17 21 147 54 0 0 0 0 8 0 102 49 3 0 0 0 0 35 30 7 0 4 3 0 6 141 66 13 2 0 0 2 82 34 147 94 69 18 1 6 39 0 147 147 17 1 0 0 0 17 3 5 3 5 11 10 20 41 78 77 11 0 0 6 6 6 38 139 86 5 0 2 2 9 102 59 20 0 0 0 0 0 0 7 8 5 7 77 7 0 1 18 32 5 11 73 2 3 6 35 30 3 4 12 3 12 20 27 2 0 0 0 14;
<CIRCLE 208 74 1.5 0 1.32023e-05>; 0 0 87 16 1 9 10 0 0 1 107 27 2 19 17 0 0 1 135 64 3 19 45 0 0 0 103 108 11 17 18 0 1 10 135 62 0 0 0 0 3 8 135 129 12 16 1 0 0 0 135 135 12 19 1 0 2 2 135 102 0 1 1 2 22 35 85 33 0 2 18 8 33 87 44 19 16 67 6 1 0 7 27 26 39 135 11 0 1 0 5 4 5 19 21 7 5 9 25 13 15 12 31 7 2 47 65 24 19 5 1 0 0 15 79 25 17 14 0 0 0 0 16 17 6 6 3 0;
<CIRCLE 220 72 3 0 1.30912e-05>; 0 0 90 42 0 0 0 0 0 0 136 73 0 0 0 0 0 2 136 39 0 0 0 0 0 7 136 8 0 0 0 0 0 0 136 133 1 0 0 0 7 12 136 136 1 0 0 0 32 27 136 50 0 0 3 7 15 18 106 6 0 0 8 44 0 9 119 77 19 2 0 0 19 33 71 60 19 7 0 0 52 90 79 22 1 1 1 4 16 87 125 17 2 0 3 18 0 1 32 18 2 1 7 0 5 7 16 13 3 1 11 1 19 24 15 7 4 1 11 3 1 9 30 10 13 2 15 2;
<CIRCLE 99 64 1.06066 0 1.30512e-05>; 7 2 2 4 4 0 0 2 36 8 0 0 0 0 15 114 15 64 5 1 0 15 100 129 3 129 39 3 5 38 25 9 41 3 2 2 0 1 0 9 129 36 0 0 3 0 4 129 39 22 13 28 21 29 45 103 0 15 10 40 89 61 13 2 29 7 0 0 0 4 6 9 129 129 28 1 3 2 1 5 20 129 129 44 14 18 4 3 0 2 61 129 47 3 2 1 2 1 6 13 7 4 4 11 1 44 35 26 11 2 0 0 1 66 129 17 0 0 0 0 0 4 67 50 0 0 0 0;
<CIRCLE 220 71 3 0 1.28294e-05>; 0 0 78 33 0 0 0 0 0 0 133 57 0 0 0 0 0 2 133 32 0 0 0 0 0 6 133 7 0 0 0 0 0 0 133 125 0 0 0 0 4 8 133 133 0 0 0 0 23 19 133 55 0 0 2 5 12 14 133 7 0 0 7 37 0 8 133 87 18 2 0 0 20 33 89 74 17 6 0 0 57 87 76 23 1 0 2 5 19 83 110 16 1 0 4 25 0 2 36 20 3 1 2 0 5 8 17 14 4 2 4 0 19 28 21 8 4 1 4 2 1 14 42 10 12 2 7 1;
<CIRCLE 260 62 3 0 1.26164e-05>; 0 3 20 16 0 1 6 0 0 13 39 5 0 0 10 0 0 2 27 6 0 0 5 0 0 0 17 4 0 0 1 0 0 21 133 105 0 0 0 0 0 58 135 72 0 0 0 0 0 94 135 15 0 0 0 0 0 19 135 23 0 0 0 0 4 16 60 85 31 8 7 7 1 31 97 135 23 0 0 0 7 135 135 36 0 0 0 0 0 45 135 56 0 0 0 0 0 1 87 126 28 6 5 3 0 11 41 105 14 0 0 0 1 44 78 19 0 0 0 0 0 30 51 28 0 0 0 0;
<CIRCLE 275 60 1.26134 0 1.10848e-05>; 0 1 9 2 0 0 0 0 0 1 21 4 0 0 0 0 0 1 21 3 0 0 0 0 0 1 16 1 0 0 0 0 0 14 120 67 0 0 0 0 2 35 120 92 0 0 0 0 8 89 120 44 3 0 0 0 0 47 120 51 3 0 0 0 0 19 120 120 1 0 0 0 52 47 120 97 0 0 0 4 120 83 43 89 52 0 0 7 21 65 70 107 61 0 0 4 8 8 35 29 41 16 5 9 25 102 67 33 36 5 0 1 33 79 120 76 13 0 0 2 35 25 22 46 20 0 1 27;
<CIRCLE 75 87 1.06066 0 1.07469e-05>; 7 4 1 0 0 16 115 51 1 0 0 2 3 15 58 61 0 0 2 51 24 13 31 8 0 0 25 70 11 3 3 0 0 0 0 0 9 100 87 4 0 0 0 6 49 104 71 3 0 0 10 133 133 26 3 0 0 0 58 131 11 0 0 0 0 0 0 0 7 35 29 0 0 0 0 44 133 48 39 0 0 0 0 123 133 11 1 0 0 0 7 31 33 1 3 0 0 0 0 0 14 5 1 0 0 0 0 35 133 34 3 0 0 0 0 39 133 79 84 2 0 0 0 1 9 29 133 5;
<CIRCLE 133 69 1.26134 0 1.07163e-05>; 0 5 30 2 0 0 0 0 0 1 43 9 0 0 0 0 0 7 21 3 0 0 0 0 1 3 1 0 0 0 0 1 0 51 155 11 0 0 0 1 4 34 155 41 0 1 2 1 52 155 155 1 0 0 0 2 11 36 63 16 1 0 0 1 2 17 100 5 1 3 62 15 14 18 119 13 0 3 94 22 96 155 102 2 0 0 16 24 5 39 155 50 0 0 0 0 2 17 53 0 0 0 9 6 2 18 58 3 0 0 9 2 1 13 95 30 0 0 1 1 0 0 97 93 0 0 0 0;
<CIRCLE 106 63 2.12132 0 1.04706e-05>; 71 141 11 2 1 0 0 0 19 141 30 0 0 0 0 0 0 48 23 5 0 0 0 0 2 4 3 1 0 0 0 0 71 67 5 0 0 0 1 53 33 141 66 22 8 1 4 34 0 141 141 8 1 0 0 0 2 120 73 0 0 0 0 0 56 59 38 4 0 0 0 13 10 38 111 93 10 0 1 7 5 141 111 30 1 0 0 0 2 141 141 0 0 0 0 0 0 6 17 8 1 4 32 1 2 9 38 15 1 2 9 3 10 29 24 3 0 0 0 4 25 39 17 0 0 0 0 15;
<CIRCLE 280 60 1.26134 0 1.03711e-05>; 0 0 19 3 0 0 0 0 0 1 21 3 0 0 0 0 0 2 17 2 0 0 0 0 0 1 2 0 0 0 1 0 5 64 120 38 0 0 0 0 4 49 120 80 6 0 0 0 1 120 120 27 1 0 0 0 3 61 61 7 0 0 0 0 91 69 78 32 1 0 0 7 62 44 48 120 100 0 0 3 79 120 88 59 31 0 0 10 75 106 57 21 11 0 0 1 34 107 75 16 8 0 0 2 21 42 101 112 27 0 0 5 80 38 33 20 12 0 1 50 35 43 108 15 0 0 0 4;
<CIRCLE 326 84 2.12132 0 9.9401e-06>; 0 24 145 2 0 0 1 0 0 1 145 16 0 0 3 0 5 24 145 21 0 0 2 5 70 59 42 1 0 0 0 18 0 4 64 0 0 0 145 37 0 1 79 0 0 9 145 19 9 13 47 0 0 2 145 133 64 14 4 0 0 0 43 145 0 0 6 1 0 0 145 25 0 0 6 5 1 17 145 8 0 0 8 4 0 4 116 46 1 0 16 2 0 0 16 27 0 0 15 6 0 0 0 0 0 0 15 12 0 0 0 0 0 0 14 8 0 0 0 0 0 0 13 4 0 0 0 0;
<CIRCLE 281 62 1.78381 0 9.8539e-06>; 0 2 50 8 0 0 0 0 0 4 62 5 0 0 0 0 0 12 33 2 1 1 0 0 0 1 9 0 3 6 0 0 5 51 120 65 0 0 0 0 6 72 120 87 3 0 0 0 20 120 120 20 0 0 0 0 1 38 120 22 0 0 0 0 10 91 110 55 15 0 0 0 24 96 120 105 8 0 0 0 76 120 93 19 1 0 0 0 2 53 120 36 3 0 0 0 0 32 46 71 17 0 0 0 8 120 56 2 0 0 0 0 12 100 66 0 0 0 0 0 1 69 64 2 0 0 0 0;
<CIRCLE 85 53 2.12132 0 9.57883e-06>; 0 31 96 37 42 4 0 0 10 124 124 4 1 0 0 5 8 124 124 2 0 0 0 3 5 69 124 1 0 0 0 0 0 0 3 11 124 41 1 1 62 45 21 2 5 5 3 54 30 80 102 47 33 1 1 28 86 124 109 22 12 0 0 0 0 0 0 0 124 69 0 0 15 23 48 15 29 8 0 4 6 35 116 35 16 1 0 1 33 101 16 12 6 0 0 6 0 0 0 0 124 69 0 0 0 0 1 2 63 26 0 0 10 19 5 1 19 11 1 2 50 19 2 0 0 0 0 17;
<CIRCLE 85 53 1.06066 0 9.57883e-06>; 23 0 2 1 12 19 2 15 75 9 0 0 0 0 42 126 25 66 7 0 9 9 109 111 4 63 122 61 55 11 14 11 34 1 0 0 3 30 14 26 138 30 18 0 0 0 11 101 57 35 100 13 40 21 48 60 0 1 24 49 138 63 6 0 17 9 9 6 11 8 2 8 56 73 138 25 5 0 0 14 8 61 138 25 4 0 0 0 0 25 138 71 53 8 0 0 0 0 1 4 36 11 0 0 0 1 39 29 62 14 0 0 12 42 63 10 9 2 0 0 17 41 28 2 0 0 0 0;
<CIRCLE 185 64 1.26134 0 9.46601e-06>; 1 60 80 29 18 4 0 0 9 82 15 0 0 0 0 0 1 3 1 0 2 2 0 0 1 0 1 2 2 0 0 0 1 86 32 28 123 97 0 0 24 129 30 3 20 6 0 0 2 62 129 5 0 0 0 0 0 1 118 15 0 0 0 0 0 4 84 129 70 17 14 3 17 129 41 27 29 2 23 52 4 77 129 1 0 0 43 64 7 13 106 6 0 0 36 32 0 0 14 14 0 6 129 24 4 1 5 3 0 1 87 129 1 1 23 13 0 0 71 89 0 0 34 21 0 0 32 21;
<CIRCLE 166 72 3 0 8.94379e-06>; 0 2 27 2 0 0 0 0 0 3 50 5 0 0 0 0 0 0 56 28 3 0 0 0 0 25 49 54 6 0 0 0 0 0 142 40 0 0 1 1 3 6 142 37 0 0 5 19 5 10 142 37 1 0 17 41 4 17 55 68 5 2 36 19 17 22 113 13 0 0 17 36 9 13 142 19 0 0 46 95 8 11 142 32 0 0 23 76 0 2 142 83 0 1 23 9 8 29 104 0 0 0 5 8 2 7 142 32 3 11 7 8 0 0 142 37 3 7 5 0 0 5 106 24 0 0 6 0;
<CIRCLE 153 80 2.12132 0 8.30445e-06>; 0 0 144 87 0 0 0 0 0 0 144 55 0 0 0 1 0 0 144 39 0 0 12 5 3 4 144 21 0 0 15 36 5 12 100 55 0 0 0 0 31 22 65 10 0 0 6 56 13 17 77 4 0 0 103 92 4 6 95 16 0 0 82 104 5 43 65 3 0 0 0 0 22 63 144 0 0 0 0 13 10 30 144 7 0 0 5 14 0 2 144 55 1 3 5 3 0 3 19 0 0 7 51 0 2 3 40 0 0 10 29 3 24 4 28 0 0 0 18 32 3 0 10 4 9 29 21 11;
<CIRCLE 89 53 1.06066 0 7.9388e-06>; 40 12 0 0 0 0 53 100 17 79 23 6 25 14 75 68 1 44 137 101 53 8 3 2 37 67 137 35 2 0 0 2 137 29 30 0 0 0 14 71 12 17 83 25 97 36 37 27 0 0 12 57 137 74 4 0 109 24 10 11 16 15 9 20 30 49 137 18 1 0 0 5 1 53 137 33 13 1 0 0 0 14 89 82 73 13 0 0 19 36 4 11 18 5 1 1 0 4 39 20 32 7 0 0 16 51 48 3 1 0 0 0 14 33 22 4 1 0 0 0 1 6 2 4 8 0 0 0;
<CIRCLE 122 77 4.24264 0 7.49999e-06>; 16 135 50 0 0 0 0 0 0 117 89 0 0 0 0 0 0 34 69 0 0 0 0 0 0 8 45 3 0 0 0 0 9 53 65 7 0 0 0 0 29 135 94 0 0 0 0 0 3 97 135 10 0 0 0 0 0 18 135 41 0 0 0 0 7 32 25 13 0 0 13 4 24 54 74 2 0 0 24 5 2 12 135 41 0 1 39 2 0 14 107 30 0 3 29 0 0 3 1 0 0 0 135 41 0 3 9 0 0 0 135 36 0 0 8 2 1 29 135 19 0 0 2 0 0 41 135 11;
<CIRCLE 270 69 1.26134 0 7.35705e-06>; 15 98 83 0 0 0 0 0 3 44 118 51 7 4 2 5 15 38 103 101 18 5 0 1 104 84 53 35 9 0 0 9 49 93 21 0 0 0 0 1 62 64 31 33 46 21 10 32 4 56 49 118 118 27 3 3 13 118 118 25 3 0 0 0 21 79 52 5 0 0 0 0 12 95 118 110 14 0 0 0 5 20 32 118 68 0 0 0 13 68 17 5 1 0 0 0 5 23 50 30 0 0 0 0 0 10 84 54 3 0 0 0 7 18 8 61 12 0 0 0 8 42 10 0 0 0 0 0;
<CIRCLE 285 64 1.06066 0 7.35525e-06>; 0 51 121 71 10 0 0 0 16 121 92 0 0 0 0 0 6 35 85 26 5 0 0 0 0 41 102 10 3 0 0 0 17 44 42 108 72 0 0 7 121 121 33 2 0 0 0 13 44 56 95 44 30 2 0 0 0 28 84 26 53 18 0 0 42 29 18 49 24 0 2 41 119 45 98 16 0 0 0 47 11 73 121 23 1 0 0 0 0 60 95 7 22 14 0 0 29 73 36 3 0 0 0 2 12 40 121 18 0 0 0 1 10 84 61 6 0 0 0 0 1 52 58 4 0 0 0 0;
<CIRCLE 248 74 1.78381 0 7.28271e-06>; 45 22 17 0 0 0 10 46 9 19 39 21 9 8 9 3 0 0 34 131 34 3 0 0 0 4 14 109 28 0 0 0 10 9 31 10 0 16 97 108 0 0 34 70 45 74 75 2 0 0 18 147 141 23 2 0 1 3 28 100 32 0 0 0 5 46 147 51 0 3 9 12 0 0 147 147 12 10 5 0 0 0 98 147 27 1 0 0 0 3 51 56 0 0 0 0 3 12 94 7 0 0 0 1 0 0 69 24 0 0 0 0 0 0 18 23 7 0 0 0 0 0 7 6 3 0 0 0;
<CIRCLE 84 53 1.26134 0 7.02838e-06>; 1 0 10 12 28 24 0 1 47 26 24 1 3 4 13 69 34 134 23 0 3 3 79 103 7 134 134 44 27 6 14 14 3 0 0 0 18 40 5 3 134 16 5 0 1 13 16 93 119 38 85 8 26 15 65 106 0 3 43 59 134 59 16 6 2 0 1 2 15 14 2 1 47 46 93 24 21 4 1 18 22 69 134 30 6 0 0 2 1 36 134 59 47 9 0 0 0 0 0 2 24 12 2 0 0 0 8 13 76 30 0 0 12 24 33 12 31 14 0 0 25 41 14 0 0 0 0 0;
<CIRCLE 86 98 2.12132 0 6.95733e-06>; 0 0 2 44 156 62 21 0 0 0 17 40 15 48 23 0 0 0 12 9 1 8 9 0 0 0 2 1 0 4 5 0 0 0 0 0 49 156 112 0 0 0 0 0 40 156 81 0 0 0 0 0 4 65 131 14 0 0 0 0 0 8 156 19 0 0 0 0 6 34 15 1 0 0 0 0 19 156 102 1 0 0 0 0 0 73 156 41 0 0 0 0 0 0 156 74 0 0 0 0 0 0 19 12 0 0 0 0 0 8 45 12 0 0 0 0 0 5 62 10 0 0 0 0 0 0 26 10;
<CIRCLE 207 74 1.06066 0 6.93445e-06>; 0 6 129 9 0 1 0 0 0 3 129 42 0 1 0 0 0 8 129 66 0 0 4 0 0 0 129 102 0 2 2 0 2 17 129 30 0 0 0 0 4 9 129 114 8 20 2 0 0 0 129 129 15 26 2 0 0 0 129 79 2 4 1 0 40 44 61 15 0 0 1 6 49 80 11 11 8 64 11 2 1 11 8 12 22 129 22 0 0 0 3 2 11 67 14 0 11 10 3 1 6 13 28 10 8 101 42 3 6 6 0 0 0 49 78 19 20 45 1 0 0 0 13 17 28 39 5 0;
<CIRCLE 152 78 3.56762 0 6.61764e-06>; 0 23 66 3 0 0 0 0 0 2 110 21 0 0 0 0 0 2 131 17 0 0 0 0 0 3 114 20 0 0 0 0 0 33 131 47 0 0 0 0 6 17 131 70 0 0 0 2 12 17 131 22 0 0 4 29 17 18 131 11 0 0 3 40 0 4 106 47 0 0 18 0 7 59 101 8 0 2 12 2 10 41 131 11 0 2 7 18 3 5 131 38 2 6 4 7 0 0 5 1 6 31 131 5 0 3 10 0 0 31 131 25 1 4 13 1 7 55 131 24 5 1 6 4 4 34 65 25;
<CIRCLE 250 116 1.78381 0 6.1047e-06>; 0 0 1 21 27 0 0 0 0 0 26 138 115 0 0 1 12 40 123 98 10 0 0 10 71 129 27 4 1 1 1 10 0 0 3 12 72 11 0 0 3 1 0 44 138 138 6 1 16 11 8 20 22 45 31 23 138 36 6 10 0 0 9 103 0 0 2 3 15 13 0 0 0 0 0 0 46 138 52 0 0 1 1 1 2 130 138 43 28 0 0 0 0 0 96 138 0 1 6 1 0 0 0 0 0 1 5 2 0 12 9 0 0 0 3 4 0 13 54 4 0 1 3 1 0 0 18 13;
<CIRCLE 118 74 5.04538 0 6.09529e-06>; 18 133 43 0 0 0 0 0 5 110 41 1 0 0 0 0 0 22 25 0 0 0 0 0 0 5 16 0 0 0 0 0 21 66 35 6 4 5 2 0 15 133 132 1 0 0 0 0 6 126 133 2 0 0 0 0 0 22 133 27 0 0 0 0 1 9 38 37 3 6 13 1 28 67 46 4 0 0 21 6 9 39 133 28 0 0 34 3 0 17 133 37 0 3 27 0 0 1 4 3 0 18 133 27 0 7 8 0 0 0 133 46 0 0 15 3 0 21 133 22 0 1 6 1 0 41 133 13;
<CIRCLE 310 79 5.04538 0 5.97675e-06>; 0 50 103 1 1 3 0 0 0 49 48 0 0 5 17 0 0 7 21 1 0 2 23 2 0 1 12 1 0 7 14 0 0 99 148 2 0 0 14 5 2 148 148 1 0 0 32 20 3 76 148 6 0 0 43 18 33 44 122 5 0 0 15 28 1 10 22 1 0 0 148 73 2 18 35 2 0 0 148 121 3 15 45 3 0 1 148 69 24 9 22 3 0 0 84 71 0 0 9 6 0 0 58 13 0 0 17 13 0 0 32 9 0 0 22 13 0 0 10 2 0 0 16 8 0 0 2 0;
<CIRCLE 239 65 3.56762 0 5.82874e-06>; 0 0 31 2 0 0 11 2 0 0 49 1 0 0 9 4 0 1 45 22 0 1 9 0 0 10 59 8 0 0 10 0 0 1 145 48 0 0 0 0 3 22 145 9 0 0 0 4 3 34 145 74 2 0 0 4 0 24 145 90 2 0 0 0 20 51 127 32 0 0 0 0 35 62 124 4 0 0 2 47 12 28 93 104 34 5 8 31 0 15 53 145 26 0 0 0 10 48 36 7 1 0 0 0 5 56 134 12 3 0 3 2 1 15 145 77 3 0 8 2 0 2 32 59 2 0 13 5;
<CIRCLE 210 78 1.06066 0 5.2863e-06>; 18 21 114 93 13 47 6 1 0 0 131 131 33 105 11 0 0 0 124 73 8 26 7 0 6 2 49 18 0 1 4 5 65 131 18 0 4 59 10 3 2 51 29 10 40 131 32 0 0 0 1 7 50 131 33 1 1 0 0 0 1 13 47 13 3 121 84 15 27 7 0 0 0 106 131 41 28 29 0 0 0 2 75 60 56 53 6 0 0 0 14 21 7 16 14 1 0 5 24 52 33 2 0 0 0 28 79 4 0 0 0 0 0 6 79 12 0 0 0 0 0 0 41 21 0 0 0 0;
<CIRCLE 180 118 2.12132 0 5.24958e-06>; 25 57 35 19 14 19 4 7 8 35 60 126 11 8 2 0 126 126 7 10 0 0 1 5 88 62 0 0 0 2 0 1 14 1 1 2 43 66 56 59 2 0 1 6 9 126 126 29 126 22 0 0 0 4 63 126 126 15 3 2 0 0 0 59 2 0 0 0 7 44 126 91 0 0 0 0 0 94 126 38 10 0 0 1 0 7 126 126 14 1 7 6 0 0 1 36 0 1 4 0 0 1 13 4 0 0 2 6 0 3 11 1 0 0 3 7 0 0 7 2 0 0 3 8 0 0 0 0;
<CIRCLE 120 72 4.24264 0 4.39675e-06>; 22 130 27 0 0 0 0 0 0 85 48 0 0 0 0 0 0 20 26 0 0 0 0 0 0 5 17 0 0 0 0 0 18 110 77 2 0 0 0 0 10 130 130 0 0 0 0 0 3 127 130 0 0 0 0 0 0 28 130 20 0 0 0 0 6 25 40 25 1 0 0 0 48 88 53 0 0 0 0 1 9 57 130 30 0 0 1 0 0 14 130 53 0 0 2 0 1 11 10 4 0 0 112 23 2 23 32 0 0 0 130 28 0 1 52 13 0 7 130 16 0 3 24 8 0 24 129 2;
<CIRCLE 70 85 1.5 0 4.27976e-06>; 0 1 136 49 1 5 9 0 6 13 136 28 0 0 9 6 2 3 125 49 2 0 24 19 0 2 42 25 6 4 32 13 0 0 25 5 2 51 136 4 9 7 19 0 0 22 136 46 2 1 2 2 7 47 134 57 0 0 5 66 36 17 34 11 0 0 0 0 1 15 99 0 0 0 0 0 4 54 103 2 0 0 0 11 78 108 61 0 0 0 5 100 136 25 4 0 0 0 0 0 2 3 1 0 0 0 0 0 6 8 1 0 0 0 0 13 127 34 5 0 0 0 0 26 136 68 76 0;
<CIRCLE 257 116 2.12132 0 4.27939e-06>; 0 0 49 137 53 0 0 0 13 77 137 82 16 5 1 2 137 96 12 2 5 4 3 43 34 3 0 1 2 0 0 9 1 0 3 65 137 105 9 0 41 47 17 15 16 33 42 49 137 77 2 0 0 0 5 113 52 6 3 7 2 0 0 5 0 0 0 0 35 137 63 0 5 0 0 0 1 79 137 113 63 2 3 1 0 0 44 137 11 2 17 9 0 0 0 5 0 0 6 1 0 8 8 0 0 0 6 4 0 7 37 6 0 1 5 3 0 0 6 8 0 0 3 10 0 0 0 0;
<CIRCLE 291 63 1.26134 0 4.11081e-06>; 0 35 46 4 0 0 0 0 0 19 62 4 2 2 0 0 0 14 15 0 2 5 8 2 0 0 0 0 0 4 7 0 62 117 62 28 12 0 0 0 0 58 125 44 43 10 0 0 0 125 125 8 11 5 1 0 0 115 69 0 1 2 3 0 61 67 125 21 3 0 0 7 0 69 125 19 45 25 0 0 0 107 95 10 28 109 12 0 0 125 97 0 0 37 12 0 11 60 77 10 0 0 0 0 2 83 85 5 0 0 0 0 0 122 53 0 0 25 5 0 0 39 50 9 9 46 13 1;
<CIRCLE 122 71 3.56762 0 3.78526e-06>; 12 131 54 0 0 0 0 0 1 66 46 0 0 0 0 0 0 13 27 0 0 0 0 0 0 5 16 0 0 0 0 0 8 131 131 8 0 0 0 0 11 131 131 0 0 0 0 1 3 118 131 0 0 0 0 0 0 47 131 18 0 0 0 0 25 37 34 11 0 0 0 4 66 76 59 0 0 0 0 22 13 61 131 33 0 0 0 1 0 21 131 76 0 0 0 0 10 38 19 2 0 0 27 7 7 26 110 2 0 0 53 8 0 1 122 37 0 1 75 7 0 4 61 24 0 5 65 1;
<CIRCLE 240 64 3.56762 0 3.66217e-06>; 0 0 20 1 0 0 14 3 0 0 31 1 0 0 12 5 0 1 33 18 0 2 13 0 0 8 44 4 0 0 14 0 0 1 142 37 0 0 0 0 2 22 142 8 0 0 0 2 2 26 142 85 1 0 0 1 0 30 142 69 0 0 0 0 18 41 141 29 0 0 0 1 33 56 132 4 0 0 3 52 9 23 84 114 37 5 7 24 0 22 66 141 20 0 0 0 11 50 45 7 1 0 0 0 8 63 142 12 2 0 1 4 1 11 142 97 6 0 5 2 0 3 33 58 2 0 9 3;
<CIRCLE 181 77 1.5 0 3.36635e-06>; 0 2 34 6 0 0 92 53 0 0 12 14 2 5 140 28 3 2 18 7 0 1 73 91 1 1 38 21 0 0 25 37 0 0 47 13 0 0 33 20 0 0 49 84 8 2 20 4 1 1 140 113 3 0 4 4 0 1 140 66 0 0 0 0 0 0 140 43 0 0 0 0 0 0 140 140 1 0 0 0 3 14 140 140 0 0 0 0 39 46 109 23 1 5 4 6 0 0 94 14 0 0 0 0 0 3 78 16 0 0 0 0 3 24 32 5 0 0 0 0 17 45 47 3 0 0 0 0;
<CIRCLE 313 75 1.06066 0 2.99283e-06>; 0 77 122 0 0 0 0 0 1 113 118 0 0 0 0 0 0 73 57 0 0 1 0 0 0 4 58 2 0 1 1 0 0 56 109 0 0 0 0 0 21 130 72 0 0 0 0 0 6 94 130 18 0 0 0 0 0 13 130 5 0 0 0 0 0 72 130 0 0 0 0 0 2 130 130 1 0 0 0 0 0 32 130 35 0 0 0 0 0 5 130 8 0 0 0 0 1 25 24 0 0 0 4 3 0 47 59 0 0 0 15 11 0 8 96 9 0 0 39 11 0 1 75 7 0 1 50 2;
<CIRCLE 166 71 3 0 2.96291e-06>; 0 3 18 1 0 0 0 0 0 3 34 2 0 0 0 0 0 0 38 23 2 0 0 0 0 22 43 44 5 0 0 0 0 0 139 36 0 0 0 0 2 5 139 36 0 0 1 10 4 8 139 42 1 0 13 28 4 21 59 77 6 2 29 15 14 17 129 17 0 0 17 32 9 13 139 17 0 0 45 97 8 12 139 25 0 0 27 86 0 1 139 75 1 2 29 12 10 32 107 0 0 0 3 10 2 7 139 34 2 7 8 10 0 1 139 41 2 4 2 0 0 5 129 33 0 0 3 0;
<CIRCLE 183 64 3.56762 0 2.63849e-06>; 0 0 7 5 0 0 0 0 0 1 8 11 3 0 0 0 0 1 4 2 3 3 0 0 0 0 2 1 1 5 3 0 0 1 102 27 0 0 0 0 0 30 111 102 0 0 0 0 2 70 116 12 0 0 0 0 0 1 104 32 0 0 0 0 16 21 136 21 0 0 2 33 8 19 124 87 1 4 25 19 15 54 136 71 0 0 4 8 0 2 136 113 0 0 0 0 10 11 136 31 0 0 1 24 1 4 136 84 0 0 5 5 0 13 136 86 0 0 0 0 0 1 119 66 0 0 0 0;
<CIRCLE 203 82 1.06066 0 2.53404e-06>; 0 0 86 35 0 0 80 20 41 21 30 10 1 8 73 41 77 126 33 3 3 14 7 8 5 126 71 9 14 126 12 0 24 36 53 0 0 1 120 34 9 25 56 31 45 77 126 17 1 56 68 62 112 38 8 1 0 109 126 19 7 0 0 0 5 53 126 6 0 0 0 0 2 61 126 68 17 7 2 0 0 0 57 126 54 6 0 0 0 18 47 13 3 1 0 0 4 6 17 3 0 0 0 1 7 8 27 3 0 0 1 4 0 0 8 9 3 15 9 1 0 1 3 1 1 17 6 0;
<CIRCLE 268 61 1.5 0 2.27829e-06>; 0 4 63 6 0 0 0 0 0 13 36 3 0 0 0 0 0 1 28 6 0 0 0 0 0 2 34 5 0 0 0 0 1 82 127 20 0 0 0 0 0 127 127 8 0 0 0 0 0 16 127 120 0 0 0 0 11 61 127 44 0 0 0 0 34 127 62 17 3 0 0 0 9 127 127 8 0 0 0 1 3 23 127 118 17 3 1 1 57 95 76 39 5 0 0 0 50 65 3 8 7 0 0 0 33 81 25 2 1 0 1 2 10 21 30 77 74 7 4 3 3 73 71 30 18 0 0 0;
<CIRCLE 124 70 1.78381 0 2.08618e-06>; 0 147 114 0 0 0 0 0 0 54 102 0 0 0 0 0 0 14 61 1 0 0 0 0 0 4 41 3 0 0 0 0 4 147 147 0 0 0 0 4 10 147 147 0 0 0 0 17 5 105 147 6 0 0 1 7 6 77 147 10 0 0 1 2 45 38 15 0 0 0 2 31 53 51 24 0 0 0 2 75 14 49 62 1 0 0 5 25 11 44 64 5 0 0 6 7 20 9 18 1 0 0 28 80 17 13 43 3 0 0 11 30 5 16 69 16 0 0 0 3 0 5 84 68 0 0 0 0;
<CIRCLE 202 82 1.26134 0 1.99298e-06>; 0 0 125 109 0 5 37 5 16 10 125 75 0 1 52 24 96 125 43 7 2 16 11 13 12 90 35 11 20 125 18 0 11 21 48 8 5 14 97 20 18 34 62 11 10 34 125 36 7 59 57 53 92 52 32 6 0 114 125 23 14 10 0 0 4 33 125 9 0 0 0 0 5 68 125 23 4 3 2 1 0 6 93 114 45 9 2 0 0 14 40 16 5 3 0 0 8 5 7 1 0 0 0 6 7 6 9 1 0 0 2 3 2 3 6 3 2 8 6 3 0 0 1 0 1 16 9 0;
<CIRCLE 113 81 2.52269 0 1.85576e-06>; 5 24 71 30 2 2 10 2 13 84 54 15 0 0 0 1 41 132 117 0 0 0 0 14 31 100 132 0 0 0 0 9 14 8 58 68 4 5 13 2 60 40 39 6 0 0 2 71 59 27 60 2 0 0 10 122 28 21 92 12 0 0 0 15 26 25 27 14 0 0 0 1 41 96 81 0 0 0 0 13 7 34 132 11 0 0 1 12 0 4 132 36 0 0 1 0 1 5 3 0 0 2 98 17 1 13 17 0 0 0 132 40 0 2 35 2 0 5 132 28 0 0 22 7 0 7 132 48;
<CIRCLE 147 82 1.26134 0 1.8374e-06>; 0 0 103 90 0 0 0 0 1 2 102 37 0 0 0 2 2 2 79 16 0 0 10 43 5 1 30 9 0 0 55 144 0 10 117 18 0 0 0 0 57 53 59 5 0 0 0 41 48 35 78 3 0 0 25 147 50 53 147 4 0 0 23 147 0 21 83 6 0 0 0 0 32 109 131 4 0 0 0 4 16 48 147 29 0 0 0 9 2 21 147 17 0 0 0 0 0 4 20 3 0 0 0 0 0 5 36 9 1 0 0 0 0 3 49 6 0 0 1 1 5 4 29 1 0 0 1 2;
<CIRCLE 222 68 1.26134 0 1.59035e-06>; 0 0 129 43 0 7 16 0 0 0 129 57 4 12 7 0 0 1 129 36 10 3 0 0 0 20 129 15 3 0 0 0 0 0 59 101 13 29 37 0 1 9 129 129 9 18 9 0 4 38 78 27 24 6 0 0 0 7 20 13 24 1 0 0 4 3 129 129 2 0 0 0 62 27 129 81 0 0 0 9 87 47 27 3 0 1 17 56 2 4 3 3 6 19 37 17 12 5 23 7 0 0 2 6 101 38 2 0 0 0 0 8 129 39 19 4 2 3 19 91 5 5 23 57 50 31 31 20;
<CIRCLE 214 66 2.12132 0 1.51376e-06>; 0 0 36 9 1 0 0 0 0 0 70 23 1 0 0 0 0 1 114 24 0 0 0 0 0 1 127 17 0 0 0 0 0 0 115 54 3 0 0 0 0 0 129 100 13 4 0 0 0 0 129 123 6 0 0 0 0 2 129 61 0 0 0 0 0 0 129 73 3 0 0 0 0 0 129 129 13 4 0 0 10 13 129 129 5 0 0 0 42 26 59 25 0 1 4 14 2 25 90 35 10 4 0 0 0 2 67 65 32 30 2 0 24 22 38 17 2 5 4 1 61 60 29 10 1 0 1 9;
<CIRCLE 215 66 1.78381 0 1.49769e-06>; 0 0 56 16 0 0 0 0 0 0 107 31 0 0 0 0 0 1 124 33 0 0 0 0 0 0 124 24 0 0 0 0 0 0 111 53 5 10 5 0 0 0 124 79 7 22 13 0 0 0 124 97 9 6 1 0 0 2 124 60 1 0 0 0 0 0 124 64 3 9 6 0 0 0 124 124 9 16 10 0 5 9 124 124 7 4 0 0 32 29 61 28 0 0 3 14 2 10 85 63 20 26 0 0 0 0 102 66 10 26 5 1 28 18 45 18 0 0 3 3 92 42 15 3 0 1 3 22;
<CIRCLE 372 40 14.2705 0 1.0338e-06>; 0 1 1 0 0 0 1 0 8 3 2 0 0 0 0 0 17 0 0 0 0 0 0 3 0 0 0 0 0 0 0 0 0 11 20 0 0 56 126 1 47 11 6 0 0 6 126 80 100 1 0 0 0 0 24 126 0 0 0 0 0 0 1 1 59 126 126 0 0 23 123 82 67 94 27 0 0 4 126 93 33 34 11 0 0 0 38 126 0 0 0 0 0 0 1 0 42 51 33 20 0 1 126 126 53 83 99 14 0 0 6 23 46 106 34 0 0 0 0 1 0 0 1 0 0 0 0 0;
<CIRCLE 215 67 1.78381 0 1.01283e-06>; 0 0 80 24 0 0 0 0 0 0 126 44 0 0 0 0 0 0 126 45 0 0 0 0 0 0 126 31 0 0 0 0 0 0 89 46 6 13 7 0 0 0 118 78 10 29 17 0 0 0 126 109 12 8 1 0 0 5 126 59 1 0 0 0 0 0 126 83 5 5 3 0 0 0 126 126 7 9 5 0 11 13 126 126 4 2 0 0 52 30 49 18 0 1 4 21 4 15 55 45 21 35 0 0 0 0 59 41 13 38 7 1 27 17 23 8 0 1 5 4 83 55 21 4 0 0 2 16;
<CIRCLE 167 77 3 0 9.38379e-07>; 0 1 126 17 0 0 0 0 0 2 137 21 0 0 0 0 1 3 137 47 3 0 3 3 3 32 51 64 6 0 9 7 6 4 137 27 0 0 14 22 10 13 137 18 0 0 29 87 7 11 137 19 0 0 37 82 2 3 91 56 1 3 41 18 15 40 127 2 0 0 10 23 4 9 137 45 1 2 17 34 1 3 137 57 1 0 2 11 0 8 137 68 0 0 0 0 4 7 37 0 0 8 56 23 2 1 32 10 8 41 28 15 0 0 24 7 4 20 61 15 0 2 12 1 0 9 60 12;
<CIRCLE 242 62 1.78381 0 8.88015e-07>; 0 0 38 5 0 0 0 0 0 4 53 1 0 0 0 0 0 1 37 34 16 0 0 0 2 42 67 73 32 0 0 0 0 3 157 28 0 0 0 0 2 44 157 5 0 0 0 0 1 52 157 47 15 0 0 0 4 37 63 106 82 2 0 0 5 6 157 13 0 0 1 6 67 64 125 2 0 0 1 34 24 63 95 14 2 1 1 5 0 2 65 123 16 0 0 0 14 5 2 0 0 0 28 74 22 2 2 1 0 6 72 142 4 1 7 15 15 44 66 9 0 0 4 64 84 19 3 0;
<CIRCLE 298 69 0.891905 0 8.10162e-07>; 0 47 35 1 2 73 10 0 0 135 68 0 0 19 10 0 0 135 82 0 0 0 0 0 0 97 36 0 0 0 0 0 0 62 16 0 0 48 14 2 0 28 19 6 12 90 26 1 0 135 34 4 14 22 0 0 0 135 59 0 0 0 0 0 0 83 112 3 0 0 0 0 0 22 135 26 11 8 0 0 0 19 81 40 12 5 0 0 0 115 75 2 0 0 0 0 0 9 117 36 0 0 0 0 0 42 135 1 0 0 0 0 0 32 135 3 0 0 0 0 0 55 94 0 0 0 0 0;
<CIRCLE 117 76 1.5 0 6.23349e-07>; 24 33 10 0 0 0 0 6 9 74 68 0 0 0 2 11 17 104 131 0 0 0 16 46 20 104 131 0 0 0 16 50 9 23 80 6 0 0 3 15 40 78 44 0 0 0 15 59 79 69 5 0 0 0 26 86 22 49 38 0 0 0 18 54 37 15 16 2 0 0 29 129 24 20 26 1 0 0 98 131 16 11 57 7 0 0 74 84 7 9 72 6 0 0 17 26 39 86 44 0 0 0 0 20 12 52 131 10 0 0 3 18 0 5 131 31 0 0 2 1 0 11 131 18 0 0 0 0;
<CIRCLE 289 74 2.12132 0 5.93965e-07>; 6 79 84 24 0 0 0 0 8 117 110 7 0 0 0 0 0 61 119 14 0 0 0 0 0 119 67 0 0 0 0 0 5 119 36 0 0 0 0 0 3 119 75 1 0 0 0 0 0 58 119 17 0 0 0 0 0 66 119 3 0 0 0 0 8 89 12 0 0 0 0 0 1 75 91 8 0 0 0 0 0 6 119 78 0 0 0 0 0 16 119 11 0 0 3 1 5 14 5 0 0 0 64 18 0 13 32 2 0 0 119 28 0 0 21 19 0 2 119 38 0 0 13 3 0 0 119 57;
<CIRCLE 373 97 12 0 5.33481e-07>; 4 72 74 0 0 35 122 2 28 13 4 0 0 10 122 67 107 0 0 0 0 0 24 122 1 0 0 0 0 0 0 3 89 122 118 3 0 1 122 122 83 85 91 12 0 3 39 31 104 91 24 2 0 0 6 23 1 2 0 0 0 0 0 0 4 1 64 52 0 1 72 47 52 43 115 33 0 0 1 6 122 90 17 1 0 0 0 0 3 2 0 0 0 0 0 0 0 0 14 21 4 0 0 0 45 10 11 6 1 0 0 0 122 5 0 0 0 0 0 0 3 0 0 0 0 0 0 0;
<CIRCLE 376 41 12 0 4.98703e-07>; 0 5 6 0 0 0 0 0 23 4 6 1 0 0 0 2 57 0 0 0 0 0 0 7 0 0 0 0 0 0 0 0 0 10 11 0 0 39 121 3 83 7 10 1 0 4 121 92 121 0 0 0 0 0 10 121 0 0 0 0 0 0 0 1 44 121 121 0 0 23 121 37 60 39 19 2 0 12 121 78 111 16 3 0 0 0 20 114 0 0 0 0 0 0 0 1 55 75 54 13 0 0 112 121 58 70 111 19 0 0 4 13 93 99 19 1 0 0 0 1 0 1 0 0 0 0 0 0;
<CIRCLE 97 76 2.52269 0 4.6535e-07>; 7 7 1 0 49 41 5 6 91 47 15 3 1 3 3 31 66 96 120 71 10 0 3 38 4 120 120 58 5 0 0 0 0 0 1 3 41 55 56 8 5 10 26 24 7 14 120 15 3 30 95 53 6 11 50 6 17 46 56 18 0 0 1 11 0 0 120 79 6 17 72 11 0 0 120 120 6 10 89 7 24 14 117 120 6 7 17 1 76 50 42 9 0 0 1 45 0 0 89 73 3 20 10 0 1 0 64 41 0 7 10 1 18 20 18 6 0 1 3 2 15 59 44 0 0 0 3 2;
<CIRCLE 225 87 1.06066 0 4.2367e-07>; 25 18 1 9 2 0 0 37 91 25 0 0 0 0 2 106 24 3 1 2 24 23 36 48 0 0 0 0 62 107 21 0 43 55 3 0 0 0 1 8 128 96 5 0 0 0 3 56 52 37 54 31 7 12 96 117 0 0 30 116 84 98 59 6 22 10 0 0 0 0 9 13 104 128 71 0 0 2 3 7 22 96 128 91 1 1 5 14 0 0 120 128 17 3 6 2 0 0 0 0 0 4 32 9 1 13 13 0 0 12 47 10 5 10 38 6 0 3 55 38 0 0 7 8 1 12 80 9;
<CIRCLE 99 76 1.78381 0 3.9965e-07>; 15 2 11 6 2 6 13 36 29 77 62 28 1 0 2 7 7 68 125 74 5 0 1 3 13 28 43 55 4 0 0 2 0 0 20 15 4 5 125 20 0 2 17 35 5 11 125 15 2 8 35 44 6 10 68 18 13 10 58 19 0 0 2 10 0 0 125 115 2 5 125 27 0 0 125 125 9 14 84 4 16 6 125 125 6 6 13 5 60 16 48 20 0 0 1 44 0 0 125 91 0 1 0 0 3 1 86 66 0 0 1 3 40 18 23 11 0 0 0 9 40 56 27 0 0 0 0 9;
<CIRCLE 377 95 10.0908 0 3.51867e-07>; 10 48 63 0 0 22 134 2 37 5 0 0 0 17 134 60 134 0 0 0 0 0 14 93 3 0 0 0 0 0 0 2 111 124 111 5 0 1 81 118 69 49 96 30 2 8 18 11 134 76 15 2 0 0 2 9 4 2 0 0 0 0 0 0 5 3 81 46 0 0 36 28 67 42 113 36 0 0 0 1 134 85 12 1 0 0 0 1 6 2 0 0 0 0 0 0 0 1 20 26 2 0 0 0 75 21 15 4 0 0 0 0 134 7 0 0 0 0 0 2 6 0 0 0 0 0 0 0;
<CIRCLE 257 72 1.26134 0 3.19159e-07>; 0 0 29 116 35 0 0 0 0 0 31 109 50 0 0 0 46 43 3 82 97 0 0 0 92 116 12 0 0 0 0 0 0 0 14 69 116 12 0 0 0 0 36 96 80 0 0 0 52 30 3 75 116 9 0 12 104 100 18 1 0 0 0 7 0 0 58 116 95 6 0 0 0 3 116 116 13 0 0 0 27 48 21 108 25 1 0 1 45 101 31 12 0 0 0 0 0 2 42 113 2 0 0 0 0 10 51 28 3 0 0 0 9 19 13 33 7 0 0 0 10 40 49 9 0 0 0 0;
<CIRCLE 230 86 1.26134 0 2.47277e-07>; 37 47 81 4 1 1 5 49 3 2 56 51 56 56 10 9 4 63 58 15 36 48 0 0 1 49 120 11 2 0 0 0 105 31 2 1 1 1 17 75 5 3 11 30 51 91 99 36 0 1 7 47 120 118 10 0 22 7 19 12 15 1 0 7 88 118 97 8 0 0 5 27 4 22 120 120 20 11 24 18 0 0 29 120 68 14 18 6 29 4 0 6 9 4 16 9 2 17 28 1 0 5 55 17 2 3 36 18 1 8 106 21 0 0 3 5 0 8 120 26 3 0 0 0 0 18 120 15;
<CIRCLE 226 87 1.26134 0 2.28617e-07>; 17 20 7 15 5 0 0 30 60 33 28 0 0 1 6 78 5 1 17 14 47 56 22 15 2 15 13 5 40 59 2 0 46 47 3 1 0 0 1 12 130 71 13 1 0 0 14 77 9 12 48 65 34 54 96 52 0 0 9 77 107 79 11 0 22 13 0 0 0 1 10 11 69 130 109 5 0 2 4 12 5 27 130 130 7 3 10 10 0 0 27 101 22 4 20 8 0 0 0 0 0 3 128 17 1 5 8 0 0 6 130 34 1 1 8 3 0 6 130 42 0 0 0 0 0 5 130 30;
<CIRCLE 380 44 8.48528 0 2.20518e-07>; 0 16 18 2 0 0 3 1 99 3 10 8 0 0 1 18 136 0 0 0 0 0 0 30 5 0 0 0 0 0 0 1 0 5 5 0 0 10 136 11 106 0 2 0 0 1 126 136 136 0 0 0 0 0 3 134 6 0 0 0 0 0 0 3 24 44 33 0 0 23 136 4 56 1 0 1 1 19 136 77 136 2 0 0 0 0 7 93 4 0 0 0 0 0 0 2 99 64 51 6 0 1 16 47 43 36 71 24 2 6 7 4 136 59 6 0 0 0 0 4 3 1 0 0 0 0 0 0;
<CIRCLE 210 26 10.0908 0 1.94263e-07>; 0 0 0 0 1 2 0 0 0 0 0 0 6 2 0 0 0 0 0 1 3 0 0 0 0 0 0 1 0 0 0 0 0 0 0 0 25 16 0 0 0 0 0 1 85 39 3 0 0 0 0 11 38 21 31 0 0 0 0 7 5 9 43 0 0 2 81 12 12 7 0 0 0 0 99 32 27 58 17 0 0 2 154 27 5 34 102 0 0 5 145 14 0 10 109 2 0 14 169 25 0 3 14 1 0 1 169 129 0 2 44 4 0 34 169 78 0 1 66 7 0 22 169 59 0 1 55 19;
<CIRCLE 100 76 1.78381 0 1.85016e-07>; 17 4 13 10 1 2 8 33 28 100 96 26 1 0 2 4 4 45 122 97 7 0 1 4 17 44 34 35 3 0 0 2 0 0 22 15 2 4 122 20 0 3 18 37 6 13 122 14 4 8 42 45 5 7 47 19 16 15 63 14 0 0 1 10 0 0 122 122 3 7 122 20 0 0 122 122 10 14 65 3 26 9 116 122 4 4 7 8 66 20 38 11 0 0 2 64 0 0 122 89 0 1 0 0 7 2 70 53 0 0 0 5 47 26 19 6 0 0 0 10 39 69 36 0 0 0 0 9;
<CIRCLE 379 94 10.0908 0 1.55303e-07>; 8 40 52 0 0 22 133 2 49 3 0 0 0 15 133 72 133 0 0 0 0 0 9 90 1 0 0 0 0 0 0 1 117 122 107 5 0 2 69 104 76 49 90 29 2 9 21 11 133 68 11 1 0 0 1 10 1 1 0 0 0 0 0 0 7 4 85 45 0 0 33 30 87 51 114 35 0 0 0 0 133 85 10 0 0 0 0 0 2 1 0 0 0 0 0 0 0 2 22 26 2 0 0 0 98 22 15 3 0 0 0 0 133 6 0 0 0 0 0 3 2 0 0 0 0 0 0 0;
<CIRCLE 88 67 1.78381 0 1.35079e-07>; 0 1 6 9 92 36 0 0 10 35 73 21 74 35 0 0 31 77 42 10 2 0 0 0 74 64 11 3 0 0 3 80 0 0 0 0 123 51 0 0 7 9 0 0 123 92 7 4 80 42 1 0 11 12 11 41 123 100 20 2 0 0 2 54 0 0 0 1 123 103 3 0 0 0 1 12 64 97 24 5 13 2 31 20 8 21 37 55 11 44 55 47 2 1 17 12 0 0 7 35 123 82 17 1 0 0 2 14 50 49 109 16 0 0 22 23 8 10 123 38 0 0 21 42 5 12 123 15;
<CIRCLE 88 68 1.5 0 1.25921e-07>; 0 0 0 2 89 54 0 0 17 26 2 3 120 70 0 0 65 96 4 1 5 1 0 0 107 19 5 3 0 0 0 47 0 0 0 3 85 29 0 0 4 5 0 1 125 125 22 7 95 31 1 0 13 21 35 86 110 60 6 6 4 3 8 40 0 0 0 6 69 52 18 0 0 0 2 33 57 105 44 4 5 3 64 33 6 18 58 63 3 7 60 67 10 2 15 19 0 0 0 15 89 71 39 1 0 0 1 45 74 35 125 17 0 0 29 28 9 9 125 53 0 0 22 23 2 5 125 34;
<CIRCLE 382 45 7.13524 0 1.2018e-07>; 0 9 23 4 0 0 6 4 129 1 6 7 0 0 3 37 156 0 0 0 0 0 0 37 12 0 0 0 0 0 0 1 0 1 2 0 0 7 156 18 109 0 0 0 0 0 104 143 156 0 0 0 0 0 2 104 13 0 0 0 0 0 0 2 6 10 4 0 0 27 156 3 67 0 0 0 0 17 120 65 156 0 0 0 0 0 4 67 10 0 0 0 0 0 0 1 58 26 32 9 1 6 8 17 48 16 35 19 3 11 9 4 156 27 2 0 0 0 0 4 8 0 0 0 0 0 0 0;
<CIRCLE 314 74 2.52269 0 1.18815e-07>; 0 44 25 0 0 0 1 0 0 9 14 0 1 0 0 0 0 0 2 2 1 0 0 0 0 0 2 2 0 0 0 0 0 94 129 0 0 0 0 0 0 114 129 0 0 0 0 0 0 29 129 5 0 0 0 0 0 0 129 20 0 0 0 0 0 28 102 0 0 0 24 10 3 84 129 0 0 0 55 26 0 18 129 3 0 0 94 13 0 4 129 8 0 1 78 12 0 0 3 0 0 0 129 66 1 2 4 0 0 0 129 84 0 0 6 0 0 2 129 31 0 0 3 1 0 8 129 19;
<CIRCLE 35 146 10.0908 0 1.02408e-07>; 0 0 0 0 18 0 0 0 0 0 0 6 177 32 1 0 0 0 0 17 150 177 45 0 0 1 3 20 132 177 177 14 0 0 0 1 22 0 0 0 0 0 8 68 177 19 1 0 0 0 75 76 49 40 33 0 0 0 77 66 2 32 100 1 0 0 0 0 8 0 0 0 0 0 3 26 106 0 0 0 0 0 27 32 20 0 0 0 0 0 21 25 2 0 0 0 0 0 0 0 0 0 0 0 0 0 0 0 0 0 0 0 0 0 0 0 0 0 0 0 0 0 0 0 0 0 0 0;
<CIRCLE 85 76 1.78381 0 8.82583e-08>; 0 0 0 0 122 92 0 0 0 0 0 1 45 33 1 0 4 0 2 4 21 41 21 14 13 5 11 8 0 0 5 23 0 0 35 78 122 76 0 0 0 0 0 5 61 62 18 0 0 0 4 19 29 22 79 11 0 0 16 11 1 3 105 14 0 0 55 64 28 15 45 11 0 2 44 29 18 27 68 10 0 2 122 41 2 8 122 38 0 0 113 105 3 5 95 13 0 0 15 122 77 21 25 4 0 0 122 122 4 1 2 0 0 0 122 86 0 0 0 0 0 0 97 64 0 0 0 0;
<CIRCLE 205 28 8.48528 0 8.79036e-08>; 0 0 0 0 4 6 0 0 0 0 0 0 19 6 0 0 0 0 0 3 13 0 0 0 0 0 0 3 3 0 0 0 0 0 0 0 33 18 0 0 0 0 0 0 104 50 2 0 0 0 0 10 61 37 28 0 0 0 0 7 9 14 53 0 0 1 57 14 13 8 0 0 0 0 66 21 27 65 12 0 0 0 102 27 6 54 94 0 0 1 110 11 0 12 122 1 0 11 184 27 0 0 0 0 0 0 184 125 0 1 3 0 0 21 184 125 0 1 8 1 0 24 184 58 0 0 8 1;
<CIRCLE 33 144 10.0908 0 6.6378e-08>; 0 0 0 0 12 0 0 0 0 0 0 6 168 24 0 0 0 0 0 21 168 168 33 0 0 0 2 25 159 168 168 9 0 0 0 0 14 0 0 0 0 0 5 55 168 19 0 0 0 0 63 69 64 47 33 0 0 0 69 59 2 45 117 1 0 0 0 0 6 0 0 0 0 0 2 28 115 0 0 0 0 0 31 38 28 0 0 0 0 0 26 29 2 0 0 0 0 0 0 0 0 0 0 0 0 0 0 0 0 0 0 0 0 0 0 0 0 0 0 0 0 0 0 0 0 0 0 0;
<CIRCLE 384 45 5.04538 0 6.57351e-08>; 1 0 7 4 0 0 12 26 119 0 0 0 0 0 6 77 180 0 0 0 0 0 0 38 29 0 0 0 0 0 0 0 0 0 0 0 0 3 142 35 97 0 0 0 0 0 71 137 180 0 0 0 0 0 3 77 31 0 0 0 0 0 0 1 0 0 0 0 0 21 135 9 75 0 0 0 1 8 86 59 180 0 0 0 0 0 4 53 25 0 0 0 0 0 0 1 0 0 1 2 2 19 26 1 61 0 0 3 8 24 13 6 180 2 0 0 0 1 0 7 18 0 0 0 0 0 0 0;
<CIRCLE 343 72 1.5 0 5.29208e-08>; 0 0 6 3 1 1 1 0 1 3 8 4 3 1 0 0 3 4 3 0 0 0 5 3 0 0 1 2 1 0 5 2 18 63 146 6 0 0 3 9 4 51 135 9 1 0 15 14 7 51 63 1 0 0 14 13 5 7 24 6 1 0 7 14 146 146 98 1 0 0 26 96 49 32 31 0 0 0 146 103 2 19 15 0 0 4 146 48 4 3 4 0 0 2 56 40 146 134 18 0 0 0 29 146 102 6 9 8 0 0 28 43 0 0 17 10 2 4 24 1 0 0 11 10 1 2 8 0;
<CIRCLE 34 48 8.48528 0 4.67179e-08>; 0 0 0 0 6 0 0 0 0 0 0 3 58 2 0 0 6 2 4 3 12 2 0 0 2 3 23 7 0 0 0 0 0 0 0 1 12 0 0 0 0 0 5 40 90 0 0 0 0 2 49 77 34 0 0 0 0 44 146 146 78 0 0 0 0 0 0 0 17 0 0 0 0 0 1 19 146 5 0 0 0 0 14 90 140 2 0 0 0 27 53 146 146 8 0 0 0 0 0 0 14 0 0 0 0 0 0 12 144 2 0 0 0 0 0 44 127 50 0 0 0 0 0 60 146 146 26 0;
<CIRCLE 31 48 7.13524 0 3.41292e-08>; 0 0 0 0 7 0 0 0 0 0 0 7 88 2 0 0 4 2 4 5 25 4 0 2 7 4 22 11 0 0 0 1 0 0 0 1 12 0 0 0 0 0 4 53 125 0 0 0 0 6 73 50 25 0 0 0 0 9 125 141 130 2 0 0 0 0 0 0 16 0 0 0 0 0 1 20 141 18 0 0 0 1 28 48 94 14 0 0 0 1 26 141 141 34 0 0 0 0 0 0 13 0 0 0 0 0 0 19 141 1 0 0 0 0 0 65 116 15 0 0 0 0 3 141 141 133 4 0;
<CIRCLE 30 48 6 0 2.10458e-08>; 0 0 0 0 12 0 0 0 0 0 0 16 134 1 0 0 1 4 10 14 34 5 1 2 8 8 20 13 0 0 0 5 0 0 0 2 19 0 0 0 0 0 8 83 136 1 0 0 0 6 121 59 32 1 0 0 0 16 108 136 119 2 0 0 0 0 0 0 24 1 0 0 0 0 2 29 136 44 0 0 0 1 41 39 103 50 0 0 0 7 68 72 136 35 0 0 0 0 0 1 18 0 0 0 0 0 0 33 136 7 0 0 0 0 4 79 108 11 0 0 0 0 49 136 136 70 11 0;
<CIRCLE 27 58 2.52269 0 1.86042e-08>; 0 0 0 8 59 0 0 0 0 0 9 100 178 0 0 0 0 3 104 62 43 1 4 2 0 9 116 10 0 4 2 0 0 0 0 2 87 8 0 0 1 0 1 35 178 76 7 9 4 0 13 18 65 37 58 69 0 1 17 3 10 78 43 2 0 0 0 0 59 12 0 0 0 0 0 7 178 120 10 3 0 0 0 24 79 54 33 27 0 0 4 18 32 34 6 0 0 0 0 3 43 2 0 0 0 0 0 35 178 3 0 0 0 0 1 76 87 1 0 0 0 0 16 40 7 0 0 0;
<CIRCLE 28 57 3.56762 0 1.6126e-08>; 0 0 0 5 39 0 0 0 0 0 8 94 163 0 0 0 0 4 125 56 33 0 0 0 0 4 136 10 0 0 0 0 0 0 0 4 68 3 0 0 0 0 3 71 163 47 5 0 0 0 60 45 66 45 41 3 0 4 105 19 26 33 3 0 0 0 0 0 52 8 0 0 0 0 0 10 163 96 5 0 0 0 1 36 96 65 29 2 0 0 4 18 77 80 2 0 0 0 0 3 40 0 0 0 0 0 0 55 163 1 0 0 0 0 8 99 87 0 0 0 0 0 14 51 18 8 0 0;
<CIRCLE 26 59 2.52269 0 1.51192e-08>; 0 0 0 5 40 0 0 0 0 0 3 84 174 0 0 0 0 2 81 73 83 1 6 5 0 6 100 11 1 8 7 0 0 0 0 0 53 6 0 0 0 0 0 19 174 88 5 3 5 0 6 15 114 55 54 74 0 0 7 2 10 73 49 8 0 0 0 0 35 8 0 0 0 0 0 7 174 87 4 0 0 0 0 31 125 59 26 17 0 0 5 27 27 18 3 1 0 0 0 3 25 1 0 0 0 0 0 31 174 1 0 0 0 0 0 79 125 0 0 0 0 0 14 44 8 0 0 0;
<CIRCLE 348 72 1.26134 0 1.32027e-08>; 16 14 10 5 5 2 0 3 10 4 7 3 0 2 27 16 1 2 8 12 5 3 25 11 0 0 4 23 16 5 5 0 14 140 156 8 1 0 24 24 19 77 156 12 1 0 31 29 22 23 76 33 2 0 16 44 4 0 3 8 6 11 54 32 0 63 56 0 0 6 156 152 5 39 58 0 0 17 156 114 19 11 11 0 0 8 156 145 1 0 0 0 2 29 58 44 9 5 7 6 6 12 82 19 0 0 13 12 6 21 66 7 0 1 12 15 11 13 28 7 0 2 14 7 8 12 2 3;
<CIRCLE 82 63 1.78381 0 2.21232e-09>; 0 0 0 0 145 90 0 0 10 7 9 6 34 16 1 4 23 47 141 21 14 2 0 6 4 23 87 37 28 1 0 0 0 0 0 0 145 140 0 0 0 0 0 3 106 40 0 0 4 10 16 10 76 39 0 0 23 44 12 1 4 1 0 0 0 0 0 0 145 133 0 0 0 0 0 0 145 52 0 0 0 1 0 0 80 55 4 1 26 11 0 0 10 14 10 24 0 0 16 27 145 71 0 0 0 0 0 6 145 84 2 0 0 0 0 6 28 37 7 0 1 0 11 10 6 10 19 12;
