KOEN1
128
162
<CIRCLE 76 38 7.13524 0 0.000366623>; 0 0 0 1 19 0 0 0 0 0 11 11 4 2 0 0 0 5 38 6 1 1 0 0 0 5 7 1 4 0 0 0 0 0 1 27 45 4 0 0 0 0 97 141 59 31 0 0 9 119 141 88 18 9 0 0 23 141 41 0 1 0 0 0 0 0 0 8 48 23 1 0 0 0 7 42 141 141 4 0 34 58 38 23 112 141 7 17 64 141 5 0 1 2 2 10 0 0 0 2 27 1 0 0 0 0 0 0 70 81 0 0 2 0 0 0 89 141 35 14 11 48 2 0 5 46 48 20;
<CIRCLE 80 37 10.0908 0 0.000348218>; 0 0 0 0 14 0 0 0 0 0 4 3 3 1 0 0 0 1 9 1 1 0 0 0 0 0 0 1 3 0 0 0 0 0 0 14 68 2 0 0 0 5 110 137 69 22 0 0 14 137 137 46 14 5 0 0 7 70 5 1 9 1 0 0 0 0 0 6 76 12 0 0 0 2 21 53 137 137 1 0 57 137 44 19 74 137 30 11 45 137 6 0 1 2 5 4 0 0 0 4 52 0 0 0 0 0 0 5 58 94 2 0 3 8 0 0 29 137 92 5 40 68 17 0 0 48 59 16;
<CIRCLE 72 38 5.04538 0 0.00032743>; 0 0 0 1 6 0 0 0 0 0 12 13 4 1 0 0 0 1 67 24 0 0 1 0 0 18 50 2 1 1 0 0 0 0 7 40 19 6 1 0 0 0 97 142 33 43 9 0 0 11 142 142 17 25 1 0 23 142 142 9 0 0 0 1 0 0 1 15 24 31 15 0 0 0 6 43 79 142 64 0 4 1 21 22 139 142 4 3 70 65 9 0 4 6 2 21 0 0 0 3 6 1 0 0 0 0 0 1 44 45 2 0 5 0 0 0 142 142 1 3 49 6 1 1 24 42 11 33;
<CIRCLE 70 37 4.24264 0 0.000272984>; 0 0 0 1 4 0 0 0 0 0 13 16 4 1 0 0 0 0 70 35 0 0 0 0 0 15 96 9 0 0 0 0 0 0 9 48 16 3 0 0 0 0 83 147 30 26 4 0 0 0 147 147 21 21 0 0 5 94 147 36 0 0 0 0 0 0 1 21 29 41 17 0 0 0 5 54 58 147 79 0 0 0 22 36 135 147 7 0 29 19 18 3 12 16 1 11 0 0 0 2 4 4 3 0 0 0 0 2 34 48 10 0 0 0 0 0 147 147 0 0 30 0 0 0 44 56 2 22;
<CIRCLE 206 119 2.52269 0 0.000216313>; 0 0 4 0 4 120 132 0 0 5 18 2 25 132 24 0 25 5 28 6 14 13 8 38 29 9 10 4 30 31 35 51 0 0 1 0 28 82 28 0 0 0 0 5 132 132 33 3 108 0 0 4 53 38 60 132 58 0 0 0 36 132 81 115 0 0 0 0 10 11 1 0 0 0 0 0 58 132 106 5 17 0 0 0 6 41 132 132 14 0 0 0 0 22 38 60 0 1 0 0 0 0 0 0 0 0 1 1 0 3 6 0 0 0 0 1 2 4 11 1 0 0 0 1 1 0 0 0;
<CIRCLE 207 118 3 0 0.00020979>; 0 0 26 3 0 66 130 0 0 4 34 10 9 96 16 0 21 6 16 13 17 7 11 29 43 27 26 4 9 11 14 19 0 0 0 0 21 121 110 0 4 0 2 0 130 130 30 12 88 1 3 0 30 55 57 130 20 4 7 3 25 128 126 92 0 0 0 1 14 19 1 0 0 0 0 0 70 130 117 17 22 0 0 0 5 36 130 130 4 0 0 1 0 37 92 46 0 0 0 1 0 0 0 0 0 0 1 0 0 6 10 0 0 0 0 0 2 4 11 3 0 0 0 2 2 0 0 0;
<CIRCLE 68 38 4.24264 0 0.000197829>; 0 0 0 1 5 0 0 0 0 0 12 19 5 1 0 0 0 0 75 44 0 1 0 0 0 13 121 17 0 0 0 0 0 0 5 37 19 4 0 0 0 0 59 145 32 31 7 0 0 0 145 145 33 40 2 0 3 59 145 54 1 2 0 1 0 0 0 12 26 32 10 0 0 0 2 39 43 145 83 0 0 0 11 28 145 145 15 0 18 8 12 4 27 36 2 9 0 0 0 3 5 2 1 0 0 0 0 2 19 24 7 0 0 0 0 0 145 145 0 0 21 0 0 0 74 91 1 16;
<CIRCLE 223 115 3 0 0.000163552>; 6 5 15 20 16 1 3 5 77 32 19 5 5 4 14 20 14 15 29 4 19 31 30 12 0 4 11 6 35 39 60 3 52 2 10 3 29 37 21 103 37 15 22 6 40 130 96 98 103 22 30 4 9 21 87 130 11 0 0 0 4 42 130 61 40 0 0 0 25 57 130 130 20 0 0 0 5 114 130 126 24 0 1 1 1 17 129 130 6 0 3 1 0 1 19 23 0 0 0 0 1 9 46 22 0 0 0 2 2 2 8 10 0 0 1 3 3 2 4 1 0 0 1 0 0 0 0 0;
<CIRCLE 217 116 2.52269 0 0.000163346>; 1 8 29 6 5 16 1 0 29 7 10 9 22 8 19 32 55 38 50 8 12 10 15 14 18 12 41 7 10 10 20 26 18 1 7 5 94 95 11 20 118 1 4 1 26 54 38 125 19 6 19 8 81 125 108 71 106 7 11 1 0 3 58 125 10 0 0 2 77 122 125 70 81 0 0 0 3 32 85 125 5 0 0 0 6 104 125 53 13 0 1 1 0 1 68 103 0 0 0 1 1 19 54 8 1 0 0 1 0 1 23 23 0 0 0 3 2 1 2 1 0 0 1 1 1 1 1 0;
<CIRCLE 205 119 2.52269 0 0.000144643>; 0 0 4 0 3 95 134 0 0 4 15 2 25 134 37 0 19 6 31 6 16 21 5 27 31 7 7 4 25 27 37 61 0 0 1 0 15 60 34 0 0 0 0 4 134 134 26 0 86 0 0 5 85 59 64 134 79 0 0 0 29 113 67 134 0 0 0 0 6 6 1 0 0 0 0 0 59 134 74 1 12 0 0 0 11 64 134 134 18 0 0 0 0 17 37 84 0 0 0 1 0 0 0 0 0 0 1 0 0 3 5 0 0 0 0 2 2 4 12 1 0 0 0 1 1 0 1 0;
<CIRCLE 202 114 1.26134 0 0.000133835>; 0 0 0 0 34 101 130 1 0 1 4 2 84 128 32 0 0 2 22 3 3 14 28 0 0 6 25 0 0 4 1 0 0 0 0 1 44 77 18 0 0 0 0 6 70 130 130 0 0 0 0 41 89 126 116 0 3 0 0 9 29 21 3 1 0 0 0 2 6 7 2 0 0 0 0 40 130 45 22 0 0 0 0 127 130 48 4 0 6 0 0 18 16 3 5 6 0 0 0 1 3 1 0 0 0 0 0 1 79 68 1 0 0 0 0 2 90 130 58 1 0 0 0 0 1 30 130 51;
<CIRCLE 251 70 1.78381 0 0.00013333>; 0 2 66 4 0 0 0 0 0 11 56 1 0 0 0 0 1 9 20 0 0 0 0 0 0 1 0 0 3 1 0 0 0 23 149 12 0 0 0 0 21 124 149 0 0 0 0 6 103 123 102 0 0 0 0 23 18 7 0 1 2 0 0 2 2 10 70 1 0 0 21 22 139 46 62 0 0 0 6 142 149 50 11 0 0 0 0 149 15 8 2 1 1 1 11 10 17 8 0 0 0 0 11 19 90 90 13 0 0 0 3 48 75 149 38 0 0 0 0 15 14 68 28 0 0 0 4 10;
<CIRCLE 207 117 3.56762 0 0.000131509>; 0 0 60 9 0 26 110 0 0 0 46 37 8 48 19 0 25 9 11 26 10 3 5 16 37 24 13 1 3 10 16 17 0 0 0 0 10 106 136 0 3 0 4 2 111 136 56 15 39 2 4 2 20 71 82 136 30 15 11 1 4 68 125 124 0 0 0 1 14 22 5 0 0 0 0 0 68 136 103 21 10 0 0 0 6 50 136 136 2 0 0 1 1 28 134 65 0 0 0 2 1 0 0 0 0 0 1 0 0 8 12 0 0 0 0 1 3 3 14 5 0 0 0 2 4 0 0 0;
<CIRCLE 250 70 2.12132 0 0.000131507>; 0 0 44 8 0 0 0 0 0 7 53 2 0 0 0 0 0 8 18 0 0 0 0 0 0 1 0 0 3 1 0 0 0 8 157 58 0 0 0 0 15 108 157 1 0 0 0 3 91 145 116 0 0 0 0 15 19 12 0 0 3 1 0 2 2 7 95 17 0 0 17 15 119 56 82 0 0 0 7 97 157 92 16 0 0 0 0 114 25 25 4 0 0 1 10 12 11 1 0 0 0 1 15 21 59 74 12 2 3 2 5 27 103 157 17 0 0 0 0 8 40 85 12 0 0 0 1 4;
<CIRCLE 125 70 4.24264 0 0.000122727>; 25 140 6 0 2 10 3 4 32 140 2 0 0 0 0 0 1 48 6 0 2 0 0 0 0 0 2 0 1 1 0 0 10 35 6 12 63 42 17 7 27 140 14 3 10 5 18 24 20 140 67 0 0 0 7 24 3 41 54 0 0 0 1 5 2 2 4 10 21 64 106 7 23 35 15 2 3 20 121 136 29 67 71 1 0 0 65 131 9 42 63 0 0 0 15 34 0 0 5 10 4 79 68 0 5 21 52 6 2 61 68 10 3 23 140 4 0 28 31 5 0 44 140 2 0 6 8 0;
<CIRCLE 323 118 2.12132 0 0.000121375>; 0 1 17 0 0 3 127 41 1 4 22 3 11 63 127 20 30 18 15 2 3 12 111 127 6 5 5 0 0 0 127 102 0 0 1 3 17 8 127 27 3 7 9 66 127 95 94 9 127 103 18 29 30 23 45 98 60 21 1 0 0 0 20 26 0 0 1 2 12 6 0 0 0 0 0 5 66 114 82 7 43 4 1 2 8 31 127 127 22 2 1 1 0 0 2 25 0 0 0 1 3 1 0 0 0 1 1 1 2 2 6 0 0 1 3 4 0 0 10 2 1 1 0 1 0 0 0 0;
<CIRCLE 223 114 3 0 0.000120454>; 5 5 14 24 16 1 2 3 79 31 15 5 4 3 14 20 10 12 23 4 19 35 31 9 0 5 14 7 35 35 38 1 45 3 13 4 26 32 18 86 41 20 27 8 39 110 79 87 99 27 38 5 11 21 76 134 10 0 0 0 7 50 134 58 50 0 0 0 31 60 122 134 25 0 0 0 10 134 134 134 35 0 1 1 1 20 134 134 8 0 3 1 0 3 36 31 0 0 0 0 1 13 63 36 0 0 0 2 2 4 16 16 0 0 1 3 2 2 9 3 0 0 2 0 0 0 0 0;
<CIRCLE 217 115 2.52269 0 0.000117364>; 0 8 27 7 5 9 1 0 29 9 10 10 24 7 15 21 63 37 43 6 5 7 14 13 10 10 36 7 12 13 18 15 15 2 12 5 73 89 8 14 100 1 5 2 25 47 37 123 21 11 29 11 81 117 79 60 104 10 18 1 1 4 51 123 13 0 0 3 96 119 123 69 100 0 0 0 5 40 77 123 7 0 0 0 12 123 123 63 22 0 1 0 0 1 76 123 0 0 0 1 1 30 75 14 2 0 0 1 0 1 33 40 0 0 0 3 2 3 8 2 0 0 2 2 1 1 3 1;
<CIRCLE 69 41 1.5 0 0.00011642>; 0 0 92 92 3 0 0 0 0 0 56 129 60 2 3 0 0 0 84 72 23 7 3 0 0 0 68 19 0 1 1 0 0 0 69 73 3 7 129 12 0 0 27 51 7 39 129 23 0 0 0 6 27 129 88 0 0 0 0 0 8 27 3 0 0 0 0 0 0 3 129 10 0 0 0 0 8 39 129 15 0 0 0 0 129 129 30 0 0 0 0 0 62 92 1 0 0 0 0 1 2 0 1 0 0 0 0 1 6 5 0 0 0 0 0 0 88 100 0 0 0 0 0 0 108 119 0 0;
<CIRCLE 248 71 3 0 0.00011213>; 0 0 15 10 1 0 0 0 0 2 40 6 1 0 0 0 0 6 17 1 1 0 0 0 0 0 0 1 3 0 0 0 0 0 145 145 0 0 0 0 13 56 145 33 0 0 0 4 97 136 129 0 0 0 0 13 18 11 1 0 3 1 3 2 1 0 65 125 7 0 4 10 69 39 79 8 0 0 7 51 145 145 15 0 0 0 0 44 39 65 2 0 0 0 11 9 11 1 2 4 0 0 6 38 13 23 6 7 30 12 14 24 79 145 18 4 8 4 1 0 29 131 96 0 0 0 0 0;
<CIRCLE 246 71 3.56762 0 0.000106651>; 0 0 5 9 1 0 0 0 0 0 27 9 1 0 0 0 0 4 17 2 1 0 0 0 0 0 0 1 3 0 0 0 0 0 115 140 0 0 0 0 6 32 140 82 0 0 0 0 80 137 140 0 0 0 0 1 23 16 2 0 1 0 4 2 1 0 78 140 1 0 0 5 41 26 97 43 1 0 6 32 140 140 23 0 0 0 0 10 59 87 13 0 0 0 8 7 7 1 11 12 0 2 14 22 12 11 6 3 18 9 9 30 41 140 17 3 14 11 3 1 16 140 129 0 0 0 0 0;
<CIRCLE 243 72 5.04538 0 0.000106033>; 0 0 1 5 1 1 0 0 0 0 12 10 2 0 0 0 0 2 11 6 4 0 0 0 0 0 0 1 4 0 0 0 0 0 63 108 0 0 0 0 4 17 131 131 0 0 0 0 68 131 131 10 0 0 0 0 20 18 2 0 1 0 9 3 0 0 131 131 0 0 5 3 20 16 99 131 2 1 8 29 131 131 42 3 4 1 2 7 40 131 96 0 0 0 11 6 15 5 12 22 4 7 24 16 7 8 17 5 11 22 32 16 7 82 33 4 9 6 30 3 3 126 110 0 0 0 16 1;
<CIRCLE 92 33 6 0 0.000104056>; 0 0 1 1 3 1 0 0 0 0 11 3 1 1 0 0 0 1 4 0 4 0 0 0 0 0 0 1 5 0 0 0 0 0 70 114 15 4 0 0 0 45 137 87 4 1 0 0 13 137 102 1 2 0 0 0 2 20 0 0 5 1 0 0 0 0 22 75 82 137 14 0 19 35 99 50 77 106 1 7 98 137 28 0 0 1 1 9 24 137 0 0 1 0 0 0 0 0 0 0 58 81 4 0 13 0 0 0 132 137 6 16 34 54 2 1 17 27 16 31 19 137 7 1 7 5 4 7;
<CIRCLE 69 32 1.26134 0 0.000101608>; 0 0 1 2 0 0 0 0 1 0 8 4 1 0 1 0 0 0 21 6 0 0 0 0 0 0 23 9 1 1 0 0 0 0 2 14 12 0 0 0 0 0 108 131 40 0 0 0 0 0 142 80 2 0 0 0 0 0 142 69 0 0 0 0 0 0 101 107 17 0 0 0 0 0 68 142 142 0 0 0 0 0 142 97 45 1 0 0 0 0 132 29 0 0 0 0 0 0 113 104 0 1 57 7 0 0 48 93 12 16 117 10 0 0 0 12 15 66 55 0 0 0 0 0 2 12 3 0;
<CIRCLE 68 32 1.06066 0 9.63288e-05>; 0 0 1 2 1 0 0 0 2 0 10 6 0 0 0 1 0 0 33 11 0 0 1 0 0 0 41 6 1 0 0 0 0 0 1 10 10 0 0 0 0 0 60 121 47 0 0 0 0 0 138 122 9 0 0 0 0 0 138 42 0 0 0 0 0 0 74 75 12 0 0 0 0 0 50 138 138 0 0 0 0 0 110 138 96 0 0 0 0 0 138 32 2 0 0 0 0 0 138 127 0 0 9 0 0 0 92 138 15 3 31 2 0 0 3 51 33 22 33 0 0 0 1 3 3 12 4 0;
<CIRCLE 322 118 2.12132 0 9.52399e-05>; 0 1 18 0 0 2 127 44 0 3 21 2 10 56 127 14 26 16 18 3 5 22 110 127 11 7 5 0 0 0 127 115 0 0 1 1 6 5 127 31 0 1 5 54 127 86 108 6 127 93 22 44 58 39 54 87 89 34 0 0 0 0 20 39 0 0 1 1 7 3 0 0 0 0 0 5 65 98 51 1 33 4 1 3 16 52 127 112 31 2 0 0 0 0 6 43 0 0 0 1 2 1 0 0 0 1 1 1 3 3 4 0 0 1 3 4 0 0 12 2 1 1 0 1 0 0 0 0;
<CIRCLE 232 110 1.78381 0 9.22712e-05>; 10 6 28 6 3 12 13 3 0 1 18 8 25 21 14 0 0 0 4 8 93 26 4 0 0 8 21 2 6 3 10 0 23 25 125 10 6 0 0 9 57 19 44 6 8 6 71 120 0 0 1 3 33 76 143 23 0 0 1 0 2 31 143 6 58 4 8 3 13 14 59 118 143 2 0 0 0 0 42 143 12 0 1 0 0 18 143 32 0 0 1 0 0 14 143 4 4 0 0 0 0 18 143 112 27 0 0 0 0 0 25 118 3 0 2 1 0 0 0 2 0 0 1 2 0 0 0 0;
<CIRCLE 124 76 1.26134 0 9.04428e-05>; 2 6 0 0 0 0 14 2 2 12 3 0 0 0 24 7 0 39 20 0 0 0 39 8 0 72 55 0 0 0 37 9 4 4 9 0 0 0 140 25 31 12 2 0 0 0 149 103 9 1 0 0 0 0 149 96 0 1 0 0 0 0 149 54 10 12 29 0 0 0 110 31 149 54 6 0 0 0 77 95 81 59 17 0 0 0 91 53 0 8 50 0 0 0 82 13 0 10 50 9 0 1 95 21 15 44 36 3 0 0 55 46 18 23 95 31 0 0 2 9 0 19 127 5 0 0 0 0;
<CIRCLE 203 113 1.06066 0 8.93993e-05>; 0 0 0 0 78 133 64 0 0 1 10 4 45 48 18 0 0 1 25 4 1 7 15 0 0 7 26 0 0 1 0 0 0 0 0 0 101 133 40 0 0 0 0 2 40 133 133 0 0 0 0 12 55 111 89 0 2 0 1 2 20 20 2 0 0 0 0 4 15 53 28 0 0 0 0 82 133 95 71 0 0 0 0 133 133 36 9 0 4 0 0 19 23 2 0 1 0 0 0 2 24 5 0 0 0 0 0 30 133 78 0 0 0 0 0 31 129 102 11 0 1 0 0 2 2 7 31 15;
<CIRCLE 241 75 7.13524 0 8.70181e-05>; 0 0 1 3 2 1 0 0 0 0 10 9 3 1 0 0 0 3 12 4 7 0 0 0 0 0 0 0 6 0 0 0 0 0 65 80 0 0 0 0 1 18 130 130 0 0 0 0 40 130 112 16 0 0 0 0 12 26 8 0 1 3 11 2 1 0 117 130 1 1 1 2 8 18 91 117 0 4 17 7 51 130 58 5 0 1 14 2 9 130 130 0 0 0 7 2 3 0 8 23 4 56 72 36 2 0 0 1 0 9 130 80 1 20 9 0 0 10 130 8 2 34 37 0 0 4 130 8;
<CIRCLE 197 109 1.26134 0 8.59912e-05>; 0 3 30 0 0 0 24 0 0 7 31 6 0 1 22 0 2 8 25 12 0 3 7 0 6 12 13 1 0 0 1 4 0 0 1 0 0 15 153 0 0 0 1 1 5 64 153 2 0 4 3 2 65 153 104 0 0 8 30 4 14 10 4 0 0 0 0 0 0 9 119 1 0 0 0 0 34 59 129 4 0 0 0 0 151 153 80 0 0 0 1 4 31 118 140 0 0 1 2 0 0 1 0 0 0 1 0 1 5 10 1 0 0 0 0 8 36 75 43 0 0 0 0 71 146 61 44 0;
<CIRCLE 231 110 1.5 0 8.56499e-05>; 2 4 45 11 2 10 4 1 0 3 36 9 7 8 5 0 0 0 4 14 91 23 4 0 0 1 7 3 28 8 10 0 16 15 130 7 1 0 0 6 64 20 60 5 0 1 49 133 3 0 4 10 22 46 140 45 0 0 0 0 7 54 140 1 52 2 5 1 2 2 27 74 140 1 0 0 0 0 23 140 27 0 0 0 0 9 138 49 0 0 0 0 0 21 140 1 6 0 0 0 0 7 140 137 52 0 0 0 0 0 28 140 8 1 1 0 0 0 0 6 0 0 1 1 0 0 0 0;
<CIRCLE 217 110 1.26134 0 8.40705e-05>; 0 1 12 20 27 6 2 0 19 3 0 4 23 4 12 4 107 59 13 0 0 0 7 4 12 21 65 6 1 4 2 1 18 4 24 10 3 0 2 14 42 0 0 2 12 21 112 127 13 26 23 14 77 68 74 15 0 15 111 8 10 0 0 0 74 1 0 0 0 0 3 69 127 0 0 7 80 29 17 127 0 0 0 45 127 65 11 9 1 0 2 4 16 5 11 7 127 0 0 0 0 0 0 77 127 0 0 0 35 62 3 103 0 0 0 0 84 127 63 0 0 0 0 0 1 35 127 38;
<CIRCLE 252 69 1.26134 0 7.85033e-05>; 0 7 43 1 0 0 0 0 0 8 25 1 0 0 0 0 0 5 12 0 0 0 0 0 0 1 1 0 1 0 0 0 0 81 147 2 0 0 0 0 12 93 147 6 0 0 0 2 88 108 107 2 0 0 0 13 15 5 1 0 1 0 0 2 4 31 91 0 0 0 2 10 116 51 124 0 0 0 0 147 147 34 14 0 0 0 0 147 17 0 0 2 2 1 0 5 13 0 0 0 0 0 19 55 147 24 0 0 0 0 1 147 72 47 11 0 0 0 0 69 2 11 7 1 0 1 14 4;
<CIRCLE 91 74 4.24264 0 7.36786e-05>; 0 0 0 0 127 127 1 0 21 0 0 0 116 127 1 15 54 12 2 0 5 18 14 48 14 127 6 2 12 16 4 0 0 0 0 0 80 84 0 0 21 1 0 0 127 127 19 8 77 23 3 7 26 53 62 38 3 30 5 13 61 46 47 7 0 0 0 0 24 19 0 0 0 0 0 0 79 127 32 1 4 1 1 4 9 116 127 18 1 1 9 12 7 63 93 10 0 0 0 3 5 1 0 0 0 0 0 1 11 55 10 0 0 0 0 1 2 105 72 0 0 0 5 6 2 90 90 0;
<CIRCLE 198 109 1.06066 0 7.18187e-05>; 0 6 14 0 0 1 44 1 0 2 17 9 1 7 40 0 4 13 12 5 0 6 9 0 5 15 16 0 0 0 0 2 0 0 0 0 0 13 144 1 0 0 0 0 16 130 144 0 0 3 3 2 75 142 46 0 0 5 27 4 9 5 3 0 0 0 0 0 1 9 120 4 0 0 0 0 84 132 87 2 0 0 0 0 144 144 72 0 0 0 1 1 13 85 129 0 0 0 0 0 0 3 1 0 0 0 0 1 13 33 4 0 0 0 0 5 29 128 83 0 0 0 0 51 100 83 68 0;
<CIRCLE 124 77 1.5 0 7.16369e-05>; 1 5 0 0 0 0 28 4 3 17 2 0 0 0 45 13 2 63 30 0 0 0 73 15 0 93 76 0 0 0 64 13 3 4 5 0 0 0 116 29 61 9 0 0 0 0 142 123 25 5 1 0 0 0 142 114 0 3 5 0 0 0 142 48 2 6 14 4 0 6 142 32 103 27 9 0 0 0 70 116 70 46 70 5 0 0 36 39 0 14 107 1 0 0 37 5 2 20 61 24 0 1 27 3 3 67 56 5 0 0 11 14 2 16 108 40 1 0 0 2 0 30 100 7 0 0 0 0;
<CIRCLE 324 117 2.12132 0 7.09379e-05>; 0 3 29 0 0 5 122 28 2 6 37 0 4 47 122 30 19 14 24 0 0 3 113 122 2 7 12 0 0 0 122 94 0 0 1 4 27 16 122 30 13 17 13 68 122 92 109 19 122 101 13 15 10 9 42 105 30 11 1 0 0 0 40 25 0 0 1 3 25 13 1 0 4 2 1 14 91 122 110 21 77 14 2 3 4 17 107 122 20 2 1 1 0 0 0 13 0 0 0 0 3 2 0 0 0 1 2 1 1 7 18 1 0 1 2 4 0 0 17 7 0 1 0 1 1 0 0 0;
<CIRCLE 123 76 1.26134 0 6.72277e-05>; 1 4 0 0 0 0 14 1 3 11 2 0 0 0 21 7 0 29 12 0 0 0 36 8 0 61 43 0 0 0 36 8 2 2 10 0 0 0 142 20 25 13 4 0 0 0 144 84 18 3 0 0 0 0 144 111 0 1 0 0 0 0 144 58 4 7 32 1 1 2 120 20 109 45 14 0 0 0 98 88 136 67 7 0 0 0 78 72 2 16 43 0 0 0 86 18 0 5 51 16 0 3 108 14 7 41 44 0 0 0 78 47 26 30 67 27 0 0 9 20 1 15 128 11 0 0 0 0;
<CIRCLE 123 71 5.04538 0 6.24166e-05>; 52 105 4 0 1 7 4 15 35 132 3 0 1 2 0 0 3 54 4 0 3 0 0 0 0 0 1 0 1 2 0 0 40 20 4 8 37 41 31 26 22 132 12 7 31 21 30 23 22 132 56 0 0 0 15 37 3 35 48 0 0 0 3 8 7 4 3 9 13 75 105 12 14 25 23 8 10 46 119 79 26 65 110 2 0 0 54 115 7 46 104 2 0 0 12 25 0 0 1 4 2 82 67 0 1 8 23 6 2 106 117 1 1 15 101 3 1 80 96 0 0 28 118 2 0 28 51 0;
<CIRCLE 127 71 3.56762 0 6.14216e-05>; 19 136 5 2 5 9 1 0 23 136 4 0 0 0 0 0 0 38 10 1 0 0 0 0 0 1 3 0 0 0 0 0 2 43 6 22 49 22 19 3 17 136 24 1 0 0 26 33 11 136 96 0 0 0 21 25 3 42 69 0 0 0 7 7 0 1 10 7 9 57 132 15 23 31 18 0 0 3 124 136 15 47 71 6 0 0 135 98 6 34 56 2 0 0 50 31 0 2 45 11 2 45 49 2 9 36 103 2 0 21 29 15 2 20 136 10 0 5 7 3 0 52 121 3 0 0 0 0;
<CIRCLE 89 75 2.52269 0 6.05797e-05>; 0 0 0 0 113 126 0 0 12 2 0 0 120 126 0 3 107 37 0 0 2 3 2 20 42 25 11 11 15 34 27 24 0 0 0 0 56 62 0 0 1 2 0 0 126 126 20 0 36 62 3 0 12 54 124 18 20 60 56 29 7 4 89 11 0 0 0 0 17 11 0 0 0 0 0 1 120 126 30 0 1 6 26 4 18 50 126 23 0 6 46 1 0 5 126 10 0 0 0 0 4 2 0 0 0 0 0 1 41 66 8 0 0 2 24 6 15 104 63 0 0 5 67 3 1 54 56 0;
<CIRCLE 315 87 1.5 0 5.69388e-05>; 0 9 17 1 1 42 41 0 0 1 5 12 3 85 40 0 0 0 10 11 6 48 11 0 0 0 5 3 1 5 0 0 0 63 60 6 1 1 0 0 0 17 69 118 81 22 2 0 3 51 118 95 36 22 3 1 5 95 83 3 1 2 0 1 0 67 78 14 0 0 0 0 0 54 46 46 118 80 9 0 9 38 65 26 59 118 118 28 32 83 23 0 0 0 101 77 0 50 104 15 0 0 0 0 0 70 118 3 2 10 3 0 0 50 118 3 1 20 59 6 1 57 70 0 0 0 50 25;
<CIRCLE 204 119 2.12132 0 5.32256e-05>; 0 0 0 0 4 115 136 0 0 1 4 1 35 136 31 0 12 3 20 4 29 44 4 8 44 1 4 1 7 12 21 87 0 0 1 0 15 41 9 0 0 0 0 3 136 136 11 0 33 0 0 7 130 82 64 76 124 0 0 0 5 28 27 136 0 0 0 0 5 5 1 0 0 0 0 0 57 136 44 0 3 0 0 0 15 105 136 87 22 0 0 0 0 3 57 136 0 1 0 0 0 0 0 0 0 0 1 0 0 5 6 0 0 0 0 2 2 6 26 2 0 0 0 0 0 1 6 3;
<CIRCLE 202 102 14.2705 0 5.15361e-05>; 14 115 15 1 4 1 0 0 0 4 32 16 4 6 0 0 0 8 70 47 5 3 0 0 0 27 30 5 9 2 0 0 26 106 73 2 0 45 64 6 0 12 137 108 7 39 41 0 3 47 137 137 5 15 73 17 9 137 111 6 0 0 49 17 0 0 5 2 2 73 99 0 0 0 17 16 8 135 137 0 1 2 7 16 5 51 137 52 5 19 9 0 1 11 137 26 0 0 0 1 1 1 0 0 0 0 0 0 4 9 7 0 0 0 0 0 2 5 17 1 0 0 0 0 2 3 7 0;
<CIRCLE 70 41 1.26134 0 5.13192e-05>; 0 0 119 129 11 0 3 0 0 0 31 134 67 6 12 0 0 0 27 19 13 8 4 0 0 0 17 5 0 1 1 0 0 0 36 36 0 1 134 33 0 0 7 15 6 80 134 21 0 0 0 0 33 134 58 0 0 0 0 0 5 15 3 0 0 0 0 0 0 2 134 19 0 0 0 0 23 79 119 11 0 0 0 0 134 134 11 0 0 0 0 0 43 66 1 0 0 0 0 1 2 1 1 0 0 0 0 1 10 10 0 0 0 0 0 0 119 134 0 0 1 0 0 0 94 102 0 1;
<CIRCLE 315 86 1.06066 0 5.07591e-05>; 0 8 5 3 1 35 26 0 0 0 6 12 2 80 31 0 0 0 9 6 10 63 17 0 0 0 4 2 4 13 4 0 0 46 25 17 6 1 0 0 0 0 84 128 60 7 1 0 0 30 128 80 23 13 1 0 0 51 128 12 6 4 0 0 0 82 26 11 13 0 0 0 0 9 27 81 128 72 1 0 16 52 128 58 95 95 44 10 17 119 90 0 0 0 36 19 0 83 26 4 1 0 0 0 0 29 35 8 42 71 7 0 2 5 12 0 17 128 128 11 3 7 3 0 0 4 128 41;
<CIRCLE 92 73 4.24264 0 4.91598e-05>; 0 0 0 0 128 128 1 0 25 0 0 0 91 111 1 18 50 20 3 0 4 17 14 42 18 128 6 1 8 12 2 0 0 0 0 0 100 110 0 0 31 2 0 0 128 128 19 12 75 22 3 8 30 44 51 37 4 47 6 13 58 40 38 7 0 0 0 0 32 30 0 0 1 0 0 0 81 128 43 3 6 2 2 5 8 96 128 20 1 2 8 11 8 61 98 15 0 0 0 3 6 2 0 0 0 0 0 1 12 71 13 0 0 0 0 2 2 111 78 0 0 1 7 7 3 86 84 0;
<CIRCLE 88 76 2.52269 0 4.51037e-05>; 0 0 0 0 86 92 0 0 6 1 0 0 127 127 0 1 92 41 0 0 8 12 0 11 60 44 17 10 9 19 18 23 0 0 0 0 32 33 0 0 0 0 0 0 127 127 15 0 20 38 1 0 27 99 127 20 19 60 44 16 2 2 127 17 0 0 0 0 11 5 0 0 0 0 0 0 114 118 14 0 1 6 27 6 36 72 127 16 0 9 61 1 0 4 127 10 0 0 0 0 3 1 0 0 0 0 0 0 29 50 5 0 0 1 14 4 17 115 67 0 0 3 50 3 1 73 78 0;
<CIRCLE 197 111 2.52269 0 4.27909e-05>; 0 4 89 2 0 1 29 0 0 1 99 12 0 3 27 0 0 4 61 26 2 4 4 0 0 3 16 22 11 4 0 0 0 0 10 0 0 17 156 0 0 0 13 0 2 112 156 0 0 6 21 2 23 156 62 0 11 7 36 6 15 24 4 14 0 0 1 0 0 6 71 0 0 0 2 1 12 71 73 0 0 0 0 3 156 156 24 0 53 0 1 5 88 59 37 87 0 0 0 1 1 4 0 0 0 0 0 0 5 5 1 0 0 0 0 0 62 114 43 0 8 0 0 0 15 59 155 84;
<CIRCLE 125 78 3 0 4.11781e-05>; 1 21 4 20 28 8 4 0 8 123 13 1 0 0 6 6 4 123 74 0 0 0 4 6 1 47 61 0 0 0 1 1 0 0 0 9 10 43 122 9 13 25 3 0 0 2 123 123 14 72 39 0 0 0 123 110 6 42 55 2 0 0 115 37 0 4 67 9 1 37 61 4 23 42 80 3 0 4 39 66 10 28 123 12 0 0 37 28 0 34 123 22 0 0 25 3 0 2 33 3 0 73 93 0 0 17 67 1 0 61 82 0 0 14 110 3 0 30 40 0 0 25 83 3 0 8 8 0;
<CIRCLE 316 87 1.5 0 3.5673e-05>; 0 8 10 2 1 50 41 0 0 0 6 14 4 85 33 0 0 0 10 9 5 34 7 0 0 0 4 2 1 2 0 1 0 60 49 18 8 3 1 0 0 9 113 122 92 27 2 0 4 76 122 56 18 16 2 1 6 88 53 1 1 1 0 1 0 82 68 15 9 0 0 0 0 32 45 52 122 122 30 0 13 58 65 14 25 78 122 47 40 81 15 0 0 0 77 79 0 67 96 10 0 0 0 0 0 50 122 5 3 17 9 0 0 67 117 2 0 14 72 11 1 49 76 0 0 0 43 27;
<CIRCLE 230 110 1.26134 0 3.45251e-05>; 0 2 72 10 4 7 0 0 0 5 65 5 3 3 1 0 0 2 21 23 44 13 5 1 0 0 0 9 60 14 12 0 8 9 123 3 0 0 0 2 67 20 77 1 0 0 24 136 7 3 13 10 4 20 142 96 0 0 0 3 9 55 142 0 34 2 2 0 0 0 10 33 142 0 0 0 0 0 8 142 66 0 0 1 1 5 98 85 0 0 0 0 0 14 119 3 7 0 0 0 0 2 138 131 89 0 0 0 0 0 30 142 25 1 0 1 0 0 0 16 0 0 1 0 0 0 0 0;
<CIRCLE 155 83 1.26134 0 3.36671e-05>; 0 41 53 0 0 0 61 4 0 21 74 0 0 0 78 4 0 5 84 0 0 0 77 2 0 7 62 0 0 0 54 3 0 72 68 5 0 0 0 0 1 45 119 91 14 0 0 0 6 83 119 45 3 0 0 0 4 52 119 42 2 0 0 0 0 46 107 17 1 0 0 0 8 37 69 97 88 29 20 5 44 95 97 78 27 14 22 15 33 59 73 49 22 9 15 27 0 49 84 13 0 0 0 0 0 50 74 52 11 10 5 0 0 39 72 119 39 10 6 2 3 69 119 7 1 3 4 5;
<CIRCLE 102 69 2.52269 0 3.1266e-05>; 60 1 1 1 2 2 0 34 37 0 0 4 8 40 44 53 6 12 4 7 21 75 26 3 19 115 3 7 9 1 0 0 94 41 0 0 16 22 0 10 115 89 31 16 12 28 28 40 1 4 18 82 115 82 18 2 1 20 7 30 28 2 3 0 14 26 0 0 32 105 115 16 25 85 55 17 1 2 115 27 0 4 30 85 31 54 115 3 0 0 1 10 7 30 115 10 0 3 16 4 30 55 91 9 0 10 70 2 1 5 115 11 0 5 68 3 1 54 115 1 0 2 28 6 0 51 106 6;
<CIRCLE 196 110 1.78381 0 2.99235e-05>; 0 2 60 0 0 1 39 0 0 3 68 3 0 2 39 0 0 5 51 13 0 7 11 0 2 9 23 6 0 0 1 1 0 0 2 0 0 16 159 0 0 0 2 0 1 61 159 0 0 3 5 2 37 159 120 0 0 9 32 2 10 51 16 0 0 1 1 0 0 4 88 0 0 0 1 0 7 45 101 0 0 0 0 1 72 159 52 0 0 0 0 19 123 150 40 0 0 0 0 0 0 2 1 0 0 1 1 0 2 2 0 0 0 0 0 2 98 48 1 0 0 0 0 17 159 116 34 2;
<CIRCLE 56 40 1.5 0 2.96778e-05>; 0 0 1 3 2 1 0 0 0 0 17 17 1 2 0 0 0 0 63 45 1 0 0 0 0 0 98 105 9 0 0 0 0 0 7 36 22 8 0 0 0 0 100 147 24 41 22 0 0 0 147 147 6 30 93 0 0 0 147 147 4 9 145 11 0 0 0 6 20 31 8 0 0 0 3 27 20 101 139 0 0 0 5 21 3 51 147 1 0 0 1 3 1 8 147 22 0 0 1 0 2 3 1 0 0 0 0 0 2 6 10 0 0 0 0 1 3 2 18 0 0 0 0 1 3 1 13 0;
<CIRCLE 165 83 1.06066 0 2.93083e-05>; 0 10 80 0 0 0 5 0 0 10 97 1 0 0 7 0 0 5 99 3 0 0 8 0 0 1 72 4 0 0 5 0 4 58 132 40 2 0 0 0 3 50 132 72 4 0 0 0 6 85 132 36 2 0 0 0 1 32 132 51 3 0 0 0 37 53 55 47 19 8 16 27 33 41 60 79 46 36 11 18 59 76 68 38 19 23 14 45 19 33 58 56 34 41 7 18 5 73 123 3 1 1 6 10 5 26 132 14 6 13 5 6 8 31 132 13 2 7 7 16 3 18 132 15 5 13 5 6;
<CIRCLE 275 86 1.5 0 2.92976e-05>; 11 50 15 0 0 0 21 4 3 18 51 3 0 4 46 1 0 9 36 1 0 2 55 0 0 0 28 1 0 2 47 0 7 25 125 20 0 0 0 2 3 64 125 93 0 0 0 0 10 125 125 23 0 0 0 0 0 24 125 32 1 0 0 0 0 15 125 34 0 0 0 0 60 37 119 125 1 0 0 26 117 111 50 32 10 2 0 33 10 29 65 37 19 8 7 7 15 21 125 6 0 0 1 14 125 31 47 11 0 0 0 36 49 30 100 3 0 0 0 12 0 17 98 1 1 2 2 2;
<CIRCLE 119 75 16.9706 0 2.80157e-05>; 0 0 13 42 46 0 0 0 0 54 91 38 9 0 0 0 0 30 9 1 8 1 0 0 0 0 0 1 4 3 0 0 0 0 9 44 124 67 0 0 31 124 87 52 105 124 29 5 32 124 70 6 3 6 10 4 0 5 118 81 3 3 0 0 0 0 0 16 111 49 0 0 10 11 0 4 35 124 97 5 14 50 56 9 2 111 124 5 0 3 98 90 15 85 104 4 0 0 0 8 53 0 0 0 0 0 0 5 12 14 5 0 0 0 0 0 6 40 37 0 0 0 0 0 5 47 64 2;
<CIRCLE 160 83 1.06066 0 2.67151e-05>; 0 5 86 0 0 0 6 0 0 7 102 0 0 0 7 0 0 14 94 0 0 0 6 0 0 5 78 1 0 0 6 0 4 66 126 38 4 0 0 0 3 48 126 74 4 0 0 0 6 91 126 37 2 0 0 0 2 35 126 58 3 0 0 0 36 63 61 40 31 16 27 13 24 60 78 97 37 9 12 11 62 78 57 43 22 12 12 36 21 31 53 62 32 34 15 18 2 5 33 94 23 14 13 4 2 95 119 47 13 1 5 4 10 61 126 6 2 3 4 13 3 18 126 12 4 12 7 6;
<CIRCLE 324 111 0.891905 0 2.62219e-05>; 0 3 22 0 0 7 36 0 0 1 31 4 0 6 19 7 1 5 18 0 0 0 20 68 0 1 7 0 0 0 94 68 0 0 0 0 0 76 124 0 3 0 0 0 3 101 124 33 46 1 0 0 0 6 51 124 11 1 0 0 0 0 124 124 0 0 0 32 26 65 73 0 6 4 15 74 46 93 38 7 102 93 16 9 3 7 14 50 38 64 0 0 0 0 8 22 0 0 0 110 86 0 0 0 0 7 52 124 39 1 0 0 37 124 54 16 0 0 0 4 87 117 0 0 0 0 0 2;
<CIRCLE 227 115 1.26134 0 2.56078e-05>; 0 5 35 12 37 7 2 0 39 9 55 0 0 0 1 17 121 7 16 0 0 0 40 148 6 0 0 1 0 13 148 53 0 0 0 6 40 39 39 8 75 0 0 0 0 0 47 143 148 0 0 0 0 0 6 148 28 1 0 1 1 2 22 20 0 0 0 0 3 109 148 30 6 0 0 0 0 0 148 148 39 0 0 0 0 0 29 148 4 1 0 0 0 0 0 3 0 0 3 1 0 13 61 5 0 0 4 1 0 0 47 18 0 1 2 1 0 0 4 4 0 0 1 1 1 0 0 0;
<CIRCLE 93 69 5.04538 0 2.49159e-05>; 0 0 3 11 93 127 16 0 22 5 7 3 57 73 1 13 73 127 4 0 0 4 3 17 27 127 1 0 0 1 0 0 0 0 0 0 105 114 0 0 38 2 0 0 127 127 7 22 54 27 5 7 33 43 27 37 16 127 9 5 24 15 11 8 0 0 0 0 33 32 0 0 8 1 0 0 95 127 46 7 16 7 3 9 20 83 124 18 9 22 11 6 12 37 92 52 0 0 0 3 6 2 0 0 0 0 0 1 15 73 16 0 0 0 1 5 3 103 80 0 1 6 18 6 2 72 77 3;
<CIRCLE 329 106 6 0 2.46603e-05>; 0 5 129 21 7 23 16 0 3 28 57 33 12 8 1 0 2 13 10 1 1 1 0 0 0 0 0 1 1 1 0 0 0 38 160 9 0 1 93 2 12 160 160 13 0 3 54 29 42 153 98 0 0 0 5 55 9 15 8 4 0 0 0 3 0 4 23 1 0 28 160 3 13 23 25 0 1 93 160 117 39 25 7 2 0 1 34 160 6 3 2 5 0 0 1 8 0 0 1 6 5 6 15 0 0 0 0 5 4 24 25 11 2 0 1 3 0 0 5 12 0 0 0 2 1 0 0 0;
<CIRCLE 211 119 1.5 0 2.46218e-05>; 0 0 0 24 67 65 32 0 20 0 1 4 15 7 0 14 132 0 0 0 6 7 6 132 19 0 0 7 126 67 14 38 0 0 0 44 132 77 19 1 47 0 0 6 8 7 49 89 132 0 0 0 2 9 9 132 25 0 0 0 33 132 46 22 0 0 0 0 24 132 132 6 4 0 0 0 0 18 132 132 39 0 0 0 0 0 47 132 8 0 0 1 0 14 12 7 0 0 0 1 0 11 29 0 0 0 1 5 1 2 44 11 1 0 2 2 0 0 7 5 1 0 0 1 0 0 0 0;
<CIRCLE 275 87 1.26134 0 2.40314e-05>; 16 36 41 6 0 0 1 3 1 29 111 20 0 0 2 0 0 33 68 2 0 0 2 0 0 2 56 6 0 0 2 0 0 5 121 44 0 0 0 0 5 76 121 121 5 0 0 2 43 121 116 27 3 0 0 4 3 41 117 74 12 1 0 0 0 8 121 51 0 0 0 0 68 22 48 121 10 0 0 60 121 72 24 19 9 1 0 80 12 26 29 37 35 22 15 10 19 13 120 13 0 0 0 17 121 24 31 11 0 0 0 54 43 21 92 8 0 0 0 12 0 20 87 2 0 1 2 0;
<CIRCLE 106 67 1.06066 0 2.34884e-05>; 0 0 0 0 5 92 61 20 0 0 0 11 82 123 116 0 2 10 9 42 92 40 25 1 1 28 17 7 18 2 0 0 4 2 5 12 14 14 7 7 0 0 7 49 123 96 5 0 0 4 4 40 123 123 0 0 0 24 19 7 17 12 0 0 2 32 122 64 11 0 0 0 0 2 88 123 79 15 0 0 0 0 79 123 97 48 0 0 0 0 9 25 36 5 0 0 0 79 123 31 6 0 6 3 0 11 50 122 81 5 14 1 0 0 34 37 19 6 35 0 0 0 4 10 3 5 28 1;
<CIRCLE 170 84 1.06066 0 2.34743e-05>; 0 9 108 5 0 0 0 0 0 7 122 9 0 0 0 0 0 9 121 5 0 0 0 0 0 2 94 7 0 0 0 0 12 66 128 58 7 4 1 4 11 57 128 79 15 6 0 3 17 107 128 43 6 3 0 5 4 39 128 69 12 3 0 2 26 27 46 25 16 31 21 35 27 23 65 35 37 43 8 25 44 44 63 20 18 27 12 46 12 17 54 30 33 30 10 16 1 23 128 11 0 2 2 2 3 31 128 20 1 2 1 1 3 27 128 16 1 1 1 3 1 11 128 10 1 2 1 1;
<CIRCLE 260 82 6 0 2.34414e-05>; 0 3 57 35 0 0 0 0 4 33 53 7 2 0 0 0 2 4 1 1 3 1 2 0 0 0 0 0 4 2 2 0 7 21 137 137 0 0 0 4 106 137 78 8 0 0 0 2 28 75 48 0 0 1 20 6 0 7 38 0 0 10 32 0 7 4 17 21 2 10 23 14 28 137 46 4 0 1 27 4 6 137 137 0 0 0 15 3 0 44 137 0 0 0 7 0 3 0 1 0 1 15 137 57 0 4 4 0 0 11 137 3 2 23 15 0 0 7 137 7 0 8 46 0 0 7 137 1;
<CIRCLE 291 87 1.06066 0 2.30814e-05>; 0 9 102 3 0 0 0 0 0 7 113 12 0 0 0 0 0 13 111 10 0 0 0 0 0 2 87 12 0 0 0 0 7 73 132 53 7 1 0 0 7 65 132 101 11 0 0 0 10 125 132 59 5 0 0 0 5 49 132 64 5 0 0 0 35 38 38 28 33 28 31 31 34 35 45 70 70 37 23 25 67 77 45 40 35 23 23 47 38 37 53 48 37 32 29 16 1 11 90 5 2 5 12 8 1 2 114 25 6 12 9 7 5 19 108 3 3 7 10 14 3 6 76 6 3 12 13 6;
<CIRCLE 54 40 1.26134 0 2.28656e-05>; 0 0 1 1 2 1 0 0 0 0 12 11 2 4 1 0 0 0 52 38 1 1 0 0 0 0 101 71 0 0 0 0 0 0 3 19 16 3 0 0 0 0 73 156 40 39 11 0 0 0 156 156 4 52 72 0 0 0 156 156 5 17 124 1 0 0 0 3 17 17 3 0 0 0 0 25 35 111 92 0 0 0 7 28 4 99 156 2 0 0 1 9 1 30 156 5 0 0 0 0 2 3 1 0 0 0 0 0 3 8 7 0 0 0 0 0 1 5 21 2 0 0 0 1 3 2 19 1;
<CIRCLE 257 85 2.52269 0 2.22776e-05>; 69 35 48 0 0 0 7 55 141 112 17 0 0 0 0 73 17 42 5 0 0 1 18 10 3 7 0 0 0 0 49 6 31 61 15 10 18 6 12 17 141 141 26 2 1 0 0 5 70 140 71 0 0 0 2 6 8 57 107 8 0 0 14 4 4 15 8 19 64 42 13 4 68 141 42 3 4 23 16 1 13 141 141 0 0 0 1 0 10 50 141 20 0 0 0 0 0 24 35 0 3 24 7 0 2 18 31 1 1 42 29 0 1 39 56 0 0 10 28 8 33 37 55 0 0 0 4 20;
<CIRCLE 140 83 1.5 0 2.22351e-05>; 0 1 26 0 0 0 130 21 0 0 35 16 0 0 130 20 0 7 53 16 0 0 130 19 0 16 41 0 0 0 130 10 0 16 130 44 1 0 2 0 3 24 130 89 1 0 1 0 12 87 130 22 0 0 0 0 0 43 79 0 0 0 0 0 0 19 88 53 14 7 3 0 18 30 96 56 11 15 47 23 58 130 55 2 0 0 6 13 0 32 97 6 0 0 0 0 0 15 103 1 0 1 0 0 0 17 104 11 0 1 8 3 1 70 86 10 0 0 1 1 0 30 92 11 0 0 0 0;
<CIRCLE 340 104 1.78381 0 2.22132e-05>; 0 61 109 1 1 8 2 0 0 31 70 2 3 13 1 0 0 8 25 5 2 2 0 0 1 1 2 2 0 0 0 0 1 98 143 0 0 0 5 6 13 143 143 1 0 0 12 32 71 129 95 2 0 0 3 38 20 11 4 2 0 0 0 2 2 15 49 0 0 0 143 136 12 25 38 0 0 0 143 143 56 21 5 0 0 0 62 143 12 1 1 3 2 0 0 8 11 9 1 0 0 0 105 48 0 0 1 0 0 0 62 29 0 2 0 0 1 1 12 9 0 0 0 1 4 2 0 0;
<CIRCLE 276 87 1.26134 0 2.11598e-05>; 11 31 54 12 0 0 1 1 0 36 109 13 0 0 2 0 0 22 63 4 0 0 3 0 0 2 59 5 0 0 2 0 0 3 116 87 1 0 0 0 18 116 116 112 4 0 0 4 33 116 98 51 7 0 0 2 4 51 116 60 9 1 0 0 3 6 116 91 2 0 0 0 114 37 28 89 8 0 0 96 94 67 30 31 22 7 1 45 16 26 30 29 28 21 20 17 40 14 90 17 0 0 0 27 116 26 33 6 0 0 0 48 15 20 110 9 0 0 0 4 0 18 89 0 0 1 3 1;
<CIRCLE 258 85 2.52269 0 2.08221e-05>; 90 45 42 0 0 0 5 62 140 106 14 0 0 0 1 60 10 33 4 0 0 1 23 8 2 6 0 0 0 1 52 5 39 87 18 10 16 5 8 13 140 140 28 1 0 0 0 4 51 121 78 0 0 0 3 6 6 51 115 10 0 0 17 4 8 23 7 18 57 44 14 2 67 140 62 1 1 16 13 1 7 140 140 0 0 0 1 0 16 47 140 25 0 0 0 0 0 21 33 0 3 28 10 0 1 20 31 1 1 38 29 0 2 40 61 0 0 6 26 11 40 39 52 0 0 0 2 18;
<CIRCLE 339 104 2.12132 0 2.0621e-05>; 0 62 94 0 0 6 6 3 0 26 65 2 2 13 5 0 0 6 22 3 1 3 2 0 0 1 2 1 0 0 0 0 2 118 140 0 0 0 5 8 9 140 140 0 0 0 12 29 59 129 105 1 0 0 3 34 18 15 4 3 0 0 0 2 11 21 41 0 0 0 140 140 10 28 36 0 0 0 140 140 52 24 6 0 0 0 69 140 13 2 1 3 3 1 1 11 91 45 2 0 0 0 55 76 3 2 1 0 0 0 60 26 0 0 2 2 0 0 12 9 0 0 0 3 3 1 0 0;
<CIRCLE 190 84 1.06066 0 2.02004e-05>; 0 1 83 14 0 0 0 0 0 6 91 15 0 0 0 0 0 3 54 36 0 0 0 0 0 3 45 32 0 0 0 0 6 45 128 62 6 0 0 0 6 60 128 64 10 0 0 0 11 91 128 48 5 0 0 0 1 26 116 91 7 0 0 0 30 36 55 32 37 22 9 15 37 47 62 43 50 31 8 11 55 79 53 54 23 24 19 13 15 39 50 128 37 1 0 2 3 41 128 6 3 2 1 3 3 42 128 17 5 7 2 2 2 32 128 91 0 7 6 2 3 33 76 106 1 0 0 0;
<CIRCLE 286 87 1.06066 0 2.01625e-05>; 0 7 108 11 0 0 0 0 0 10 125 4 0 0 0 0 0 12 120 5 0 0 0 0 0 6 88 9 0 0 0 0 6 84 129 87 12 2 0 1 7 73 129 79 12 1 0 0 12 115 129 56 6 1 0 0 4 51 129 78 8 0 0 0 28 38 27 38 41 35 30 26 31 33 49 40 51 31 24 23 57 61 38 37 38 26 27 45 27 30 41 49 50 31 28 22 1 23 95 1 1 5 11 5 1 16 120 2 2 6 9 5 2 8 113 16 3 5 11 12 1 5 85 13 4 10 11 6;
<CIRCLE 105 63 1.06066 0 1.99997e-05>; 4 0 0 0 21 70 40 38 2 1 0 1 61 126 28 1 45 37 0 0 2 10 35 11 21 29 2 0 22 20 1 1 2 0 0 0 6 82 101 73 0 0 0 1 38 126 126 0 6 4 3 28 83 90 117 7 7 38 19 12 25 7 2 1 18 2 0 1 1 15 20 26 0 0 0 15 126 105 37 0 0 0 2 56 126 126 6 0 0 32 16 15 25 26 0 0 15 30 62 14 1 0 0 1 0 2 43 126 57 13 0 0 0 0 57 115 112 85 0 0 0 2 8 24 59 26 0 0;
<CIRCLE 252 76 2.12132 0 1.97589e-05>; 0 16 135 17 0 0 0 0 26 103 135 0 0 0 0 4 59 70 33 0 0 0 0 8 3 1 0 0 3 1 0 0 7 13 87 5 0 0 13 25 135 70 55 0 0 0 2 112 135 67 8 0 0 0 1 68 5 12 2 0 0 1 17 6 20 6 1 0 1 2 15 25 96 135 19 2 1 1 1 28 108 135 19 0 0 0 0 6 28 75 12 0 0 0 4 5 3 1 1 8 30 9 17 18 25 74 17 18 29 8 2 0 108 135 31 0 0 0 0 1 15 76 113 0 0 0 0 1;
<CIRCLE 296 87 1.06066 0 1.93821e-05>; 0 9 95 8 0 0 0 0 0 6 112 17 0 0 0 0 0 2 102 33 0 0 0 0 0 0 71 56 0 0 0 0 7 82 126 61 6 0 0 0 5 70 126 94 7 0 0 0 19 121 126 44 1 0 0 0 2 13 79 50 0 0 0 0 43 50 44 37 37 24 31 35 40 45 58 73 58 42 23 23 119 119 56 24 8 11 24 33 13 39 80 58 0 0 0 0 3 11 89 7 2 7 12 10 4 15 106 5 5 15 10 7 13 6 105 30 0 4 11 12 1 21 81 60 0 0 0 0;
<CIRCLE 181 84 1.06066 0 1.9256e-05>; 0 5 99 5 0 0 0 0 0 10 117 3 0 0 0 0 0 7 102 7 0 0 0 0 0 1 78 13 0 0 0 0 9 84 125 36 5 2 0 4 6 58 125 85 12 0 0 0 11 98 125 48 5 0 0 0 5 43 125 55 6 0 0 0 26 36 53 24 16 16 12 32 24 35 69 70 59 12 2 15 51 77 70 27 32 10 2 15 29 34 52 28 33 19 9 15 1 14 125 26 1 1 1 2 1 26 125 70 14 7 0 1 2 66 125 3 3 3 0 1 3 38 125 5 3 2 1 3;
<CIRCLE 341 104 1.5 0 1.90152e-05>; 0 65 107 1 1 7 0 0 0 35 77 4 4 13 1 0 0 12 24 5 4 1 0 0 2 1 1 2 0 0 0 1 0 80 144 0 0 0 5 6 20 144 144 1 0 0 11 39 85 127 72 2 0 0 2 40 17 6 3 2 0 0 0 2 0 9 55 0 0 0 144 137 18 24 32 0 0 0 144 144 61 17 2 0 0 0 48 144 9 1 1 4 2 0 0 4 0 0 1 1 0 0 120 45 0 1 0 1 0 0 60 32 0 2 0 0 1 2 10 7 0 0 0 0 4 2 0 0;
<CIRCLE 176 84 1.06066 0 1.87879e-05>; 0 7 101 4 0 0 0 0 0 4 124 10 0 0 0 0 0 8 119 4 0 0 0 0 0 8 91 2 0 0 0 0 14 89 124 34 5 3 0 4 6 54 124 92 16 4 0 3 11 94 124 46 6 1 0 3 6 65 124 51 6 0 0 0 36 37 52 16 14 22 11 40 17 23 72 40 46 38 13 22 34 42 70 45 29 9 8 28 29 45 53 38 34 9 3 16 3 22 124 13 0 1 1 2 2 15 124 14 2 2 1 1 1 14 124 62 7 2 1 2 1 37 124 31 8 5 0 1;
<CIRCLE 105 67 1.26134 0 1.82527e-05>; 14 0 0 0 2 30 76 62 0 0 0 1 34 120 106 6 7 9 4 24 65 56 68 5 3 23 12 7 26 5 0 0 58 20 3 1 0 4 10 27 0 0 7 35 117 72 22 2 0 3 7 52 120 120 4 0 0 23 17 11 24 17 0 0 47 91 120 14 0 0 0 0 0 22 105 120 61 5 0 0 0 0 92 120 89 42 0 0 0 0 11 29 34 8 0 0 5 45 107 19 0 1 63 5 0 44 79 64 36 4 76 10 0 0 16 35 30 13 114 2 0 0 3 5 1 9 83 2;
<CIRCLE 105 67 3 0 1.82527e-05>; 46 1 0 0 1 2 3 36 24 6 8 14 8 26 17 22 20 125 12 6 2 10 3 0 39 125 1 0 0 0 0 0 111 27 0 0 12 17 4 35 54 29 14 19 38 87 55 41 2 27 7 40 79 54 8 0 16 125 9 6 1 0 0 1 40 44 1 0 28 90 100 20 28 63 49 48 25 18 125 20 0 0 5 53 57 59 125 2 4 34 3 2 1 5 98 63 0 1 11 3 25 68 96 11 0 4 61 4 1 21 125 12 0 2 56 6 1 72 121 1 11 13 27 3 0 12 80 61;
<CIRCLE 328 106 6 0 1.81457e-05>; 0 5 131 18 6 23 17 0 2 25 60 35 12 9 1 0 2 14 11 1 1 1 0 0 0 0 1 1 1 1 0 0 0 35 160 8 0 1 92 2 10 156 160 14 0 4 58 25 41 158 105 0 0 0 6 55 10 18 8 3 0 0 0 4 0 4 22 1 0 24 160 3 10 22 25 0 1 95 160 100 39 26 8 2 0 3 39 160 7 3 2 5 0 0 2 11 0 0 1 6 5 5 15 0 0 0 0 5 4 24 24 9 2 0 1 3 0 1 7 13 0 0 0 2 1 0 0 0;
<CIRCLE 256 84 1.78381 0 1.80524e-05>; 89 45 4 0 0 0 4 66 97 129 28 0 0 0 0 41 10 70 28 0 0 0 8 7 3 27 8 0 0 0 31 6 16 90 34 8 8 3 2 1 129 129 29 0 0 0 0 8 80 91 40 0 0 0 2 44 14 50 44 0 0 0 1 12 8 29 11 33 42 15 4 0 119 129 20 0 0 1 1 1 32 129 129 0 0 0 0 3 0 56 129 0 0 0 0 0 1 5 2 3 11 67 30 0 14 61 12 0 0 34 29 1 1 96 103 0 0 5 8 0 0 58 129 0 0 0 2 1;
<CIRCLE 98 70 1.06066 0 1.79419e-05>; 70 29 1 0 0 0 0 13 137 59 0 0 0 0 0 31 43 15 2 1 0 1 2 18 0 0 2 14 35 19 5 1 26 72 23 0 0 0 0 0 137 137 17 0 0 0 0 0 47 88 128 8 0 0 0 0 0 13 62 106 24 0 0 0 25 17 5 0 0 0 14 3 93 82 53 9 0 0 10 2 8 70 137 33 0 0 10 1 0 60 102 64 26 0 6 2 2 1 0 0 0 2 137 10 4 9 9 2 0 1 137 19 0 8 16 5 0 2 137 12 0 11 13 4 1 1 137 23;
<CIRCLE 105 69 0.891905 0 1.77926e-05>; 4 0 1 2 4 7 5 7 0 0 0 15 124 53 6 0 0 0 0 27 124 119 0 0 0 11 5 9 31 46 0 0 2 16 72 31 3 0 0 0 0 0 46 124 52 9 0 0 0 0 79 124 103 75 0 0 0 0 8 42 95 42 0 0 0 84 124 32 3 0 0 0 0 16 70 124 101 0 0 0 0 0 99 124 49 0 0 0 0 0 30 50 15 1 0 0 0 69 69 6 0 0 44 10 0 19 54 58 34 6 57 7 0 0 2 17 35 16 101 2 0 0 2 1 1 11 95 1;
<CIRCLE 185 84 1.06066 0 1.75768e-05>; 0 9 95 2 0 0 0 0 0 4 100 12 0 0 0 0 0 2 101 16 0 0 0 0 0 4 60 16 0 0 0 0 6 64 131 56 7 0 0 0 7 68 131 75 9 0 0 0 10 78 131 49 5 0 0 0 4 39 131 61 9 0 0 0 29 44 56 42 37 11 3 16 34 60 74 41 50 17 4 10 56 58 62 26 30 17 10 23 22 29 46 40 45 36 10 6 1 36 131 35 9 6 0 1 2 64 131 3 3 3 0 1 5 43 131 12 4 2 1 5 1 35 131 14 3 9 3 0;
<CIRCLE 206 85 1.06066 0 1.73179e-05>; 0 0 37 30 6 1 0 0 2 6 52 41 2 0 0 0 4 9 100 65 1 0 7 17 1 0 131 131 0 0 5 16 0 2 102 82 18 1 0 0 0 5 131 131 20 0 0 0 0 2 131 131 10 3 0 0 0 3 131 131 0 1 1 0 0 1 41 59 67 15 0 0 0 1 29 110 124 32 0 0 0 0 21 64 57 85 11 0 0 2 12 8 1 26 26 2 0 2 87 71 8 1 0 0 0 4 70 50 30 9 0 0 0 0 7 30 55 29 1 0 0 0 6 13 7 10 7 0;
<CIRCLE 259 85 3 0 1.73026e-05>; 76 56 119 3 0 0 1 28 137 95 18 0 0 0 0 28 12 15 0 0 0 1 21 8 1 0 0 0 0 1 43 3 54 72 9 5 13 4 7 26 137 137 17 1 0 0 0 6 31 127 90 1 0 0 8 6 3 38 129 5 0 0 32 5 7 25 11 8 48 34 9 4 46 137 68 1 3 19 13 1 7 137 137 2 0 0 1 1 26 93 137 9 0 0 0 0 0 21 41 1 2 12 12 0 0 16 39 1 1 19 22 1 12 38 47 0 0 2 12 10 29 59 60 0 0 0 2 2;
<CIRCLE 106 65 0.891905 0 1.71142e-05>; 0 0 0 0 16 127 59 8 0 0 0 1 19 127 127 2 8 7 3 13 39 46 53 6 4 30 14 4 14 3 0 0 0 0 0 0 16 76 43 4 0 0 0 22 127 115 45 0 0 1 6 76 127 54 2 0 1 42 19 10 7 4 0 0 0 0 8 31 22 6 0 1 0 0 16 69 127 84 0 0 0 0 4 31 127 127 0 0 0 12 10 3 38 29 0 0 0 18 79 85 16 0 0 0 0 0 77 127 51 2 0 0 0 0 81 119 55 15 0 0 0 0 5 32 39 3 0 0;
<CIRCLE 281 87 1.06066 0 1.68954e-05>; 0 59 82 1 0 0 0 0 0 8 103 17 0 0 0 0 0 12 115 6 0 0 0 0 0 6 87 3 0 0 0 0 48 123 106 12 0 0 0 5 10 64 123 123 22 1 0 0 10 118 123 54 7 1 0 1 4 43 123 58 8 1 0 0 123 74 12 9 2 0 0 94 30 38 27 73 69 29 13 6 44 53 33 24 27 25 27 35 20 22 34 29 37 28 23 17 64 20 61 6 0 0 0 27 2 29 116 7 3 4 4 1 1 17 107 1 1 4 10 8 1 12 77 2 1 5 9 4;
<CIRCLE 196 84 1.06066 0 1.60694e-05>; 0 2 42 27 0 0 0 0 0 4 56 40 0 0 0 0 0 0 72 60 5 2 0 0 0 0 67 38 4 2 0 0 8 70 113 36 4 0 0 0 2 34 113 111 8 0 0 0 5 75 113 47 11 3 0 0 0 6 79 91 14 3 0 0 41 60 42 39 18 19 16 10 19 49 61 113 44 2 0 2 74 103 66 43 20 2 0 7 5 9 65 91 85 12 0 0 1 26 113 67 0 6 5 1 3 39 94 113 2 0 0 0 16 94 113 13 2 0 0 1 0 7 111 77 22 5 0 0;
<CIRCLE 140 101 1.26134 0 1.58942e-05>; 0 16 26 0 0 14 27 0 0 18 56 2 0 5 4 0 0 24 50 1 0 0 0 0 0 20 45 0 0 0 0 0 0 1 1 0 0 151 151 0 0 4 11 1 0 151 151 0 0 16 25 0 0 44 151 2 0 9 38 0 0 28 72 0 0 0 0 0 0 62 66 0 0 0 0 0 0 151 151 1 0 0 0 0 0 74 151 8 0 0 0 0 0 126 151 0 0 0 2 0 0 1 2 0 0 0 1 0 2 5 13 0 0 0 2 1 1 5 26 1 0 0 0 0 0 16 34 0;
<CIRCLE 206 86 1.5 0 1.5101e-05>; 0 0 51 44 2 2 12 0 0 2 79 65 1 1 10 0 1 5 114 97 2 1 5 6 0 1 129 129 1 1 8 6 3 27 79 80 16 0 0 0 0 0 129 129 43 3 0 0 0 1 129 129 24 14 2 0 0 1 129 129 1 4 7 1 3 33 116 69 20 0 0 0 0 0 64 129 93 14 0 0 0 0 11 48 78 61 8 0 0 0 8 10 3 13 23 2 0 6 47 25 7 11 2 0 0 1 45 34 10 23 5 0 0 0 7 22 26 20 13 0 0 0 6 9 3 16 24 0;
<CIRCLE 274 88 1.78381 0 1.48787e-05>; 11 55 23 0 0 0 8 4 5 36 80 6 0 1 29 3 0 24 77 2 0 2 42 0 0 2 54 2 0 1 36 0 3 38 131 6 0 0 0 0 7 33 131 99 0 0 0 0 38 131 131 29 1 0 0 2 1 25 131 27 2 0 0 0 2 53 131 4 0 0 0 0 86 39 131 46 0 0 0 9 126 67 64 10 1 0 0 13 3 20 88 10 3 1 1 2 12 20 44 0 0 0 16 36 88 40 37 0 0 0 0 33 25 39 124 0 0 0 0 1 0 16 131 0 0 0 0 0;
<CIRCLE 170 83 1.26134 0 1.40903e-05>; 0 5 58 0 0 0 57 0 0 1 68 5 0 1 70 0 0 2 70 2 0 0 69 1 0 1 57 2 0 2 54 0 3 44 133 48 3 0 0 0 4 50 133 48 4 0 0 0 4 65 133 37 2 0 0 0 1 35 133 36 2 0 0 0 28 40 70 52 28 32 14 24 35 48 96 52 33 37 9 30 46 69 96 41 27 28 8 36 16 43 79 43 27 22 8 22 3 23 133 11 1 6 4 4 5 32 133 20 2 6 4 5 6 25 133 17 2 4 3 7 2 12 133 17 3 4 3 3;
<CIRCLE 342 104 1.06066 0 1.29243e-05>; 0 73 129 0 0 1 0 0 0 44 113 10 6 4 0 0 4 28 24 4 2 0 0 0 3 2 1 1 0 0 0 1 2 68 134 0 0 0 4 10 40 134 134 0 0 0 7 46 113 121 33 0 0 0 1 37 21 5 1 1 1 0 0 2 2 10 38 0 0 0 134 134 33 18 13 0 0 0 134 134 71 9 1 0 0 0 29 134 12 1 2 3 2 0 0 3 0 0 0 0 0 0 131 74 0 0 0 0 0 1 65 48 0 0 0 0 0 2 12 13 0 0 0 0 3 0 0 0;
<CIRCLE 100 37 2.52269 0 1.26396e-05>; 0 40 154 7 0 0 0 0 0 154 118 0 0 0 0 0 0 45 5 0 5 1 0 0 0 0 0 0 2 2 0 0 0 41 137 4 0 1 1 1 31 154 68 0 0 0 0 2 73 154 11 0 0 0 0 0 6 22 0 0 1 1 0 0 3 3 1 0 0 6 9 4 101 36 0 0 0 1 3 33 128 154 3 1 0 0 0 8 29 154 1 0 0 0 0 0 9 6 6 1 1 3 2 6 69 1 2 3 0 0 0 38 22 69 13 21 1 0 0 4 36 154 3 1 0 0 0 0;
<CIRCLE 256 83 1.26134 0 1.17311e-05>; 70 102 19 0 0 0 0 18 14 119 69 0 0 0 0 2 6 76 69 0 0 0 8 4 3 42 43 0 0 0 18 4 12 119 44 1 0 0 0 0 119 119 32 0 0 0 0 43 43 40 30 0 0 0 39 90 6 28 29 0 0 0 42 30 27 66 18 4 1 0 0 0 119 119 10 0 0 0 0 11 36 119 119 0 0 0 6 18 2 29 119 0 0 0 6 3 8 26 3 2 0 6 4 0 55 119 17 0 0 0 0 0 4 119 119 0 0 0 0 0 0 57 119 0 0 0 0 0;
<CIRCLE 128 71 3 0 9.86857e-06>; 21 136 4 3 2 0 0 0 13 136 6 0 0 0 0 0 0 32 11 1 0 0 0 0 0 1 3 0 0 0 0 0 2 55 5 13 12 3 18 6 9 136 39 0 0 0 29 25 6 136 122 0 0 0 27 18 2 46 83 0 0 0 9 6 2 1 1 2 2 29 131 39 24 25 13 0 0 0 136 136 8 43 61 5 0 0 136 76 4 28 55 3 0 0 98 29 2 11 60 8 0 17 33 9 16 40 111 0 0 1 8 27 1 15 136 20 0 0 9 4 0 52 91 9 0 0 3 0;
<CIRCLE 101 36 1.78381 0 9.4639e-06>; 0 131 153 0 0 0 0 0 6 153 41 0 0 0 0 0 0 34 6 0 3 0 0 0 0 0 0 0 2 1 0 0 2 102 42 0 0 0 0 0 33 153 32 0 0 0 0 0 64 153 16 0 0 0 0 0 6 18 0 0 1 2 0 0 9 7 1 0 0 1 4 5 121 63 1 0 0 0 0 33 142 153 1 0 0 0 0 6 24 134 1 0 0 0 0 0 15 0 1 2 3 5 5 10 83 2 0 0 0 0 0 35 26 105 7 4 6 0 0 2 34 153 1 0 0 0 0 0;
<CIRCLE 95 30 1.5 0 8.76353e-06>; 0 6 67 1 0 0 0 0 0 13 51 1 0 0 0 0 1 8 12 1 0 0 0 0 0 0 0 0 2 2 0 0 0 35 171 0 0 0 0 0 0 155 171 0 0 0 0 0 14 171 91 0 0 0 0 0 3 39 5 1 1 0 0 0 1 13 80 0 0 0 0 0 4 102 91 0 0 0 0 0 23 171 40 0 0 0 0 0 16 171 40 0 0 0 0 0 0 2 2 0 0 3 1 0 2 11 4 0 0 0 0 1 36 71 7 0 0 0 0 10 104 157 6 0 0 0 0 8;
<CIRCLE 98 38 5.04538 0 8.66191e-06>; 0 0 37 17 0 0 0 0 0 17 68 5 0 0 0 0 0 12 8 1 5 0 0 0 0 0 0 1 4 1 0 0 0 0 137 136 17 24 1 0 16 137 137 27 0 1 0 1 40 137 26 0 1 0 0 0 2 14 0 0 3 1 0 0 0 0 12 19 109 137 8 0 58 39 13 2 16 21 2 21 82 137 5 0 0 2 1 7 18 137 0 0 1 0 0 0 0 0 0 0 121 137 0 0 49 4 0 0 49 75 9 31 21 69 6 6 30 30 13 14 16 137 8 1 4 1 3 5;
<CIRCLE 252 75 1.78381 0 8.38521e-06>; 0 26 132 4 0 0 0 0 25 101 132 0 0 0 0 6 70 73 45 0 0 0 0 13 6 1 0 1 2 0 0 0 6 13 69 0 0 0 18 27 132 51 52 0 0 0 2 132 132 38 7 0 0 0 1 108 5 4 1 1 1 1 14 5 25 13 2 0 0 0 12 29 126 132 19 0 0 0 1 57 68 132 48 0 0 0 0 16 11 68 28 0 0 0 8 13 3 7 4 8 16 12 23 8 23 100 32 10 9 2 0 0 132 132 14 0 0 0 0 11 29 46 44 0 0 0 1 22;
<CIRCLE 322 89 1.26134 0 7.30353e-06>; 0 10 123 40 15 24 5 0 0 30 78 9 7 9 2 0 1 13 10 0 0 1 1 3 0 0 1 3 3 0 0 0 11 50 123 58 80 66 34 8 20 123 123 2 0 0 43 23 40 123 27 0 0 0 7 19 8 9 1 1 1 1 2 3 3 11 32 1 21 117 123 13 11 30 16 0 0 4 123 80 35 32 14 0 0 0 123 93 7 9 4 0 0 18 48 20 0 35 123 10 0 1 7 0 0 110 106 0 0 0 16 7 0 51 123 8 0 0 13 4 0 72 68 0 0 7 9 1;
<CIRCLE 109 77 1.5 0 6.85981e-06>; 0 24 91 84 13 1 6 1 0 0 27 114 34 9 23 0 0 0 6 21 9 4 30 2 0 2 1 1 0 0 30 4 0 11 21 9 4 5 135 22 0 0 2 8 11 68 135 3 0 0 0 2 8 58 135 6 0 1 5 2 0 4 135 21 0 1 25 4 1 8 108 4 0 2 16 2 18 95 81 0 0 1 6 1 15 124 135 0 0 1 12 7 1 23 135 10 0 13 133 2 0 1 1 0 0 22 135 1 0 4 3 0 0 22 112 15 0 6 32 1 1 6 73 52 0 2 38 1;
<CIRCLE 227 73 1.26134 0 6.63356e-06>; 0 0 2 1 2 0 0 0 0 1 10 11 2 0 0 0 0 0 42 52 1 1 0 0 0 0 108 96 0 0 0 0 1 2 57 21 0 0 0 5 1 1 41 84 20 0 1 2 0 0 74 142 65 0 0 0 0 0 142 142 6 0 7 1 3 2 93 93 0 0 12 31 2 3 132 142 19 0 1 5 0 0 14 142 96 3 7 1 0 0 5 29 12 2 30 10 0 6 133 142 1 0 0 1 0 23 109 89 3 0 0 0 0 0 23 54 11 2 2 0 0 0 12 16 0 0 3 1;
<CIRCLE 272 92 3.56762 0 6.3929e-06>; 87 94 4 0 0 0 0 2 10 31 27 0 0 0 21 9 0 9 35 0 0 3 50 2 0 0 23 0 0 6 43 0 30 135 60 0 1 2 1 0 5 108 135 0 0 0 0 0 2 98 135 0 0 0 2 0 0 8 135 0 0 0 3 0 2 31 30 1 1 6 15 1 18 89 65 0 0 0 9 1 7 91 135 0 0 0 6 0 0 8 135 0 0 0 3 0 0 1 4 0 0 9 135 1 0 9 7 0 0 9 135 2 0 7 29 0 0 5 135 2 0 1 33 0 0 9 135 0;
<CIRCLE 208 87 3.56762 0 5.85231e-06>; 0 0 26 5 1 9 24 0 0 3 40 19 2 6 7 0 0 1 89 69 0 0 0 0 0 0 91 136 0 0 0 0 0 1 136 39 1 7 14 0 0 0 136 136 8 5 4 0 0 0 136 136 7 1 2 0 0 0 126 136 0 0 11 3 0 1 136 42 0 0 0 0 0 0 92 136 24 0 0 0 10 4 19 71 30 6 9 13 9 1 4 3 0 11 50 21 0 0 51 10 0 38 117 0 0 0 40 34 11 56 15 1 32 12 10 21 8 4 8 23 35 24 14 1 4 14 17 20;
<CIRCLE 220 115 1.78381 0 5.66778e-06>; 15 2 12 8 8 2 12 33 28 16 8 3 27 26 52 40 12 26 100 11 15 4 1 1 34 15 47 4 1 0 11 44 114 0 1 0 2 4 8 124 34 0 0 3 126 126 41 71 17 2 10 7 57 48 67 54 126 3 2 0 0 0 20 126 126 0 0 0 0 3 28 126 39 0 0 0 22 126 77 50 1 0 0 0 5 81 126 82 23 0 0 0 0 0 64 126 7 0 0 0 0 0 49 88 5 0 0 0 1 6 9 12 0 0 0 1 2 4 29 4 0 0 3 1 0 0 6 4;
<CIRCLE 323 89 1.26134 0 5.66568e-06>; 0 17 129 28 14 23 4 0 0 33 57 5 5 6 2 0 2 8 7 1 1 0 1 4 0 0 0 3 3 0 0 0 18 87 129 35 37 43 47 15 26 129 106 1 0 0 36 27 41 106 18 0 0 0 4 17 4 3 0 1 1 2 2 2 5 14 29 0 10 85 129 27 20 39 16 0 0 0 129 108 37 31 14 0 0 2 116 85 3 5 2 0 0 29 47 11 0 61 129 6 0 1 12 1 0 109 122 2 0 0 17 8 0 66 129 7 0 1 13 4 0 71 63 0 1 13 10 0;
<CIRCLE 245 86 1.06066 0 5.53584e-06>; 4 2 0 0 0 1 78 20 5 23 3 0 1 18 78 10 0 49 51 15 7 11 11 1 1 121 74 5 0 0 0 0 32 0 0 0 0 0 77 59 33 1 0 33 48 76 121 65 0 5 23 99 121 67 23 0 7 90 55 20 7 0 0 0 35 9 1 2 4 0 30 73 28 5 4 121 121 13 10 36 0 0 4 121 121 26 6 0 3 47 18 15 6 3 3 0 12 60 29 3 4 0 1 4 1 18 19 34 114 72 11 1 0 0 0 13 51 121 106 0 1 2 1 1 0 98 57 0;
<CIRCLE 309 111 1.06066 0 5.47488e-06>; 0 1 44 4 0 1 18 0 0 4 62 1 0 2 14 1 0 9 56 1 0 0 13 5 0 1 35 11 0 0 25 2 0 0 3 0 0 15 161 2 0 0 5 0 0 74 161 9 0 1 3 0 0 6 161 107 0 0 1 1 0 0 161 55 0 0 0 0 0 22 161 0 0 0 0 0 0 87 161 10 0 0 0 0 0 7 161 107 0 0 1 0 0 0 161 38 0 0 0 1 1 2 3 0 0 0 4 2 1 3 14 2 0 1 5 3 0 0 12 4 0 3 2 0 0 0 1 0;
<CIRCLE 315 90 7.13524 0 4.62349e-06>; 0 0 0 0 6 8 13 0 0 0 0 2 14 13 6 0 0 0 0 4 10 1 0 0 0 0 1 2 0 0 0 0 1 59 142 1 0 9 21 1 0 10 142 31 12 24 11 0 0 45 73 18 8 3 0 0 0 12 7 1 1 1 0 0 1 66 142 0 0 5 142 6 1 42 142 7 0 8 142 5 31 142 142 3 0 5 57 59 32 57 17 0 0 0 0 29 0 0 0 3 0 14 142 1 0 0 1 3 1 33 142 2 9 4 0 0 0 27 111 83 9 1 0 2 0 0 1 39;
<CIRCLE 245 85 1.26134 0 3.99385e-06>; 9 11 1 0 0 1 26 9 26 43 3 0 0 1 18 14 29 99 52 3 0 0 3 20 38 122 78 0 0 0 0 3 24 3 0 0 0 0 100 41 17 6 1 5 24 56 122 47 0 29 51 54 80 47 26 1 52 122 58 6 0 0 0 0 49 7 0 0 0 0 28 88 41 5 3 122 115 24 32 61 0 6 13 122 122 30 8 0 33 113 22 8 2 1 1 0 19 59 21 1 0 0 2 11 2 28 23 40 102 56 11 4 0 1 1 23 51 122 97 0 12 13 2 1 0 75 41 1;
<CIRCLE 89 84 1.5 0 3.95195e-06>; 0 0 0 2 58 25 1 0 0 0 0 1 132 132 56 5 5 5 4 0 3 28 132 32 3 5 8 0 0 0 132 19 0 0 0 0 39 19 1 0 0 0 4 8 132 106 2 1 3 20 84 17 34 33 9 6 1 23 132 3 0 2 6 1 0 0 0 0 11 9 0 0 0 0 0 2 65 132 30 0 0 1 25 9 18 132 132 0 0 4 75 7 2 132 132 0 0 0 2 0 0 1 0 0 0 0 0 1 3 14 7 0 0 0 1 1 2 39 54 0 0 0 0 0 0 72 106 0;
<CIRCLE 201 87 2.52269 0 3.90319e-06>; 0 0 46 5 1 12 91 0 0 0 47 23 1 18 92 0 0 4 55 42 4 11 44 1 0 1 83 77 6 2 2 0 0 7 136 23 0 1 3 0 0 9 136 100 1 1 3 0 0 0 136 136 30 2 0 0 0 0 136 136 11 5 2 0 0 7 136 26 1 0 0 0 0 10 136 80 5 0 0 0 0 0 44 136 64 6 0 0 1 0 6 21 31 22 6 4 0 2 100 8 1 0 4 0 0 1 86 36 3 0 1 0 0 2 35 43 12 2 0 0 9 8 11 28 16 7 1 1;
<CIRCLE 245 89 1.26134 0 3.40892e-06>; 23 2 0 0 0 0 70 35 17 3 0 8 23 46 117 42 0 19 35 49 77 39 20 0 42 116 41 5 0 0 0 0 47 10 0 0 0 0 26 85 36 6 4 117 117 21 25 54 0 5 10 117 117 31 9 0 29 103 19 8 1 2 1 0 20 80 31 1 0 0 1 9 2 42 34 39 109 74 15 3 0 3 2 18 52 117 117 0 14 12 2 1 0 116 62 2 0 43 43 2 0 0 0 0 0 80 75 4 0 6 4 0 0 62 41 1 0 60 36 0 0 5 18 2 1 117 55 0;
<CIRCLE 93 33 5.04538 0 3.20405e-06>; 0 0 3 3 2 0 0 0 0 1 16 2 0 0 1 0 0 2 5 0 4 0 0 0 0 0 0 1 4 0 0 0 0 0 128 125 8 3 0 0 1 58 136 66 0 0 0 0 13 136 93 0 1 0 0 0 3 20 0 0 3 1 0 0 0 0 47 82 76 136 20 0 20 35 94 29 30 44 2 7 107 136 22 0 0 0 0 8 27 136 0 0 1 0 0 0 0 0 0 0 99 132 5 0 26 0 0 0 93 114 2 18 43 53 4 1 9 18 11 27 21 136 4 1 6 5 0 0;
<CIRCLE 188 91 1.5 0 3.06274e-06>; 12 53 112 36 9 0 0 0 12 52 131 41 12 3 0 3 10 53 131 46 14 7 1 2 7 43 97 84 2 0 0 0 5 49 131 31 9 11 2 0 6 69 131 18 6 6 2 5 5 43 131 58 8 8 2 3 4 37 131 103 0 0 0 0 1 6 54 15 9 41 14 2 7 24 70 12 4 25 16 17 3 16 84 18 3 31 36 6 0 4 47 22 3 19 13 0 0 3 123 12 0 0 0 0 0 16 131 2 0 0 0 0 0 3 131 6 0 1 2 0 0 0 90 19 2 2 1 0;
<CIRCLE 246 89 1.5 0 2.99421e-06>; 12 2 0 0 0 0 62 41 7 14 5 8 25 35 82 22 4 88 67 24 26 11 3 0 124 124 28 0 0 0 0 8 40 7 1 2 3 0 17 95 10 1 2 117 124 36 28 39 4 38 25 93 94 27 8 0 124 124 12 0 0 1 0 0 19 71 33 3 4 0 0 10 1 32 33 31 93 90 27 2 0 6 3 10 24 124 109 0 34 75 6 0 0 66 49 5 0 39 52 2 0 0 0 0 0 75 71 2 0 6 4 0 0 44 53 0 2 62 24 0 0 5 21 1 1 84 54 0;
<CIRCLE 211 118 1.78381 0 2.8338e-06>; 0 0 6 3 30 110 33 0 14 2 17 3 14 15 2 11 72 1 3 1 11 13 26 122 5 3 7 6 92 45 27 23 0 0 0 30 134 100 16 0 56 0 0 14 41 18 25 73 134 0 0 0 12 31 15 134 9 0 0 0 66 134 85 20 0 0 0 1 73 134 86 1 11 0 0 0 5 46 134 134 64 0 0 0 0 5 43 134 5 0 0 0 1 48 55 9 0 0 0 1 0 20 27 0 0 0 0 3 1 6 66 15 1 1 1 1 0 0 11 12 0 0 0 1 1 0 0 0;
<CIRCLE 108 78 3.56762 0 2.78385e-06>; 71 16 1 0 14 24 7 27 21 15 7 19 44 56 23 16 8 116 8 14 31 13 2 1 11 116 19 0 0 0 1 3 29 21 2 0 25 96 101 23 13 20 15 29 33 46 116 15 2 9 1 11 23 53 116 32 18 68 10 0 0 0 93 116 0 0 5 2 23 107 69 5 0 0 54 14 4 64 100 4 2 9 68 15 3 49 83 16 16 40 98 1 0 3 29 53 0 0 0 0 1 50 35 0 0 0 4 2 1 95 106 0 0 1 18 4 1 112 116 0 0 6 41 1 0 75 97 0;
<CIRCLE 317 89 8.48528 0 2.6797e-06>; 2 3 0 1 9 8 6 0 0 0 0 2 21 11 2 0 0 0 0 5 11 0 0 0 0 0 0 3 3 0 0 0 8 119 142 2 0 9 12 1 0 14 142 32 14 23 6 0 0 47 75 13 9 2 0 0 1 9 4 3 3 0 0 0 4 102 142 0 0 6 142 16 3 51 142 7 0 11 142 10 59 142 106 2 0 3 55 71 27 33 7 2 0 0 0 14 0 0 0 4 1 15 142 2 0 0 0 4 3 33 142 5 12 1 0 1 0 12 87 71 7 0 0 3 0 0 0 15;
<CIRCLE 94 31 2.52269 0 2.5831e-06>; 0 0 29 6 0 0 0 0 0 6 43 0 0 0 0 0 0 5 10 0 1 2 0 0 0 0 0 1 5 0 0 0 0 4 167 114 0 0 0 0 0 113 167 4 0 0 0 0 0 167 115 0 0 0 0 0 1 47 4 0 4 1 0 0 0 3 89 45 0 1 2 4 2 66 97 0 0 2 2 1 65 167 32 0 0 0 0 5 69 167 5 0 0 0 0 0 2 1 0 1 3 6 6 5 8 3 2 1 1 6 10 7 98 25 0 0 0 0 1 31 58 167 3 1 0 0 0 2;
<CIRCLE 116 85 1.06066 0 2.4785e-06>; 1 4 6 0 5 45 129 1 0 0 15 8 3 21 129 2 0 2 31 12 0 6 129 31 9 15 23 0 0 0 129 68 1 29 113 11 0 0 14 0 0 2 129 127 3 1 24 0 12 28 129 58 1 1 18 4 13 81 88 0 0 0 6 5 0 38 129 10 0 0 0 0 0 16 125 76 7 3 0 1 26 46 55 14 2 3 1 10 20 43 63 0 0 0 0 0 0 13 72 0 0 43 54 0 0 31 103 1 0 15 31 0 0 53 100 0 0 2 6 0 0 28 104 0 0 0 0 0;
<CIRCLE 163 84 2.12132 0 2.38838e-06>; 0 8 31 0 0 0 126 18 0 6 38 0 0 0 137 13 0 3 38 0 0 0 137 4 0 1 27 0 0 0 118 2 0 15 137 24 0 0 15 3 0 20 137 3 0 0 19 1 0 16 137 3 0 0 20 0 0 9 137 3 0 0 15 0 0 10 117 68 0 0 0 0 0 37 137 28 0 0 0 0 0 30 137 3 0 0 0 0 0 18 137 5 0 0 0 0 0 16 92 23 0 0 0 0 0 13 82 17 0 0 0 0 0 17 95 0 0 0 0 0 0 20 77 0 0 0 0 0;
<CIRCLE 226 73 1.78381 0 2.29592e-06>; 0 0 1 4 1 0 0 0 0 1 5 6 1 0 0 0 0 0 24 35 1 0 0 0 0 0 87 66 0 0 0 0 0 0 54 15 0 0 0 0 0 1 61 78 4 0 0 0 0 0 83 147 28 0 0 0 0 0 147 147 4 0 5 0 0 0 107 109 0 1 1 0 0 1 147 147 4 0 0 0 0 0 43 147 55 1 1 0 0 0 13 44 11 3 16 1 0 0 147 135 0 0 0 0 0 1 126 78 0 0 0 0 1 1 40 40 2 0 0 1 4 1 6 5 0 0 1 13;
<CIRCLE 117 85 1.06066 0 1.82192e-06>; 1 2 7 1 4 31 130 1 0 0 21 13 2 18 130 5 1 5 36 7 0 2 130 53 22 22 18 0 0 0 110 76 1 17 111 36 0 0 17 0 1 5 130 130 3 2 24 1 17 45 130 25 0 0 14 5 11 104 74 0 0 0 5 5 0 26 130 30 1 0 0 0 4 23 89 65 8 5 1 4 35 55 57 2 0 1 1 7 13 44 81 0 0 0 0 0 0 16 81 0 0 29 44 0 0 42 101 0 0 10 20 0 0 52 112 0 0 1 2 0 0 24 111 0 0 0 0 0;
<CIRCLE 216 98 1.78381 0 1.15051e-06>; 0 0 9 51 99 43 8 0 3 0 4 15 16 33 36 8 20 0 1 1 0 5 53 67 1 0 0 0 0 19 85 12 0 0 35 67 26 31 9 0 12 27 65 69 16 29 32 10 98 47 15 2 0 6 42 94 5 0 0 0 0 54 97 17 1 3 37 51 23 20 19 5 53 34 39 61 104 32 2 0 137 99 13 2 5 3 16 37 47 11 17 7 6 54 86 24 2 21 106 19 10 8 5 3 41 6 23 33 67 22 62 81 137 111 61 8 31 37 77 51 28 59 137 25 9 5 1 4;
<CIRCLE 86 54 1.26134 0 9.72827e-07>; 5 24 50 34 23 11 3 4 1 2 12 35 19 6 6 1 5 26 33 2 0 2 2 0 17 7 34 16 3 0 0 13 14 2 13 5 95 91 1 11 34 7 3 5 5 33 65 80 6 3 2 6 35 82 33 7 69 2 0 0 2 1 0 55 21 8 0 0 166 166 1 5 61 80 60 36 18 19 8 33 14 6 30 82 67 29 4 9 130 0 0 0 4 0 0 88 0 1 0 0 166 166 0 0 0 10 28 7 56 67 13 0 32 1 12 11 0 2 10 21 137 8 0 0 0 0 0 73;
<CIRCLE 154 89 1.78381 0 8.71412e-07>; 1 52 87 0 0 0 1 0 0 38 124 36 2 0 2 1 0 28 124 25 1 0 3 0 0 22 124 11 0 0 2 0 3 57 124 5 0 0 0 0 0 40 124 57 13 0 0 0 0 36 124 94 15 1 0 0 3 56 124 13 1 0 0 0 0 56 124 4 0 0 0 0 0 63 124 25 1 0 0 0 0 13 96 84 18 3 1 0 0 22 105 3 1 2 8 1 0 27 75 0 0 8 23 0 0 33 124 0 0 3 8 0 0 23 124 2 0 0 1 0 0 15 97 0 0 0 1 0;
<CIRCLE 325 97 1.26134 0 7.48174e-07>; 1 20 23 0 0 6 120 32 13 21 22 0 0 0 106 60 6 17 13 0 0 13 51 22 0 1 1 0 0 26 25 0 0 112 103 0 0 0 4 2 0 67 120 12 0 0 5 2 0 120 120 3 0 3 5 0 0 52 78 0 1 16 6 0 0 63 102 1 0 0 0 0 0 42 120 18 0 0 0 0 0 120 120 3 0 0 0 0 0 87 120 0 0 0 0 0 0 16 107 2 0 0 0 0 0 15 120 6 0 0 0 0 0 58 120 0 0 0 0 0 0 34 120 0 0 0 0 1;
<CIRCLE 84 55 1.5 0 6.23002e-07>; 2 4 7 2 113 113 1 2 1 5 18 22 14 7 3 3 2 8 7 5 3 4 5 1 8 7 18 6 1 0 0 4 0 0 1 0 149 149 0 0 19 5 6 2 41 46 8 21 7 5 3 9 15 33 25 17 29 0 0 1 7 7 0 22 0 0 0 0 149 149 0 0 12 14 9 1 149 149 0 3 8 13 30 28 12 6 2 4 57 0 0 5 5 0 0 36 0 0 0 0 126 136 0 0 0 0 0 0 149 149 0 0 7 0 2 1 19 26 7 5 60 7 0 0 0 0 0 20;
<CIRCLE 105 49 1.26134 0 6.09334e-07>; 98 7 0 0 1 0 0 36 16 69 8 5 36 14 0 1 60 178 6 2 12 5 0 0 54 178 0 0 0 0 0 0 64 7 0 1 0 0 0 31 7 15 27 17 38 17 0 0 37 178 9 7 60 37 0 0 102 178 0 0 1 1 0 0 25 8 0 13 9 0 0 9 8 27 34 78 38 0 0 0 23 66 13 6 44 59 0 0 48 178 1 1 22 17 0 0 11 3 0 15 25 4 0 1 10 23 1 60 71 7 0 0 48 89 0 4 24 16 0 0 9 52 1 1 39 37 0 0;
<CIRCLE 104 52 1.26134 0 5.89524e-07>; 98 3 0 0 0 0 0 56 22 21 15 7 21 10 0 1 18 149 14 9 75 39 0 0 101 149 0 0 3 3 0 0 65 9 0 3 1 0 0 36 6 15 33 82 37 0 0 1 24 64 37 27 53 53 0 0 51 149 2 1 34 38 0 0 31 9 0 9 13 1 0 7 5 14 3 111 123 5 0 0 74 147 3 28 34 15 0 0 17 70 1 2 77 60 0 0 19 2 0 1 9 18 40 36 2 1 0 17 107 149 30 13 60 65 0 4 22 26 27 7 32 44 1 0 36 42 1 1;
<CIRCLE 262 80 1.26134 0 5.38974e-07>; 7 24 11 1 0 1 12 10 0 10 5 2 0 2 58 10 1 2 1 0 0 8 86 7 0 0 0 1 0 4 82 3 15 124 112 0 0 0 4 14 10 119 124 0 0 0 30 15 6 103 91 0 0 2 48 14 5 62 37 0 0 2 67 4 120 70 22 0 0 0 22 120 17 35 57 0 0 0 92 66 4 48 66 0 0 0 49 45 19 48 57 1 0 0 13 15 73 124 84 0 0 0 0 7 3 67 124 0 0 0 1 1 0 42 124 0 0 0 1 0 0 15 124 5 0 0 0 0;
<CIRCLE 90 45 1.26134 0 5.35805e-07>; 19 11 9 9 11 23 46 56 0 0 2 12 38 48 26 6 6 3 2 0 1 8 26 27 75 4 0 0 1 3 3 40 22 47 50 20 15 22 8 8 64 34 20 26 25 24 86 112 10 6 10 33 63 98 107 37 125 1 0 6 9 7 5 99 8 12 14 44 46 25 4 0 57 122 108 14 3 2 3 17 31 24 116 110 54 15 4 25 125 1 2 11 7 0 0 125 6 2 9 15 5 21 47 30 6 8 21 1 6 42 18 3 97 5 15 2 0 0 0 77 125 2 0 0 0 0 0 125;
<CIRCLE 104 51 1.06066 0 5.28571e-07>; 87 9 0 0 0 0 0 36 16 25 17 7 27 13 0 0 8 99 14 10 98 49 0 0 104 146 1 1 9 5 0 0 47 7 0 5 3 0 0 22 4 12 50 83 25 0 0 0 12 43 54 30 66 54 0 0 43 146 2 1 40 55 0 0 22 16 0 20 16 0 0 1 4 17 13 146 111 0 0 0 73 146 15 37 23 18 1 0 15 56 1 2 96 72 0 0 17 2 0 13 35 13 4 4 1 5 0 71 143 34 2 0 70 116 0 17 19 2 0 0 37 62 0 0 46 48 0 0;
<CIRCLE 217 98 1.26134 0 4.6673e-07>; 0 0 12 18 5 39 74 0 6 5 18 7 3 25 76 28 44 3 0 0 0 1 21 90 3 0 0 0 3 17 22 8 0 0 83 89 8 10 33 0 15 79 144 38 8 11 34 13 100 74 9 0 0 7 56 73 4 0 0 0 2 50 104 9 0 0 21 61 68 35 16 0 93 68 50 34 49 10 0 0 153 87 3 0 0 3 17 33 42 0 0 0 0 60 79 23 0 2 17 37 89 39 16 1 75 11 0 8 79 14 8 3 153 121 16 0 0 0 6 14 48 37 84 12 5 25 13 11;
<CIRCLE 309 93 1.06066 0 4.38849e-07>; 0 31 51 5 0 0 0 0 0 37 68 26 0 0 0 0 0 120 34 11 16 0 0 0 0 10 15 32 121 96 4 0 0 77 102 5 0 0 0 0 0 38 121 65 0 0 0 0 0 121 76 8 0 0 0 0 0 50 84 7 19 56 9 0 0 71 121 6 0 0 0 0 0 36 121 59 0 0 0 0 0 121 121 6 0 0 0 0 0 46 121 12 0 0 0 0 0 27 99 3 0 0 0 0 0 49 105 5 0 0 0 0 0 78 95 0 0 0 0 0 0 24 113 7 0 0 0 0;
<CIRCLE 237 86 1.06066 0 3.8856e-07>; 9 2 14 12 0 0 16 32 15 5 4 1 0 1 44 96 9 3 1 0 0 4 115 42 10 8 0 0 0 6 115 32 68 28 6 3 0 4 13 45 74 34 21 11 0 9 30 74 115 21 3 0 0 0 99 108 57 0 0 4 0 11 115 115 28 4 0 0 0 6 65 115 54 9 2 2 0 12 81 115 115 21 0 0 0 0 37 115 54 12 4 36 43 1 42 113 16 29 1 0 1 1 10 19 48 84 0 0 0 0 4 24 50 115 24 0 0 0 1 15 11 75 55 20 43 7 2 6;
<CIRCLE 224 72 3.56762 0 3.74597e-07>; 0 0 2 3 0 0 0 0 0 0 3 7 0 0 0 0 0 0 9 15 1 0 0 0 0 0 34 11 1 0 0 0 0 2 35 8 0 0 0 0 0 0 63 73 0 0 0 0 0 0 140 152 0 0 0 0 4 19 152 104 0 0 0 1 0 1 125 152 1 2 1 0 0 0 152 152 0 0 0 0 1 0 115 152 1 0 1 7 21 12 61 47 1 0 6 32 0 0 66 152 23 2 1 0 2 0 66 72 3 3 27 12 7 1 16 15 0 5 30 24 12 8 6 2 12 6 6 28;
<CIRCLE 81 47 1.26134 0 3.7353e-07>; 0 0 0 0 42 78 2 0 2 0 0 0 5 10 11 4 19 19 9 2 0 4 10 16 3 4 9 13 13 9 8 9 2 0 0 0 165 165 1 3 15 14 4 5 15 25 43 37 1 10 8 17 27 44 23 3 23 23 11 4 2 1 2 10 1 1 0 0 165 165 0 0 9 32 45 17 75 56 1 4 1 5 28 47 21 5 4 2 1 9 11 3 1 4 5 0 0 0 0 0 165 165 0 0 2 0 3 2 165 165 0 1 25 5 4 1 3 6 16 38 3 2 1 5 13 40 28 14;
<CIRCLE 268 81 0.891905 0 3.3878e-07>; 3 42 41 0 0 4 58 8 0 31 30 0 0 5 128 2 1 16 5 0 0 3 132 7 1 2 0 0 0 11 132 1 5 106 74 0 0 0 16 22 13 127 86 0 0 0 8 12 34 132 19 0 0 0 5 6 6 37 40 2 0 1 17 0 0 22 40 0 0 0 45 37 16 31 47 0 0 0 31 29 43 57 92 7 0 0 1 9 2 24 132 53 0 0 0 0 0 35 132 0 0 0 0 0 0 28 132 2 0 0 0 0 0 4 132 28 0 0 0 0 0 3 132 132 0 0 0 0;
<CIRCLE 232 99 1.26134 0 2.90436e-07>; 0 0 0 0 5 23 21 0 0 2 0 1 13 37 7 0 6 46 17 5 5 4 0 0 3 83 33 0 0 0 0 0 0 0 0 0 0 55 139 0 0 0 0 0 19 127 139 0 0 13 34 21 97 94 18 0 0 68 77 6 4 0 0 0 0 0 0 1 4 54 81 1 0 0 0 0 74 89 89 2 0 2 8 13 139 136 6 0 0 35 61 12 46 5 0 0 0 6 139 25 13 20 1 0 4 18 126 36 38 17 16 9 0 0 14 74 139 72 42 0 0 1 10 9 69 24 58 0;
<CIRCLE 207 76 1.26134 0 2.41652e-07>; 0 4 102 1 0 0 3 0 0 10 111 2 0 0 2 1 0 13 74 0 0 0 1 0 0 6 38 2 1 0 0 0 0 4 85 3 0 6 133 6 0 18 80 10 1 7 133 32 0 19 51 26 5 6 92 26 0 10 40 25 16 7 24 4 0 0 79 44 1 4 69 0 1 2 85 85 3 7 59 4 4 2 48 88 8 5 32 41 3 2 83 82 9 6 47 37 0 1 57 50 8 1 0 0 3 10 115 109 3 0 0 3 2 5 133 133 0 0 7 14 0 1 133 133 0 0 0 3;
<CIRCLE 269 99 10.0908 0 1.96493e-07>; 0 8 80 68 1 0 0 0 11 73 65 14 4 1 0 0 2 8 4 1 7 8 6 0 0 0 1 3 10 5 1 0 2 23 127 146 1 3 34 13 29 146 101 13 0 1 61 8 5 105 146 4 0 5 31 4 2 29 142 14 4 4 10 2 0 0 3 8 1 21 146 91 3 27 11 1 0 12 146 25 1 25 63 1 0 14 146 8 7 21 50 0 0 15 146 22 0 0 0 3 2 3 32 10 0 0 0 6 4 2 21 1 0 0 0 6 4 4 21 0 0 0 0 3 3 5 16 1;
<CIRCLE 211 103 1.5 0 1.68556e-07>; 0 0 45 50 7 18 3 0 0 0 50 60 7 13 12 0 1 15 74 66 12 9 18 1 62 56 23 2 0 1 14 28 3 6 52 32 0 0 12 10 0 2 27 36 21 27 46 7 16 11 20 41 104 43 4 0 126 61 8 2 7 1 1 9 4 34 98 2 1 1 4 7 0 28 126 31 15 9 14 5 13 2 23 51 100 19 38 33 126 76 13 1 12 19 74 35 0 3 32 4 24 96 69 0 12 10 61 4 8 14 2 12 126 3 15 6 8 7 54 126 32 6 6 16 126 96 125 113;
<CIRCLE 317 96 1.5 0 9.42533e-08>; 0 60 40 11 19 3 0 0 1 13 32 27 89 111 48 2 12 43 29 2 3 26 120 49 29 39 5 0 0 0 46 55 0 83 106 6 0 0 0 0 0 41 120 8 2 18 17 0 0 98 120 1 0 5 63 16 0 51 106 1 0 0 30 21 0 50 107 0 0 0 0 0 0 26 120 6 0 0 0 0 0 88 120 1 0 0 0 0 0 51 120 6 0 0 0 0 0 14 105 1 0 0 0 0 0 12 120 4 0 0 0 0 0 23 120 1 0 0 0 0 0 18 120 2 0 0 0 0;
<CIRCLE 195 71 3.56762 0 4.19566e-08>; 0 0 2 2 1 1 0 0 0 0 1 2 4 1 0 0 0 0 3 4 2 0 0 0 0 0 2 4 0 0 0 0 0 0 49 2 0 1 17 0 0 0 58 7 2 3 14 0 0 2 56 7 1 2 4 0 0 2 41 12 0 0 0 0 0 2 127 1 0 7 88 0 0 0 133 19 3 25 82 0 0 1 104 104 7 24 29 0 0 1 152 152 1 1 0 0 0 8 152 10 0 0 0 0 0 5 152 38 0 0 0 0 0 0 152 152 9 0 0 0 0 0 106 152 25 2 2 2;
<CIRCLE 317 97 1.78381 0 3.76958e-08>; 0 44 71 10 9 0 0 0 0 17 45 44 82 69 30 1 18 48 39 6 6 22 91 53 25 30 4 0 0 0 20 47 0 63 125 3 0 0 0 0 0 51 125 3 3 13 11 0 4 94 125 0 0 5 41 19 2 65 122 0 0 0 13 19 0 41 125 0 0 0 0 0 0 31 125 1 0 0 0 0 0 65 125 0 0 0 0 0 0 66 125 0 0 0 0 0 0 11 97 1 0 1 21 3 0 9 125 4 0 0 44 6 0 16 125 0 0 5 41 3 2 19 101 0 0 1 19 28;
<CIRCLE 227 87 1.26134 0 1.89283e-08>; 0 23 137 137 14 0 0 0 0 55 137 59 2 0 0 0 4 12 90 76 4 1 3 4 19 7 25 23 0 1 22 49 7 15 62 24 7 17 112 14 14 32 49 13 1 28 104 22 26 36 15 6 4 16 72 49 84 31 9 6 1 11 46 92 15 0 0 0 0 19 137 38 1 0 0 0 0 77 137 22 4 0 0 0 3 23 137 82 34 22 0 0 0 5 82 126 23 0 0 0 4 26 47 44 0 0 0 0 16 52 47 0 0 1 0 0 13 55 27 1 12 42 6 2 8 12 2 1;
<CIRCLE 237 75 1.26134 0 1.07941e-08>; 0 0 169 169 3 0 0 0 0 0 169 169 0 0 4 0 2 5 169 136 0 0 6 4 4 16 169 5 0 0 2 4 0 0 61 169 54 2 29 9 0 0 53 53 1 9 82 19 2 0 14 6 0 13 66 27 3 2 4 0 0 3 43 22 0 0 13 39 14 4 24 7 2 4 29 17 1 4 18 7 11 10 5 3 2 6 11 10 18 14 0 0 0 1 20 22 1 0 18 19 0 0 3 5 7 3 8 5 0 0 14 30 5 6 1 0 0 1 45 15 11 17 1 0 0 3 30 9;
<CIRCLE 243 97 1.26134 0 1.0046e-08>; 21 88 18 0 0 0 0 5 8 107 71 11 24 6 1 3 0 31 22 21 85 117 79 0 0 2 1 2 4 117 117 0 0 84 57 1 0 0 0 0 0 84 117 19 0 0 0 0 0 117 117 4 0 14 15 0 0 57 74 5 2 108 36 0 0 57 80 9 18 1 0 0 0 56 109 17 0 0 0 0 2 112 92 6 0 0 0 0 0 71 117 0 0 0 0 0 0 12 30 9 55 7 1 0 0 39 82 5 0 0 1 0 0 44 90 1 0 0 1 0 0 30 86 0 0 0 0 0;
<CIRCLE 313 77 2.52269 0 2.43968e-09>; 0 0 0 6 9 2 1 0 0 0 1 5 8 2 0 0 0 0 2 10 8 0 0 0 0 0 0 2 9 1 0 0 0 0 0 2 2 48 113 0 0 0 0 2 14 59 56 0 0 0 3 8 9 20 7 0 0 0 2 3 3 1 0 0 0 11 126 37 1 60 107 0 0 26 75 54 18 126 100 0 0 18 101 117 40 89 23 0 2 36 36 7 4 2 0 0 0 58 126 16 0 0 0 0 0 91 126 86 52 11 0 0 16 65 126 126 106 61 61 35 54 97 46 2 0 1 27 78;
