KOEN1
128
272
<CIRCLE 211 139 2.12132 0 0.000203772>; 0 7 37 2 1 7 11 0 1 9 20 0 0 9 31 4 41 22 7 0 0 1 16 25 43 17 0 2 11 4 0 7 17 11 35 6 27 2 0 8 86 15 18 0 7 31 63 135 20 45 10 3 79 113 57 26 28 87 40 8 11 1 0 0 45 0 0 0 31 39 60 48 135 32 9 19 39 23 31 135 18 18 12 34 135 132 33 17 15 41 41 2 25 27 58 24 4 0 0 0 1 34 135 33 39 11 5 6 5 4 96 72 2 3 4 10 41 83 126 2 1 0 0 0 2 27 135 30;
<CIRCLE 60 39 4.24264 0 0.000174913>; 0 0 0 0 108 1 0 0 6 2 11 2 8 0 0 3 6 7 16 0 0 0 0 4 7 3 1 0 0 0 0 0 0 0 0 6 128 3 0 0 0 4 102 96 80 8 0 0 0 118 128 25 9 1 0 0 4 128 35 0 0 0 0 0 0 0 0 0 128 12 0 0 0 0 14 30 128 125 0 0 18 86 68 16 86 56 0 5 22 128 22 0 0 0 0 4 0 0 0 0 102 4 0 0 0 0 0 0 118 102 0 0 16 3 1 0 121 116 3 16 15 40 13 7 14 8 3 13;
<CIRCLE 58 38 3.56762 0 0.000173435>; 1 0 0 0 100 0 0 0 7 1 8 1 3 0 0 2 5 5 17 0 0 0 0 4 5 3 3 0 0 0 0 1 0 0 0 3 130 3 0 0 1 1 89 94 72 8 0 0 0 67 130 36 12 1 0 0 2 130 94 0 0 0 0 0 0 0 0 0 130 9 0 0 0 0 13 32 130 121 0 0 4 43 92 22 112 69 0 0 30 130 41 0 0 0 0 4 0 0 0 0 94 3 0 0 1 0 0 0 104 93 0 1 11 0 0 0 130 130 0 6 42 13 2 1 7 10 3 26;
<CIRCLE 231 98 2.52269 0 0.000166688>; 0 12 40 0 0 0 29 3 0 8 37 1 0 1 46 1 0 3 38 0 0 1 47 0 0 0 26 1 0 3 34 0 23 101 122 8 1 1 1 8 7 46 122 83 26 10 1 2 14 112 122 46 9 4 1 1 4 39 122 66 10 1 1 1 44 32 30 12 3 11 68 109 14 11 55 88 75 110 15 32 44 74 82 65 38 59 13 10 14 35 93 43 26 8 5 7 1 10 111 90 0 0 19 14 0 0 122 122 9 6 3 4 0 2 41 61 8 4 10 16 7 7 30 1 0 0 5 32;
<CIRCLE 62 41 6 0 0.000157563>; 0 0 0 0 108 2 0 0 4 2 7 2 35 2 0 5 10 6 8 0 0 0 0 5 7 1 0 0 0 0 0 1 0 0 0 4 127 2 0 0 0 10 91 80 122 12 0 0 4 127 127 19 11 2 0 0 5 92 6 0 0 0 0 0 0 0 0 0 127 7 0 0 0 2 13 21 127 127 0 0 22 127 39 11 74 63 3 11 6 127 19 2 1 0 0 1 0 0 1 10 100 1 0 0 0 0 23 17 121 71 0 0 2 3 15 16 127 86 4 5 7 98 15 10 3 2 8 2;
<CIRCLE 56 37 2.12132 0 0.000136234>; 5 0 0 0 8 0 0 1 5 1 15 4 0 0 0 2 4 4 40 1 0 0 0 1 2 7 24 0 0 0 0 1 5 0 0 6 22 1 0 2 0 0 100 123 87 8 0 0 0 10 149 64 16 1 0 0 0 79 149 1 0 0 0 0 3 0 0 0 25 8 0 1 0 0 10 36 149 137 0 0 1 4 105 39 143 83 1 2 6 41 110 1 0 1 0 7 2 0 0 0 8 2 0 2 1 0 0 0 125 106 0 1 0 0 0 0 149 149 0 1 2 3 7 2 9 6 0 3;
<CIRCLE 63 42 7.13524 0 0.000123488>; 0 0 0 0 88 2 0 0 3 2 6 3 52 4 0 4 11 6 6 0 0 0 0 6 6 1 0 0 0 0 0 1 0 0 0 3 130 2 0 0 0 14 77 79 130 10 0 0 4 130 117 18 10 2 0 0 4 77 3 0 0 0 0 0 0 0 0 0 129 6 0 0 0 4 11 21 130 119 0 0 11 130 37 13 76 62 2 1 4 130 15 1 0 0 0 0 0 0 1 36 89 0 0 0 0 0 47 84 125 41 0 0 0 9 17 26 121 57 8 1 10 127 7 2 1 3 15 10;
<CIRCLE 230 104 1.5 0 0.000122614>; 44 53 19 4 2 1 0 12 2 6 48 107 90 29 1 1 16 69 121 73 34 18 6 6 64 120 51 11 7 0 0 6 35 1 3 1 1 4 27 98 1 0 11 22 72 121 44 12 20 7 9 40 50 121 98 25 82 42 68 18 9 5 12 27 1 0 121 83 0 0 17 36 0 0 121 121 9 19 11 3 0 0 91 121 24 25 11 0 1 6 62 42 2 1 1 1 0 2 94 71 0 0 0 0 0 0 57 50 6 3 2 0 0 0 15 23 2 3 14 5 0 0 1 2 0 0 15 27;
<CIRCLE 362 94 14.2705 0 0.000122427>; 10 2 13 0 0 0 0 1 27 13 22 0 0 0 0 3 61 13 2 0 0 0 0 3 1 0 0 0 0 0 0 0 1 2 156 89 0 0 0 0 27 125 156 34 1 1 0 0 112 156 49 0 0 0 0 0 2 4 1 0 0 0 0 0 6 10 141 58 2 7 28 15 122 58 103 28 7 39 43 62 156 87 12 0 0 0 5 69 8 2 0 0 0 0 0 1 3 0 0 0 0 5 44 23 101 1 0 0 0 4 26 51 156 1 0 0 0 0 2 42 6 0 0 0 0 0 0 1;
<CIRCLE 203 97 3 0 0.000116925>; 0 2 30 0 0 1 48 0 0 2 31 0 0 1 61 2 0 0 27 3 0 3 58 1 0 2 22 1 0 4 39 3 5 61 142 33 3 2 6 4 7 65 142 49 6 5 9 5 11 69 142 47 6 3 7 5 7 48 142 39 7 3 5 3 19 30 45 18 7 23 67 69 20 31 57 30 13 52 121 76 28 40 48 36 22 49 72 77 21 30 60 31 20 49 83 56 19 61 7 0 0 0 10 14 12 35 50 25 0 2 29 18 0 17 69 142 7 5 18 8 1 34 137 57 0 4 21 9;
<CIRCLE 55 36 1.5 0 0.000105725>; 3 0 0 0 0 0 0 2 3 1 10 2 0 0 0 3 2 2 24 1 0 0 1 1 2 3 23 0 0 0 0 1 3 0 0 6 11 0 0 2 0 1 102 108 72 5 0 0 0 4 150 51 11 0 0 0 0 23 150 23 0 0 0 0 1 0 0 1 19 6 1 1 0 0 15 43 150 123 0 0 0 0 146 45 139 71 0 0 0 10 148 9 1 0 0 2 1 0 0 0 2 2 0 1 1 0 0 0 124 111 0 1 0 0 0 0 150 150 0 0 4 0 0 0 9 7 3 10;
<CIRCLE 243 97 2.12132 0 0.000101303>; 0 3 37 0 0 1 36 0 0 1 39 2 0 4 44 0 0 2 37 0 0 3 44 1 0 1 24 0 0 0 35 3 5 98 140 32 4 0 0 0 3 51 140 96 7 0 0 0 6 103 140 35 2 0 0 0 1 29 140 62 3 0 0 0 50 92 72 36 33 58 15 11 28 67 123 96 54 11 5 3 46 94 119 31 18 9 11 24 21 43 80 67 27 17 32 10 2 5 48 87 18 19 5 4 4 19 102 13 2 0 4 17 13 26 61 1 0 0 4 43 39 39 21 1 0 1 10 28;
<CIRCLE 63 79 4.24264 0 9.84195e-05>; 1 0 0 0 89 6 0 0 1 0 0 0 130 130 0 0 21 8 8 3 106 96 4 20 8 45 19 17 22 7 1 6 1 1 23 36 98 0 0 0 2 7 83 19 107 69 0 0 1 6 26 18 130 130 4 0 2 10 30 15 14 17 31 0 0 0 68 130 100 0 0 0 0 26 130 67 13 2 0 0 0 15 106 57 89 49 9 0 0 5 3 1 8 20 73 2 0 0 18 87 130 1 0 0 0 3 68 38 1 0 3 0 4 44 45 9 0 0 3 2 3 28 7 0 0 0 1 1;
<CIRCLE 48 90 7.13524 0 9.6808e-05>; 0 0 0 0 15 0 0 0 0 0 0 6 149 16 0 0 1 6 4 11 149 121 0 0 5 108 15 7 34 25 1 0 0 0 0 5 24 0 0 0 0 0 23 149 149 1 0 0 0 0 118 135 121 33 0 0 1 12 14 19 64 34 24 4 1 0 0 3 49 0 0 0 0 0 8 104 149 13 0 0 2 7 78 72 68 9 11 5 9 22 19 6 2 2 8 5 1 0 0 0 41 1 0 0 0 0 0 1 149 35 1 0 1 0 0 0 65 27 38 6 3 2 2 0 0 3 38 7;
<CIRCLE 258 99 2.52269 0 9.63167e-05>; 0 5 50 1 0 1 36 1 0 3 62 2 0 3 46 2 0 2 50 4 5 34 42 0 0 1 30 16 12 38 98 0 16 100 137 44 7 2 2 4 7 63 137 99 13 7 16 8 15 116 137 3 0 1 12 20 0 15 137 62 11 2 6 0 35 62 84 17 11 5 6 24 45 66 70 35 18 18 86 56 21 66 114 2 1 5 68 88 1 14 75 60 60 19 17 2 22 10 15 1 0 0 4 68 19 23 42 7 0 0 1 22 0 17 107 11 0 0 0 0 1 10 65 65 32 0 0 0;
<CIRCLE 59 77 6 0 9.45748e-05>; 0 0 0 0 90 2 0 0 0 0 3 9 125 83 0 0 13 64 22 9 90 78 3 8 7 125 17 3 1 0 0 2 0 0 0 13 107 0 0 0 0 0 35 32 125 52 0 0 1 1 21 20 125 124 3 3 6 68 19 15 11 8 13 3 0 0 2 84 125 0 0 0 0 1 125 125 79 1 0 0 0 11 116 48 75 33 7 0 1 9 6 2 8 13 51 6 0 0 0 23 125 6 0 0 0 0 24 53 125 13 10 2 6 18 31 5 0 0 16 9 6 13 9 2 1 1 1 4;
<CIRCLE 191 97 3 0 9.4218e-05>; 0 3 43 0 0 2 48 0 0 4 44 0 0 1 66 0 0 3 36 0 0 2 66 1 0 1 24 1 0 1 52 2 5 69 157 39 4 2 4 3 6 71 157 63 6 4 7 4 8 84 157 41 4 4 9 6 10 71 157 32 3 3 7 6 17 34 48 20 10 22 42 50 23 38 60 34 14 41 76 69 26 39 61 24 11 42 107 97 25 38 45 23 10 33 93 80 3 47 25 0 0 0 5 6 18 87 8 0 0 1 11 13 24 62 35 4 0 1 22 23 1 7 48 101 4 2 23 12;
<CIRCLE 65 81 3.56762 0 9.2972e-05>; 7 1 0 0 26 5 0 0 3 0 0 0 130 130 0 0 31 34 22 6 128 96 2 9 6 20 31 36 29 9 1 3 3 4 88 40 21 0 0 0 1 25 128 19 126 81 0 0 0 9 24 20 130 130 13 0 0 11 23 7 6 23 64 1 0 3 130 130 21 1 0 0 0 70 130 38 14 4 0 0 0 19 99 63 73 44 12 0 0 6 3 1 4 14 74 2 0 1 52 44 39 1 0 0 0 8 58 39 1 1 0 0 5 61 35 8 0 0 0 0 1 30 7 0 0 0 0 0;
<CIRCLE 259 100 1.78381 0 9.05083e-05>; 0 11 112 14 0 0 1 0 0 18 121 12 0 0 1 0 0 18 121 1 0 1 3 0 0 2 87 7 0 1 10 0 13 41 121 100 30 10 6 3 15 100 121 69 15 12 47 22 25 121 121 0 0 0 20 32 0 33 121 4 0 3 11 0 37 45 54 14 21 15 26 15 25 37 41 6 9 17 121 69 16 38 73 0 0 2 99 85 0 15 55 8 16 34 59 1 27 21 12 1 0 0 6 48 9 25 74 3 0 0 2 3 0 21 121 3 0 0 1 1 0 27 101 13 9 2 1 0;
<CIRCLE 56 75 7.13524 0 8.69674e-05>; 0 0 0 0 53 0 0 0 0 0 8 25 133 36 0 0 4 102 69 31 84 44 0 0 3 133 15 0 0 0 0 0 0 0 0 4 63 0 0 0 0 0 10 39 133 49 0 0 2 13 11 22 133 123 2 0 6 133 17 7 13 7 6 2 0 0 0 34 94 0 0 0 0 0 75 133 133 1 0 0 0 7 103 76 82 25 4 0 4 18 6 3 13 12 35 12 0 0 0 7 133 3 0 0 0 0 10 51 133 23 5 0 6 11 26 9 5 4 15 8 6 11 8 2 1 0 3 3;
<CIRCLE 211 109 1.26134 0 8.49232e-05>; 4 0 0 0 0 0 51 66 0 0 4 3 13 62 17 7 0 1 2 0 6 93 82 6 0 0 0 0 0 34 125 52 3 2 4 16 9 0 6 4 1 28 70 125 42 10 3 1 38 125 58 17 2 9 54 13 3 15 37 24 0 0 66 21 0 0 39 66 19 0 0 0 9 22 26 125 125 0 0 0 116 125 54 24 23 0 0 0 11 49 104 125 0 0 0 0 0 0 46 125 2 0 0 0 3 4 18 125 59 0 0 0 21 69 49 14 14 1 0 0 2 14 92 56 0 0 0 0;
<CIRCLE 67 82 2.52269 0 8.3785e-05>; 7 1 0 0 7 5 0 0 1 0 0 0 133 133 0 0 3 28 17 1 133 101 0 0 5 36 40 16 4 3 2 0 3 27 133 14 0 0 0 0 0 50 95 18 133 100 0 0 0 1 10 22 133 133 27 0 0 7 8 1 3 22 106 0 1 46 133 30 0 3 11 2 2 120 133 41 15 4 1 1 1 5 82 78 63 42 11 0 1 4 1 1 3 9 55 3 0 3 20 18 2 6 16 2 2 17 45 36 2 0 2 1 6 42 33 4 0 0 0 0 1 15 6 0 0 0 0 0;
<CIRCLE 230 98 2.52269 0 8.30464e-05>; 0 10 44 0 0 1 29 3 0 10 37 1 0 1 46 1 0 3 39 0 0 1 48 0 0 1 26 1 0 3 35 0 22 96 123 13 3 2 1 7 11 59 123 71 23 8 1 3 12 102 123 53 13 6 2 1 5 43 123 68 11 1 1 0 40 32 30 12 5 18 83 106 21 13 53 77 62 91 16 48 37 65 75 74 50 81 16 10 17 40 95 46 27 7 4 6 1 18 106 85 0 0 23 15 0 1 123 123 7 4 3 5 0 1 45 77 10 6 10 12 6 7 32 3 0 0 6 30;
<CIRCLE 218 98 3.56762 0 8.27013e-05>; 0 1 23 0 0 0 41 1 0 2 27 3 0 5 43 1 0 6 18 0 0 0 45 7 0 1 12 0 0 0 39 1 6 48 134 18 1 3 13 7 6 44 134 57 8 9 11 6 14 91 134 28 9 2 11 10 0 37 134 34 9 1 10 0 11 20 41 26 4 14 88 48 11 25 88 50 15 51 67 39 26 31 105 94 39 10 26 57 0 27 103 91 53 6 0 1 2 10 95 110 0 0 7 3 3 16 134 96 0 1 4 3 2 7 134 79 1 1 2 3 4 8 23 37 1 0 1 8;
<CIRCLE 192 97 3 0 8.14737e-05>; 0 4 41 0 0 2 48 0 0 3 43 0 0 1 66 0 0 3 35 0 0 2 66 1 0 1 24 2 0 1 51 1 6 76 156 35 3 2 4 3 6 71 156 61 6 4 7 4 7 77 156 45 5 5 9 5 11 71 156 32 3 2 7 6 20 38 46 18 9 20 40 55 24 38 60 32 13 40 82 74 23 36 61 27 12 47 113 90 27 39 43 24 12 32 82 80 3 50 22 0 0 0 5 7 20 86 7 0 0 1 12 15 21 55 41 7 0 1 24 22 0 7 49 114 5 3 20 10;
<CIRCLE 50 94 10.0908 0 8.12371e-05>; 0 0 0 0 8 0 0 0 0 0 1 15 150 21 0 0 0 84 43 31 150 59 0 0 3 150 13 0 4 1 0 0 0 0 0 2 15 0 0 0 0 0 15 145 150 7 0 0 1 12 53 125 150 44 3 0 28 126 9 3 16 9 11 13 1 0 0 1 28 0 0 0 0 0 5 58 150 27 1 0 5 10 30 41 83 21 28 7 8 17 16 3 1 1 26 7 0 0 0 0 21 0 0 0 0 0 0 0 150 30 2 0 2 0 0 0 65 20 43 18 0 0 0 0 0 0 58 19;
<CIRCLE 277 95 2.12132 0 7.78946e-05>; 0 0 3 18 25 51 82 0 4 21 17 7 6 36 120 6 0 7 60 6 1 68 114 0 0 0 73 10 4 68 34 0 0 4 116 21 0 8 31 0 0 5 120 120 15 10 56 0 4 84 120 30 4 42 54 0 1 14 83 27 28 92 33 0 0 25 120 27 7 7 10 2 3 9 78 120 79 5 6 4 53 83 87 24 17 5 20 62 22 33 61 10 6 6 39 23 0 10 58 33 42 14 13 1 24 20 22 75 62 2 1 5 34 47 38 7 0 0 4 19 5 50 95 1 0 0 5 5;
<CIRCLE 231 99 2.52269 0 7.78203e-05>; 0 17 59 0 0 0 22 2 0 11 57 3 0 0 36 1 0 7 61 2 0 1 38 0 0 2 43 3 0 2 28 0 32 106 119 9 2 3 4 17 10 46 119 93 37 22 2 5 22 119 119 52 13 9 2 2 7 44 119 75 15 3 1 1 35 20 32 19 2 10 75 108 11 6 64 98 69 103 14 32 36 55 74 71 38 57 12 9 12 30 91 31 21 7 4 9 1 11 115 93 0 0 10 7 1 1 111 110 5 2 4 2 0 1 31 50 4 1 13 19 9 6 19 1 0 0 6 35;
<CIRCLE 364 93 12 0 7.46603e-05>; 5 4 17 1 0 0 0 0 23 14 23 0 0 0 0 1 66 12 2 0 0 0 0 1 2 0 0 0 0 0 0 0 0 1 162 69 2 1 0 0 28 117 162 17 1 1 0 0 140 162 39 0 0 0 0 0 6 3 0 0 0 0 0 0 11 18 94 48 8 26 14 9 131 60 108 15 6 77 33 42 162 78 10 0 0 1 3 47 16 1 0 0 0 0 0 0 10 5 2 0 0 12 31 36 99 2 1 0 0 25 30 52 162 2 0 0 0 0 3 50 11 0 0 0 0 0 0 0;
<CIRCLE 242 98 1.78381 0 7.41437e-05>; 0 12 79 1 0 0 7 0 0 3 82 6 0 2 10 0 0 6 93 4 0 1 11 0 0 6 55 1 0 0 9 1 19 129 129 24 4 1 0 1 11 62 129 122 23 2 0 0 10 99 129 74 10 3 3 5 11 82 129 43 6 0 0 1 78 71 36 20 17 46 31 27 46 53 94 64 68 24 7 2 26 41 88 30 29 29 54 46 39 50 67 29 23 9 9 22 2 5 46 81 13 16 7 3 2 16 116 11 1 0 2 10 3 14 92 1 0 1 9 23 26 27 48 1 0 0 6 36;
<CIRCLE 211 110 1.5 0 7.2189e-05>; 6 0 0 0 0 2 76 89 3 1 5 8 11 56 21 18 2 3 3 1 9 101 101 8 3 0 1 0 0 19 122 78 3 2 11 20 7 0 7 9 3 31 55 122 58 5 3 0 42 122 57 25 4 4 36 11 2 16 70 85 0 0 42 17 0 0 57 86 7 0 0 0 6 21 23 122 122 0 0 0 48 122 90 44 20 0 0 0 2 26 122 122 0 0 0 0 0 0 64 122 0 0 0 0 0 11 37 122 10 0 0 0 2 27 39 14 5 0 0 0 5 4 33 15 1 0 2 9;
<CIRCLE 254 100 1.78381 0 7.07136e-05>; 0 29 120 4 0 0 1 0 0 13 120 18 0 0 1 0 0 18 120 11 0 0 1 0 0 13 100 1 0 1 3 0 31 118 120 21 4 4 13 22 15 47 120 120 37 12 8 3 15 100 120 64 14 11 45 22 18 100 120 0 0 0 14 23 20 20 93 2 2 5 21 32 45 54 64 17 26 19 35 17 24 35 40 5 8 16 120 68 12 28 56 0 0 2 74 63 4 5 28 0 0 0 10 47 33 26 15 2 0 0 7 56 8 23 73 3 0 0 2 2 0 16 96 2 0 0 1 0;
<CIRCLE 215 111 1.5 0 7.01143e-05>; 1 2 10 17 7 30 15 11 6 18 12 4 4 68 90 9 1 1 6 3 0 17 126 72 4 0 35 16 0 0 50 85 1 18 39 126 71 0 0 0 54 126 67 39 13 1 14 6 7 41 111 126 0 0 24 10 0 0 126 126 0 0 4 5 1 6 21 126 81 0 0 0 34 126 82 43 26 0 0 0 4 37 126 126 0 0 0 0 5 14 46 60 0 0 0 0 0 11 33 91 2 0 0 0 2 21 29 11 3 0 0 0 10 4 23 8 1 0 4 19 7 7 1 0 0 3 10 10;
<CIRCLE 41 87 1.5 0 6.95558e-05>; 0 0 0 1 20 0 0 0 0 0 0 11 161 0 0 0 0 0 11 14 33 0 0 0 0 0 40 37 0 0 0 0 0 0 0 6 33 0 0 0 0 0 29 150 161 0 0 0 0 0 161 136 22 0 0 0 0 0 116 161 2 0 0 0 0 0 0 3 61 1 0 0 0 0 11 83 161 0 0 0 0 0 82 68 85 2 6 0 0 0 22 35 6 14 16 0 0 0 0 1 56 0 0 0 0 0 2 39 161 0 0 0 8 17 9 19 72 0 3 1 0 3 9 2 0 2 9 1;
<CIRCLE 46 88 6 0 6.74782e-05>; 0 0 0 0 12 0 0 0 0 0 0 3 141 4 0 0 0 0 3 4 147 107 0 0 6 15 9 9 78 60 2 7 0 0 0 3 18 0 0 0 0 0 18 128 147 0 0 0 0 1 147 110 81 23 0 0 0 2 40 31 107 60 15 0 1 0 0 2 37 0 0 0 0 0 7 122 147 5 0 0 0 3 107 96 66 3 7 1 6 29 48 11 5 3 8 4 1 0 0 0 33 0 0 0 0 0 0 5 147 31 1 0 0 0 3 5 76 23 33 7 5 4 6 2 0 2 23 10;
<CIRCLE 68 82 2.12132 0 6.71563e-05>; 4 1 1 0 17 14 0 0 0 0 0 0 134 134 0 0 0 9 7 1 127 94 0 0 4 31 22 2 1 2 4 0 1 51 134 4 3 2 0 0 0 31 64 27 134 125 0 0 0 0 3 17 134 134 28 0 0 2 3 0 1 23 112 1 2 105 134 7 0 0 4 2 0 85 134 69 23 5 0 0 1 1 57 82 69 43 10 0 1 2 0 1 3 9 53 4 2 8 11 12 1 2 14 4 1 20 60 18 0 0 0 0 2 26 28 4 0 0 0 0 0 11 6 0 0 0 0 0;
<CIRCLE 54 36 1.26134 0 6.4191e-05>; 3 0 0 0 0 0 0 2 3 0 10 3 0 0 0 4 1 3 32 2 0 0 3 2 1 3 28 2 0 0 0 0 3 0 0 2 6 0 0 3 0 1 62 105 88 5 0 0 0 11 158 77 28 2 0 0 0 5 158 32 0 0 0 0 0 0 0 0 8 3 1 1 0 0 4 28 158 109 0 0 0 1 106 54 158 117 0 0 0 2 148 13 6 2 0 0 0 1 0 0 2 0 0 0 1 0 0 0 84 78 1 1 0 0 0 0 158 158 0 0 0 0 0 1 29 18 1 2;
<CIRCLE 276 95 1.5 0 6.37537e-05>; 0 0 16 1 0 11 106 0 0 0 29 7 0 19 125 0 0 6 35 2 0 47 125 0 0 2 11 0 0 94 97 0 0 1 99 23 1 0 1 0 0 1 125 125 33 0 3 0 1 89 125 46 7 2 6 0 3 78 125 12 2 19 12 0 0 28 95 14 4 0 0 0 0 4 43 105 125 7 4 1 20 50 76 33 55 17 68 20 75 74 42 6 4 13 28 39 0 11 43 14 23 41 24 0 13 17 49 89 37 6 3 2 33 43 24 6 5 4 52 26 22 29 55 0 0 2 22 32;
<CIRCLE 257 98 2.52269 0 6.3543e-05>; 0 2 30 0 0 2 43 1 0 2 35 0 0 3 55 3 0 0 30 4 4 32 45 0 0 1 18 16 18 45 89 0 10 84 139 41 6 1 2 2 5 53 139 90 10 4 6 3 12 108 139 8 0 2 7 10 0 17 139 41 5 2 11 0 32 65 99 26 15 6 7 20 43 68 91 56 24 21 75 40 29 83 110 4 1 4 81 105 1 20 84 44 40 19 23 6 18 12 26 1 0 0 4 63 29 31 36 5 0 0 4 36 1 22 114 7 0 0 3 5 0 13 82 52 28 2 1 0;
<CIRCLE 282 99 0.891905 0 6.25741e-05>; 0 40 116 16 7 0 0 0 29 116 107 3 0 0 0 0 19 70 77 52 13 15 1 0 0 53 103 22 9 16 2 0 0 4 12 5 19 27 90 9 116 81 6 1 1 12 78 46 116 44 0 0 6 42 20 47 2 6 0 0 5 112 49 6 33 18 7 0 0 13 113 45 26 7 24 0 0 16 116 77 80 42 38 0 0 8 19 88 3 34 31 0 0 49 67 9 34 58 38 0 0 0 0 2 1 15 113 0 0 0 4 3 3 42 116 0 0 0 0 1 0 70 116 0 0 0 0 1;
<CIRCLE 220 98 3.56762 0 6.22865e-05>; 0 1 23 1 0 1 40 1 0 3 26 2 0 4 43 3 0 5 17 0 0 0 47 6 0 1 12 0 0 0 39 1 7 48 134 23 2 3 11 8 9 56 134 49 7 8 12 7 11 77 134 37 12 2 11 8 0 40 134 30 6 1 10 0 11 20 42 33 6 20 76 45 15 29 98 46 13 44 71 47 20 25 104 119 58 10 14 43 1 34 120 72 38 4 0 2 0 6 95 130 1 0 6 2 4 18 134 74 0 1 4 4 1 5 112 84 1 1 1 3 8 10 16 26 1 0 1 12;
<CIRCLE 178 96 3 0 6.02521e-05>; 1 9 26 0 0 0 33 15 0 3 38 0 0 2 68 4 0 3 31 0 0 2 74 0 0 1 20 0 0 1 59 0 1 58 169 10 0 0 2 2 1 39 169 78 6 1 7 1 5 95 169 41 3 1 10 1 4 67 169 34 2 1 10 2 13 34 85 13 4 2 0 0 9 27 104 64 32 44 37 23 33 64 103 34 13 31 54 73 24 46 84 29 10 30 73 82 2 37 41 4 0 0 0 0 2 48 44 0 0 5 10 5 10 76 16 0 0 2 14 17 25 62 6 0 0 2 21 27;
<CIRCLE 231 104 1.26134 0 5.94999e-05>; 16 11 9 11 26 11 2 11 0 0 25 97 127 63 3 0 27 67 71 28 16 17 14 15 107 95 17 5 6 1 0 17 10 0 2 2 8 23 44 46 0 0 10 18 65 127 77 1 18 2 9 40 32 112 127 39 77 35 86 20 5 3 9 37 0 0 127 102 0 1 18 18 0 0 127 127 10 26 15 0 0 0 89 127 26 18 13 0 0 3 59 42 2 0 0 0 0 0 99 66 1 0 0 0 0 0 58 55 6 3 1 0 0 0 16 23 1 0 5 1 1 1 2 2 0 0 8 13;
<CIRCLE 42 88 2.12132 0 5.67416e-05>; 0 0 0 1 22 0 0 0 0 0 1 16 150 0 0 0 0 0 26 31 27 0 0 0 1 2 84 23 0 0 0 0 0 0 0 9 40 0 0 0 0 0 24 158 158 0 0 0 0 0 146 158 19 0 0 0 0 0 158 99 2 3 3 0 0 0 0 4 73 0 0 0 0 0 5 92 158 0 0 0 1 4 32 70 67 4 6 1 0 0 12 19 4 17 22 0 0 0 0 1 68 0 0 0 0 0 3 44 158 0 0 0 0 17 55 27 58 0 0 0 0 3 49 21 0 0 0 0;
<CIRCLE 281 98 1.26134 0 5.47033e-05>; 0 8 117 75 10 0 0 0 0 91 117 4 0 1 3 0 0 55 117 20 1 16 11 0 0 29 101 12 6 51 22 0 0 3 45 72 117 8 7 0 31 113 117 12 12 11 35 6 89 117 62 25 11 30 12 15 4 58 66 14 9 44 21 3 22 15 15 62 67 11 21 21 33 20 21 0 4 25 117 52 96 37 40 0 0 22 51 85 5 28 33 0 0 50 87 15 48 31 13 33 7 0 0 4 27 32 57 0 0 0 4 6 3 29 101 0 0 0 2 3 0 51 104 0 0 0 2 2;
<CIRCLE 211 111 1.78381 0 5.19282e-05>; 9 0 0 0 1 14 100 86 8 2 5 11 13 49 27 39 3 5 4 3 16 99 112 16 13 1 5 3 0 9 111 99 2 3 19 22 4 0 11 13 2 30 45 116 52 3 3 2 24 116 75 41 5 3 28 10 1 10 115 116 0 0 26 13 0 2 81 102 2 0 0 0 0 18 39 116 57 0 0 0 6 116 116 56 9 0 0 0 2 11 109 103 0 0 0 2 0 0 81 116 0 0 0 0 0 10 45 90 1 1 0 0 10 17 32 7 0 0 0 4 13 2 7 2 0 1 8 23;
<CIRCLE 40 87 1.06066 0 4.97708e-05>; 0 0 0 1 15 0 0 0 0 0 0 20 142 0 0 0 0 1 17 20 54 0 0 0 0 1 23 24 1 0 0 0 0 1 0 6 26 0 0 0 0 0 10 139 153 0 0 0 0 0 153 131 40 0 0 0 0 0 153 98 0 0 0 0 0 0 0 1 46 1 0 1 0 0 2 59 153 2 0 0 0 0 73 70 153 7 2 0 0 0 68 24 0 2 9 0 0 0 0 1 41 0 0 0 0 0 0 20 153 1 0 0 2 4 4 24 146 3 1 0 2 1 0 0 0 3 7 1;
<CIRCLE 270 105 0.891905 0 4.90576e-05>; 0 6 7 0 0 25 115 0 0 13 38 2 5 65 58 0 0 27 98 24 14 29 2 0 4 7 48 126 14 0 0 0 1 18 74 0 0 27 107 0 0 4 50 22 39 126 76 0 0 0 10 58 126 104 3 0 11 10 15 110 40 0 0 0 0 61 126 0 0 0 0 0 4 45 126 49 25 10 0 0 2 3 22 69 126 44 0 0 26 6 2 46 98 18 0 20 0 16 50 1 0 0 0 0 14 85 41 5 1 1 0 0 5 26 23 89 89 22 0 0 40 34 3 39 68 11 0 28;
<CIRCLE 44 88 3.56762 0 4.78787e-05>; 0 0 0 0 19 0 0 0 0 0 0 7 147 0 0 0 5 2 24 9 25 1 0 0 1 4 24 3 78 56 0 0 0 0 0 6 31 0 0 0 0 0 17 155 155 0 0 0 0 4 155 155 18 0 0 0 0 46 155 25 21 8 0 0 0 0 0 5 62 0 0 0 0 0 7 127 155 0 0 0 0 1 65 95 52 2 0 0 0 15 66 28 1 1 0 0 1 0 0 0 60 0 0 0 0 0 3 30 155 12 0 0 0 2 44 23 63 7 14 2 0 1 24 13 0 0 20 3;
<CIRCLE 259 101 1.06066 0 4.76884e-05>; 0 4 121 93 5 0 0 0 2 119 121 8 0 0 0 0 4 103 99 0 0 0 0 0 0 14 86 0 0 0 0 0 0 2 23 52 40 43 74 0 24 74 32 3 0 2 117 38 69 96 17 0 0 0 37 65 4 12 37 1 0 5 30 4 20 28 12 0 3 24 121 21 2 10 37 0 0 2 121 46 9 11 41 0 0 2 121 90 0 6 25 0 0 16 108 5 21 41 45 1 0 0 3 5 0 16 121 1 0 0 9 1 0 23 121 0 0 0 6 2 0 29 116 0 0 1 5 0;
<CIRCLE 116 82 4.24264 0 4.63622e-05>; 23 144 9 0 0 0 0 0 8 144 17 0 0 0 0 0 5 33 8 0 0 0 0 2 1 1 2 0 0 0 0 1 8 83 32 0 0 0 54 9 20 144 60 0 0 0 31 30 19 144 91 0 0 0 4 23 9 54 44 0 0 0 0 7 6 10 7 0 0 0 65 19 40 52 27 0 0 0 62 113 31 71 104 0 0 0 31 127 18 31 142 4 0 0 3 34 2 12 28 10 2 3 0 0 11 49 114 4 0 1 3 5 4 49 144 3 0 0 1 4 0 14 144 12 0 0 0 0;
<CIRCLE 247 99 1.5 0 4.56124e-05>; 0 2 96 21 0 0 0 0 0 23 117 10 0 0 0 0 0 19 109 2 0 0 0 0 0 4 103 13 0 0 0 0 7 15 95 117 47 11 3 0 15 117 117 58 9 8 19 14 36 117 117 37 12 0 1 11 0 8 117 117 29 9 5 0 12 14 78 27 62 40 18 0 15 19 75 8 10 23 101 56 48 34 89 22 22 6 13 46 14 21 18 29 42 46 104 12 0 10 86 3 0 0 1 5 1 10 97 1 0 0 8 15 19 20 75 6 0 0 10 37 38 49 29 0 0 0 15 19;
<CIRCLE 276 94 1.06066 0 4.29019e-05>; 0 1 20 1 0 3 45 0 0 1 36 10 0 9 68 1 0 8 43 2 0 22 78 0 0 5 17 0 0 43 79 0 0 0 99 28 1 0 0 0 0 1 131 131 13 0 0 0 0 56 131 35 1 0 0 0 0 103 131 1 0 1 1 0 0 2 39 25 23 0 0 0 0 0 34 120 131 2 0 0 0 34 131 51 47 5 6 0 40 131 98 4 1 1 3 1 0 25 65 16 11 0 0 0 2 3 15 69 131 10 4 4 8 2 3 6 38 26 93 25 54 23 2 0 1 12 84 40;
<CIRCLE 254 103 1.06066 0 4.27469e-05>; 51 61 22 16 15 0 1 17 0 2 37 130 93 25 5 0 1 28 107 70 16 15 38 2 31 130 50 0 0 0 16 19 24 9 88 28 14 1 6 37 23 31 27 16 65 74 84 10 6 9 5 2 7 42 130 22 21 11 7 0 0 0 130 103 14 23 114 19 0 1 3 18 108 116 33 1 0 0 14 29 17 65 129 2 0 0 76 16 0 24 130 0 0 0 62 14 5 0 1 0 0 2 19 78 26 11 7 0 0 2 4 49 3 9 50 5 0 0 0 0 0 4 56 1 0 0 0 0;
<CIRCLE 371 81 1.5 0 4.20562e-05>; 0 2 38 1 0 0 0 0 17 10 32 3 2 0 0 1 92 18 4 0 0 0 0 2 13 1 0 0 0 0 0 0 0 16 182 0 0 0 1 0 14 97 182 1 0 0 0 0 155 182 66 0 0 0 0 0 34 10 0 0 0 0 0 0 3 3 72 1 0 5 24 10 73 38 83 3 0 5 23 15 182 76 11 0 0 0 0 19 75 3 0 0 1 0 0 0 2 0 5 5 1 8 7 2 68 14 6 11 6 8 2 4 182 23 0 0 0 0 0 6 64 0 0 0 1 0 0 0;
<CIRCLE 292 96 2.52269 0 4.1042e-05>; 0 6 66 6 1 47 60 0 0 2 115 12 4 48 24 0 0 1 115 19 7 4 2 0 0 0 109 18 1 1 6 1 7 57 115 21 5 41 40 4 1 7 61 51 62 92 36 1 0 6 74 50 42 36 25 0 0 9 103 5 1 8 11 1 38 55 51 10 7 2 14 43 12 49 76 12 14 28 72 18 0 31 53 9 13 115 115 3 0 5 44 4 2 115 115 0 15 28 54 11 0 0 0 4 1 47 115 2 0 0 2 1 0 76 115 1 0 11 14 0 0 63 115 0 0 46 44 0;
<CIRCLE 367 85 5.04538 0 4.08446e-05>; 0 5 25 0 0 0 0 0 11 6 24 1 0 0 0 0 68 10 3 0 0 0 0 0 6 0 0 0 0 0 0 0 0 13 163 3 0 0 0 0 12 69 163 1 0 0 0 0 131 139 46 0 0 0 0 0 15 4 0 0 0 0 0 0 0 16 163 4 0 0 0 0 51 70 163 13 0 0 0 0 163 126 23 1 0 0 0 0 37 3 0 0 1 0 0 0 0 3 60 0 4 43 60 0 85 19 57 1 0 4 30 29 163 22 3 0 0 0 0 28 37 0 0 0 0 0 0 0;
<CIRCLE 205 98 3.56762 0 4.08144e-05>; 0 2 30 0 0 0 41 0 0 2 31 0 0 0 52 1 0 1 27 3 0 4 45 1 0 4 16 0 0 1 33 5 3 44 139 19 1 2 10 6 6 57 139 22 2 4 17 9 6 42 139 52 7 8 11 6 12 76 139 19 4 2 8 9 18 28 37 8 2 7 54 57 15 26 50 22 3 16 119 64 9 22 73 52 15 48 66 36 22 28 83 50 14 12 36 53 11 76 44 1 0 0 1 6 5 28 122 89 0 0 9 6 2 11 139 137 1 1 4 2 2 8 131 52 0 0 2 4;
<CIRCLE 242 100 1.06066 0 3.97727e-05>; 4 60 67 7 0 0 0 0 0 2 98 113 5 0 0 0 0 28 113 76 1 0 0 0 1 102 113 0 0 0 0 0 99 72 9 11 15 3 0 8 4 3 16 113 113 41 6 0 0 18 79 67 26 30 64 7 47 106 44 0 0 0 34 40 74 39 77 7 7 3 0 17 2 9 103 20 55 65 17 0 0 6 60 1 7 35 113 20 13 2 60 3 0 0 73 65 1 8 85 15 0 0 0 0 0 15 113 2 0 0 0 0 0 9 113 0 0 0 1 3 0 3 101 5 0 0 4 3;
<CIRCLE 304 145 3.56762 0 3.95051e-05>; 0 5 14 0 0 4 126 6 2 9 32 17 21 97 126 8 47 40 25 7 7 28 56 120 9 22 9 0 0 0 108 44 3 5 5 5 13 6 57 6 8 13 15 126 126 89 52 11 126 110 25 52 28 23 42 107 40 23 4 0 0 0 41 25 1 1 3 0 5 10 38 11 2 2 5 8 60 126 126 21 51 7 2 2 7 31 126 126 10 2 4 0 0 0 53 32 0 10 33 0 0 0 4 1 0 16 29 0 0 2 9 1 0 17 25 0 0 0 9 4 0 3 31 3 0 0 3 1;
<CIRCLE 118 82 4.24264 0 3.91352e-05>; 20 140 10 0 0 0 0 0 7 140 16 0 0 0 0 0 4 20 7 0 0 0 0 3 0 1 1 0 0 0 0 1 8 109 36 0 0 0 50 11 22 140 62 0 0 0 23 30 17 140 91 0 0 0 3 20 8 44 35 0 0 0 0 5 10 13 7 0 0 0 62 25 41 58 35 0 0 0 56 125 28 66 116 1 0 0 25 112 17 29 140 4 0 0 1 24 3 16 34 9 1 3 1 0 10 52 128 3 0 0 3 5 3 41 140 5 0 0 0 3 0 18 140 10 0 0 0 0;
<CIRCLE 370 81 2.12132 0 3.78583e-05>; 0 1 27 0 0 0 0 0 14 6 24 0 0 0 0 0 93 13 2 0 0 0 0 0 15 0 0 0 0 0 0 0 0 23 175 0 0 0 0 0 9 80 175 0 0 0 0 0 132 175 61 0 0 0 0 0 32 13 0 0 0 0 0 0 4 18 94 0 0 1 15 20 69 43 104 2 3 5 2 4 175 96 15 0 0 0 0 0 81 5 0 0 0 0 0 0 0 0 54 27 1 2 16 6 52 31 70 24 4 1 1 0 175 67 6 0 0 0 0 0 74 3 0 0 0 0 0 0;
<CIRCLE 289 94 1.5 0 3.68671e-05>; 0 0 9 1 0 96 104 0 1 0 18 7 6 110 66 3 8 4 15 5 6 19 23 18 0 0 14 6 7 17 1 0 0 52 111 10 1 44 32 0 0 23 111 22 22 111 64 0 0 3 24 76 111 70 22 3 0 6 96 31 9 4 0 0 59 99 87 12 7 11 17 23 6 58 110 25 16 34 42 11 1 14 25 66 103 87 54 10 0 3 38 17 15 61 90 0 41 28 37 0 0 6 30 47 7 44 60 0 0 24 74 22 0 33 52 0 0 43 111 28 0 17 21 0 0 67 111 2;
<CIRCLE 272 81 1.5 0 3.68096e-05>; 1 1 0 0 0 0 0 0 0 1 13 5 0 0 1 0 0 6 10 1 0 0 1 1 0 1 0 0 0 0 0 0 2 0 2 21 11 0 0 0 2 27 99 132 58 0 0 0 21 132 106 19 3 0 0 0 1 23 75 4 0 0 0 0 0 0 16 82 31 20 21 0 5 12 17 129 129 53 109 3 43 132 56 9 9 21 131 16 1 29 132 10 0 16 48 0 0 0 7 7 9 39 103 0 0 0 11 3 5 37 132 0 0 1 16 3 0 37 132 3 0 2 16 1 0 64 132 0;
<CIRCLE 369 82 3 0 3.67776e-05>; 0 1 22 0 0 0 0 0 12 4 20 0 0 0 0 0 81 9 2 0 0 0 0 0 10 0 0 0 0 0 0 0 0 19 163 2 0 0 0 1 11 67 163 0 0 0 0 0 131 157 56 0 0 0 0 0 22 7 0 0 0 0 0 0 1 11 90 7 1 2 28 18 53 44 101 14 1 2 8 6 163 91 16 0 0 0 0 0 54 3 0 0 0 0 0 0 0 9 158 14 0 0 4 2 50 44 133 35 0 0 0 0 163 91 14 0 0 0 0 0 55 3 0 0 1 0 0 0;
<CIRCLE 272 80 1.5 0 3.51222e-05>; 2 1 0 0 0 0 0 0 0 0 4 2 0 0 1 0 1 2 3 0 0 0 1 1 1 2 1 1 0 0 0 0 2 1 1 11 7 0 0 0 0 22 101 120 31 0 0 0 11 143 98 15 1 0 0 0 1 15 38 2 0 0 0 0 0 0 17 84 30 9 6 0 7 22 39 143 143 37 53 2 55 143 85 16 12 12 65 13 1 39 143 11 0 6 17 0 0 0 5 21 17 49 108 0 0 0 3 13 19 56 143 1 4 7 9 1 0 43 143 8 0 2 26 2 0 66 143 0;
<CIRCLE 293 96 2.12132 0 3.46212e-05>; 0 0 41 7 4 87 57 0 0 3 68 10 10 53 27 1 0 1 77 22 12 5 1 0 0 1 65 12 1 2 9 1 7 49 119 15 7 49 24 2 0 0 41 77 98 76 23 0 0 7 93 51 34 30 21 0 0 13 115 4 1 6 9 0 40 51 50 1 0 0 21 42 4 31 46 15 22 55 111 14 0 15 27 6 11 119 119 1 0 2 33 5 3 119 112 0 5 34 73 5 0 0 0 3 1 74 119 0 0 0 7 2 0 90 119 0 0 22 32 1 0 49 99 0 0 75 62 0;
<CIRCLE 372 131 1.06066 0 3.09342e-05>; 0 1 1 4 4 19 24 2 137 3 0 2 3 10 26 44 183 2 0 0 0 0 0 35 60 0 0 0 1 0 0 0 0 0 1 3 1 11 78 1 145 4 1 0 1 9 60 61 183 3 0 0 0 0 1 65 69 0 0 0 0 0 0 1 1 2 24 1 0 7 99 5 96 22 17 1 0 7 80 69 183 20 0 0 0 0 3 78 54 0 0 0 0 0 0 2 0 3 27 1 0 3 29 2 85 27 20 2 0 4 19 26 183 26 0 0 0 0 0 21 44 0 0 0 0 0 0 1;
<CIRCLE 343 120 1.78381 0 3.06222e-05>; 0 2 2 0 0 126 126 0 0 0 0 0 0 87 126 6 0 0 1 2 2 20 113 12 0 0 5 4 0 11 63 10 0 96 99 0 0 85 82 0 0 36 51 5 17 126 126 0 0 0 6 14 114 126 37 1 12 7 16 11 21 9 2 7 0 72 80 0 0 0 0 0 0 84 126 35 17 18 0 0 0 3 28 100 126 51 2 0 3 8 15 15 40 25 19 1 0 11 40 0 0 0 28 0 0 11 61 13 1 1 33 1 0 0 12 26 23 27 34 0 0 0 0 0 4 29 72 1;
<CIRCLE 237 102 1.26134 0 2.96162e-05>; 0 31 118 80 18 1 0 0 38 118 118 1 0 0 0 0 18 47 66 76 26 1 0 0 0 10 118 118 21 3 2 0 3 7 9 17 50 106 62 11 118 68 17 0 0 5 29 72 75 35 56 32 78 40 2 9 0 3 28 32 54 68 85 7 0 0 42 93 37 98 74 3 19 13 74 87 17 12 30 23 7 29 118 14 3 3 0 0 0 14 118 4 2 8 16 4 0 0 62 90 1 0 0 0 0 1 22 38 1 0 0 0 2 5 13 2 0 0 2 8 0 2 14 0 0 0 7 27;
<CIRCLE 372 81 1.06066 0 2.92481e-05>; 0 4 71 4 0 0 0 0 24 30 52 1 0 0 0 4 67 36 5 0 0 0 0 1 10 2 0 0 0 0 0 0 0 24 166 0 0 0 1 0 29 155 166 0 0 0 0 1 166 166 30 0 0 0 0 0 32 8 0 0 0 0 0 0 0 4 57 0 0 8 38 1 133 46 49 0 0 1 20 32 166 51 2 0 0 0 0 19 61 1 0 0 0 0 0 1 0 0 8 7 2 2 8 0 115 24 9 5 0 0 4 8 166 19 0 0 0 0 0 5 50 0 0 0 0 0 0 0;
<CIRCLE 119 87 10.0908 0 2.83643e-05>; 1 147 58 19 50 21 0 0 7 147 6 0 0 0 0 0 8 18 1 0 0 0 0 1 3 1 0 0 0 0 0 2 4 78 26 41 129 50 8 4 60 147 15 0 2 2 7 13 22 147 74 0 0 0 0 1 3 25 95 0 0 0 2 5 8 18 33 30 20 8 18 8 37 76 62 2 0 3 23 12 13 119 147 0 0 1 22 2 0 64 147 0 0 0 11 1 2 0 0 0 8 7 61 19 0 1 4 0 0 2 107 19 0 4 13 0 0 1 126 13 0 12 14 0 0 11 88 6;
<CIRCLE 193 98 4.24264 0 2.77058e-05>; 0 3 25 0 0 0 31 3 0 2 28 0 0 0 45 1 0 2 21 0 0 0 44 2 0 1 14 1 0 2 29 1 0 26 156 27 0 0 6 2 1 45 156 5 0 0 14 6 2 46 156 4 0 0 21 8 2 32 156 27 2 4 12 4 6 36 74 16 2 3 7 16 25 53 79 3 0 0 33 68 12 32 88 26 1 3 87 60 5 14 106 51 6 21 33 18 2 59 42 0 0 1 11 2 10 101 90 2 0 1 1 4 5 30 156 99 0 0 3 4 5 5 136 91 0 0 1 4;
<CIRCLE 202 144 3.56762 0 2.7084e-05>; 0 8 40 5 2 111 65 0 1 3 71 41 19 49 9 0 20 8 23 25 5 13 24 30 55 19 4 1 4 10 10 36 0 6 14 1 29 124 61 1 17 3 7 8 124 124 44 25 120 7 7 3 45 62 64 124 30 43 21 6 73 83 47 31 1 7 16 1 13 18 28 10 3 1 10 0 46 124 124 25 41 1 11 0 19 51 124 124 8 2 10 0 30 91 124 40 0 4 22 0 0 7 43 1 0 4 33 0 0 5 51 0 0 5 39 0 0 1 50 4 0 4 31 0 0 2 36 1;
<CIRCLE 371 132 2.52269 0 2.6515e-05>; 3 27 30 1 0 2 15 7 131 40 24 4 0 1 7 12 186 26 1 0 0 0 0 8 21 0 0 0 1 0 0 0 1 5 5 1 0 16 141 7 138 11 6 1 0 6 104 70 186 7 0 0 0 0 4 74 26 0 0 0 1 0 0 1 0 0 4 1 0 12 57 1 128 3 3 0 0 5 51 37 186 2 0 0 0 0 1 39 21 0 0 0 0 0 0 0 1 0 11 3 1 2 4 2 104 15 10 2 2 2 5 8 186 14 0 0 0 0 0 8 16 0 0 0 0 0 0 0;
<CIRCLE 269 105 1.5 0 2.61036e-05>; 18 64 80 0 0 2 28 22 0 49 114 1 0 8 24 0 0 27 109 46 36 3 1 0 7 6 20 62 103 14 25 7 7 26 88 0 0 9 117 46 0 21 81 9 13 75 117 0 0 7 61 87 117 73 15 0 50 51 31 64 20 1 6 9 0 33 117 4 1 0 2 0 0 72 117 17 8 7 3 0 4 28 52 88 117 18 0 2 77 32 13 21 44 7 5 64 0 0 9 7 6 0 0 0 0 16 24 12 8 0 0 0 2 18 24 96 80 0 0 0 21 78 89 27 25 1 3 13;
<CIRCLE 343 119 2.52269 0 2.51278e-05>; 0 1 10 3 1 106 125 0 0 7 15 1 0 33 103 4 0 3 15 6 0 5 76 7 0 3 13 1 0 14 43 3 0 75 84 0 0 125 125 0 0 27 35 4 14 125 125 1 1 2 5 8 69 119 99 6 7 9 7 2 5 17 49 8 0 95 83 0 0 1 2 0 0 81 125 36 27 41 9 0 0 4 25 66 125 69 12 0 4 20 21 4 14 14 40 3 0 10 14 0 0 1 66 5 0 7 31 7 1 4 73 2 0 0 5 11 14 36 82 1 0 0 0 0 0 14 114 2;
<CIRCLE 69 83 1.26134 0 2.38615e-05>; 0 0 1 1 18 12 0 0 0 0 0 0 132 132 0 0 0 0 0 0 106 132 12 0 0 0 0 3 1 8 32 1 0 64 59 9 2 1 0 0 0 2 68 55 130 117 0 0 0 0 9 20 132 132 35 0 1 0 0 0 6 24 115 3 0 132 132 38 0 0 0 0 0 17 132 132 11 2 1 0 0 14 98 60 82 19 2 2 9 1 0 2 17 5 8 4 2 18 35 5 0 0 9 7 0 7 35 22 1 4 23 7 1 11 16 4 1 1 15 19 1 1 2 3 2 1 3 1;
<CIRCLE 303 146 3.56762 0 2.3547e-05>; 0 4 9 0 0 3 125 6 1 5 23 25 25 93 125 4 52 42 23 14 11 41 55 116 14 18 6 0 0 0 110 51 3 5 5 2 8 4 44 8 3 7 11 125 125 93 49 8 125 102 26 66 44 34 57 116 58 27 3 0 0 0 33 32 0 2 5 0 2 5 39 10 1 2 7 2 43 125 117 13 32 6 3 1 8 40 125 125 10 2 5 0 0 0 51 39 0 11 35 0 0 0 5 1 0 17 31 0 0 1 4 0 0 18 27 0 0 0 5 2 0 4 34 3 0 0 1 0;
<CIRCLE 290 93 1.5 0 2.34951e-05>; 0 0 27 3 2 87 76 0 3 3 48 12 6 53 38 6 8 7 33 6 5 8 8 13 0 0 31 9 7 17 1 0 0 19 96 8 2 106 68 0 0 9 50 15 34 119 98 4 0 0 29 63 73 47 18 7 0 7 86 12 2 12 2 0 31 83 119 24 9 14 9 8 2 70 119 46 45 33 21 6 0 4 30 101 119 84 28 3 0 8 82 14 5 25 47 0 52 30 24 0 1 19 33 47 3 30 33 1 2 29 110 30 0 16 22 0 8 98 119 21 0 4 5 0 0 89 119 1;
<CIRCLE 218 145 3.56762 0 2.3189e-05>; 8 6 32 26 13 15 9 11 57 18 5 4 3 14 28 53 34 25 10 3 18 27 11 26 4 2 1 0 3 7 39 81 76 5 7 5 62 76 62 117 63 19 10 4 113 117 76 104 109 65 28 5 30 34 63 117 53 1 0 0 0 1 77 117 15 1 12 0 8 53 117 74 16 2 17 0 35 99 117 51 28 3 17 0 6 35 117 117 19 5 11 0 0 2 27 61 0 3 28 0 0 2 48 1 0 5 37 0 0 2 55 2 0 6 35 0 0 2 42 3 0 12 21 0 0 1 19 2;
<CIRCLE 278 96 2.52269 0 2.25002e-05>; 0 1 6 27 27 45 63 0 4 34 37 13 8 35 115 6 0 6 98 9 2 69 79 0 0 2 107 10 4 38 18 0 0 11 115 21 1 10 30 0 0 15 115 115 24 14 64 0 11 79 115 24 7 63 56 5 0 3 48 48 58 78 30 1 2 27 101 28 18 12 19 9 12 22 67 115 72 7 9 12 56 79 75 10 7 2 21 60 8 41 65 11 13 28 70 14 0 15 87 38 28 6 7 2 30 31 38 66 50 1 0 6 19 40 80 14 0 0 0 5 1 43 112 2 0 0 2 1;
<CIRCLE 271 83 2.52269 0 2.23167e-05>; 0 0 0 0 0 0 0 0 1 1 7 5 0 0 0 0 2 8 12 2 0 0 0 0 1 1 3 0 0 0 0 0 0 0 0 6 3 5 10 1 1 9 40 111 45 16 9 0 4 123 126 35 10 8 22 4 0 13 128 6 0 3 3 0 0 0 28 4 4 34 53 0 0 1 28 34 39 88 128 0 5 32 69 26 8 59 128 7 0 9 105 12 4 109 116 0 6 68 128 8 0 2 5 5 0 20 128 36 2 3 15 0 1 20 128 128 36 7 24 3 15 71 128 17 5 29 24 12;
<CIRCLE 78 64 2.52269 0 2.1553e-05>; 29 2 1 1 32 28 1 13 70 1 1 15 10 10 6 50 1 102 17 24 28 15 3 2 0 134 12 0 3 1 0 0 68 8 0 0 123 101 0 14 124 44 17 17 18 51 35 60 0 5 9 49 86 78 17 2 1 129 4 6 14 4 1 1 15 19 3 0 134 134 0 0 36 120 98 29 24 11 0 2 5 17 48 84 41 15 5 4 10 19 14 5 2 2 17 38 0 1 3 2 134 134 0 0 2 19 11 0 50 62 27 0 2 16 37 12 1 6 43 0 4 27 41 3 0 2 31 5;
<CIRCLE 344 121 1.06066 0 2.14528e-05>; 0 8 7 0 1 129 110 0 0 0 0 0 4 129 110 0 0 0 1 10 46 79 20 1 0 1 23 29 15 4 1 2 0 124 118 0 2 50 14 0 0 39 80 8 56 129 26 0 0 0 5 14 129 129 1 0 1 0 2 8 49 41 9 7 3 78 67 0 0 0 0 0 0 72 128 51 23 5 0 0 0 3 26 129 129 24 0 0 0 0 1 53 50 14 4 0 2 19 39 1 0 0 0 0 0 7 45 49 12 1 0 0 0 0 7 57 43 32 21 0 0 0 1 11 9 38 54 0;
<CIRCLE 179 98 3 0 2.13282e-05>; 2 16 64 0 0 0 29 12 0 6 95 2 0 2 57 2 0 9 80 1 0 1 65 0 0 5 56 0 0 1 53 0 2 56 166 20 2 0 0 0 5 54 166 97 13 8 5 5 11 103 166 59 7 7 6 9 11 88 166 42 5 6 8 12 13 31 40 11 5 4 0 0 10 27 42 32 22 42 49 34 27 44 37 20 10 30 65 74 26 31 28 14 7 27 84 94 0 41 50 3 0 0 0 0 1 59 52 0 0 0 3 2 9 96 19 0 0 0 4 6 22 76 21 0 0 0 6 13;
<CIRCLE 76 64 2.52269 0 2.00038e-05>; 10 1 1 1 71 61 1 4 79 1 0 6 4 5 4 50 9 40 10 29 26 17 6 9 0 132 15 2 7 3 0 0 27 2 0 0 132 132 0 4 132 41 10 5 11 26 20 57 10 10 14 48 74 94 29 12 0 59 3 12 27 8 1 1 5 4 0 0 132 132 0 0 41 106 63 9 54 36 0 2 7 39 74 85 37 12 3 2 8 11 11 15 8 5 8 24 0 3 5 1 132 132 0 0 0 10 5 1 108 111 15 0 3 21 29 7 1 6 40 0 3 17 31 6 0 3 30 3;
<CIRCLE 107 71 0.891905 0 1.99656e-05>; 12 142 4 0 0 1 13 2 26 142 4 0 0 0 0 0 17 90 2 0 0 0 0 0 2 5 2 0 0 0 0 0 14 21 15 15 0 28 47 6 108 142 10 1 0 2 2 5 58 142 36 0 0 0 0 0 3 71 26 0 0 0 0 0 0 7 125 24 0 3 2 0 14 114 126 2 0 0 0 0 5 142 142 0 0 0 0 0 0 142 70 0 0 0 0 0 0 3 39 1 0 0 0 0 0 11 54 3 0 0 0 0 2 65 57 0 0 0 0 0 0 142 27 0 0 0 0 0;
<CIRCLE 370 94 3 0 1.86263e-05>; 0 14 160 1 0 0 5 4 27 56 157 0 0 0 1 1 146 89 19 0 0 0 0 0 13 2 0 0 0 0 0 0 0 6 72 13 0 1 19 11 72 42 73 23 1 1 3 2 166 64 6 0 0 0 0 0 28 1 0 0 0 0 0 0 0 10 146 12 0 0 0 0 112 51 93 18 0 0 0 0 166 56 4 0 0 0 0 2 36 1 0 0 1 0 0 0 0 6 18 0 0 5 24 5 123 13 6 0 0 0 12 34 166 1 0 0 0 0 0 19 29 0 0 0 0 0 0 0;
<CIRCLE 112 94 2.12132 0 1.75129e-05>; 2 5 0 0 0 0 89 11 3 1 0 0 0 0 131 27 4 11 2 0 0 0 130 87 3 25 17 0 0 0 117 83 20 22 14 0 0 0 0 5 56 22 15 0 0 0 16 134 13 18 92 1 0 0 84 140 3 8 140 6 0 0 96 100 27 33 26 4 0 0 0 1 47 62 140 39 0 0 0 23 7 57 140 19 0 0 1 13 0 29 140 11 0 0 0 0 4 28 37 10 2 2 3 4 1 9 37 58 5 2 3 2 0 38 43 13 0 6 9 3 4 48 50 0 0 0 5 5;
<CIRCLE 220 95 0.891905 0 1.67615e-05>; 0 10 50 7 0 0 0 0 0 12 51 20 3 0 0 0 0 66 62 15 2 0 0 0 0 53 40 0 0 0 0 0 0 44 135 39 0 0 0 0 0 99 135 36 4 0 0 0 1 75 92 66 3 0 0 0 1 124 55 0 0 0 0 0 0 63 135 60 3 0 0 0 15 135 135 3 0 0 0 0 37 135 82 13 0 0 0 0 27 102 25 0 0 0 0 0 7 12 17 12 17 25 13 9 114 75 7 0 0 0 4 64 135 43 0 0 0 0 0 48 58 14 1 0 0 0 0 25;
<CIRCLE 308 132 1.06066 0 1.66742e-05>; 0 10 26 6 7 59 11 0 7 71 47 2 0 11 8 19 28 26 26 0 0 0 18 81 3 2 1 0 0 5 38 44 0 0 0 0 43 124 42 2 48 12 2 0 13 53 60 124 34 9 4 0 0 9 117 124 0 0 4 0 0 41 124 23 1 1 0 1 124 105 2 0 124 80 0 0 57 32 3 44 107 92 31 1 0 3 15 60 1 8 36 2 0 9 33 9 0 0 30 89 64 58 1 0 107 62 9 51 64 19 0 1 124 77 3 0 0 0 1 15 6 8 12 0 0 0 8 11;
<CIRCLE 117 82 4.24264 0 1.62735e-05>; 22 142 9 0 0 0 0 0 7 142 17 0 0 0 0 0 5 26 8 0 0 0 0 2 0 1 2 0 0 0 0 1 8 95 34 0 0 0 52 10 21 142 61 0 0 0 27 30 18 142 92 0 0 0 3 21 8 49 40 0 0 0 0 6 8 12 7 0 0 0 64 22 41 55 31 0 0 0 59 119 30 69 110 0 0 0 28 119 17 30 142 4 0 0 2 29 2 14 31 10 2 3 1 0 11 51 121 4 0 1 3 5 4 45 142 4 0 0 0 3 0 16 142 11 0 0 0 0;
<CIRCLE 111 94 1.5 0 1.57942e-05>; 3 14 3 0 0 0 6 1 8 6 3 0 0 0 12 14 13 3 0 0 0 0 42 63 4 0 0 0 0 0 85 99 21 20 19 0 0 0 0 16 40 18 17 0 0 0 29 151 10 12 83 2 0 0 112 151 2 5 140 10 0 0 99 127 55 27 10 0 0 0 0 14 55 58 151 25 0 0 1 56 6 19 151 35 0 0 2 21 2 22 151 23 0 0 0 1 7 36 32 7 0 0 0 0 1 8 49 99 5 0 0 0 5 21 92 48 7 6 5 2 18 75 51 1 0 1 0 0;
<CIRCLE 213 95 1.06066 0 1.53988e-05>; 0 1 46 46 0 0 0 0 4 20 78 36 0 0 0 0 3 13 65 10 0 0 0 0 0 12 52 6 0 0 0 0 0 10 77 92 0 0 0 0 7 81 104 68 0 0 0 0 3 34 130 93 0 0 0 0 0 79 130 19 1 0 0 0 16 31 34 52 22 0 0 1 0 13 77 130 61 4 0 0 0 13 130 130 38 4 0 0 15 130 130 11 1 0 0 0 24 4 0 2 30 19 5 18 0 0 0 19 98 92 2 0 0 1 5 25 71 130 25 2 38 23 6 1 2 12 32 67;
<CIRCLE 201 143 4.24264 0 1.52656e-05>; 0 42 58 2 1 57 61 1 0 23 122 65 10 35 7 0 17 5 92 107 5 3 6 24 33 12 33 6 1 9 7 33 0 3 9 1 8 122 91 0 6 1 5 9 109 122 39 16 45 4 3 5 27 61 59 122 42 32 11 2 20 51 36 51 1 6 10 0 6 14 15 8 1 1 7 0 42 122 104 20 11 1 7 0 9 75 122 122 13 3 6 0 9 73 122 69 0 3 5 0 0 11 70 1 0 2 13 0 0 10 84 0 0 3 16 0 0 2 87 4 0 3 14 0 0 3 63 3;
<CIRCLE 364 129 8.48528 0 1.5258e-05>; 0 0 166 27 4 20 7 0 41 85 166 4 1 9 3 1 166 138 22 0 0 0 0 2 27 4 0 0 0 0 0 0 12 18 11 4 6 69 29 7 105 15 20 2 6 98 41 48 166 18 1 0 0 0 4 65 46 0 0 0 0 0 0 1 12 4 0 0 1 9 17 42 78 1 0 0 2 33 41 48 166 1 0 0 0 0 4 66 38 0 0 0 0 0 0 1 0 4 10 0 0 0 3 6 64 9 7 4 0 1 2 3 166 11 0 0 0 0 0 3 25 0 0 0 0 0 0 0;
<CIRCLE 366 129 6 0 1.50085e-05>; 0 5 102 4 1 54 50 0 80 38 112 1 0 11 20 18 190 55 8 0 0 0 0 19 39 1 0 0 1 0 0 0 0 14 16 9 37 103 63 1 111 0 1 0 20 54 69 55 190 0 0 0 0 0 4 63 48 0 0 0 1 0 0 1 0 3 3 2 6 17 38 3 73 0 0 0 3 24 76 41 190 0 0 0 0 0 6 68 39 0 0 0 1 0 0 1 0 1 8 1 0 3 14 0 62 5 5 4 0 5 10 7 190 8 0 0 0 0 0 11 28 0 0 0 1 0 0 0;
<CIRCLE 370 131 3.56762 0 1.46858e-05>; 2 7 2 1 13 14 48 9 142 18 3 0 0 0 30 60 186 7 0 0 0 0 0 24 27 0 0 0 0 0 0 0 1 8 3 2 20 25 102 2 149 27 4 0 0 3 79 58 186 13 0 0 0 0 1 55 33 0 0 0 1 0 0 1 0 0 4 1 0 11 79 0 120 4 1 1 0 7 66 50 186 3 0 0 0 0 1 53 27 0 0 0 0 0 0 1 0 0 4 1 0 4 18 0 104 4 1 1 0 4 10 15 186 4 0 0 0 0 0 14 20 0 0 0 0 0 0 0;
<CIRCLE 269 106 2.52269 0 1.45826e-05>; 9 74 119 24 3 2 8 11 4 46 119 10 0 2 7 5 0 7 119 119 37 3 9 1 18 68 119 38 14 10 15 19 28 58 79 11 5 7 83 85 7 46 119 19 26 20 48 34 17 20 59 119 101 13 6 5 45 57 38 15 9 2 11 37 7 20 86 7 0 0 1 4 0 25 119 47 16 1 1 0 19 38 75 119 77 1 0 6 27 50 97 21 1 0 0 14 0 2 66 13 0 0 0 0 0 0 64 45 12 0 0 0 4 10 20 50 56 8 6 16 22 28 29 1 0 1 2 42;
<CIRCLE 371 93 2.52269 0 1.38126e-05>; 1 15 130 0 0 0 6 8 53 53 125 0 0 1 1 1 168 71 12 0 0 0 0 0 10 1 0 0 0 0 0 0 0 1 48 20 1 2 21 11 104 35 54 18 4 2 1 1 168 43 2 0 0 0 0 0 18 0 0 0 0 0 0 0 0 6 139 31 0 0 0 0 135 58 96 18 0 0 0 0 168 60 3 0 0 0 0 0 23 0 0 0 1 0 0 0 1 16 27 1 0 0 2 2 155 20 7 0 0 0 0 14 168 3 0 0 0 0 0 11 19 0 0 0 0 0 0 0;
<CIRCLE 266 99 8.48528 0 1.23245e-05>; 5 1 2 0 0 0 2 5 5 2 4 5 1 0 2 2 3 5 41 13 0 0 0 0 1 2 77 10 0 0 0 0 0 16 145 18 0 0 2 3 0 37 145 41 3 0 1 1 0 5 145 145 4 0 0 0 0 1 145 99 13 5 0 0 7 25 145 61 0 0 1 14 9 95 145 26 0 2 16 13 0 35 145 59 2 4 29 2 5 44 80 23 13 16 10 2 5 3 12 2 0 0 40 101 5 4 4 2 0 2 80 61 0 4 6 2 0 21 117 8 11 13 6 0 0 31 35 28;
<CIRCLE 295 91 6 0 1.21955e-05>; 2 4 14 4 1 0 0 0 2 7 37 1 0 0 0 0 1 2 52 5 0 0 0 0 0 0 61 10 0 0 0 0 0 6 69 40 32 19 1 0 0 5 137 79 35 5 0 0 0 0 137 64 11 6 0 0 0 0 137 42 0 0 0 0 0 45 137 102 7 4 0 0 0 74 137 58 39 27 1 0 0 21 119 29 26 122 33 0 0 5 132 15 4 82 63 0 1 17 66 57 1 5 33 1 2 68 94 7 0 3 36 4 3 73 104 0 0 18 18 6 4 67 34 0 0 45 51 8;
<CIRCLE 74 66 3 0 1.20096e-05>; 1 0 0 0 126 126 0 0 57 1 0 0 19 17 2 32 23 42 10 13 15 18 5 18 0 126 17 3 5 2 0 0 1 0 0 0 126 126 0 0 91 34 9 1 83 71 5 27 29 26 27 42 54 50 14 16 2 61 3 16 28 6 2 6 2 1 2 0 126 113 0 0 8 35 19 2 126 126 0 0 3 49 60 34 16 6 4 0 9 19 20 12 6 1 6 13 0 35 100 11 44 27 0 0 0 4 22 25 126 126 12 0 0 5 5 2 9 31 88 1 0 6 11 1 0 4 82 0;
<CIRCLE 368 129 5.04538 0 1.17264e-05>; 0 3 58 0 4 47 65 0 120 20 51 1 0 3 32 38 191 19 2 0 0 0 0 29 27 0 0 0 0 0 0 0 0 5 13 16 68 83 62 1 135 12 0 0 9 15 77 53 191 8 0 0 0 0 3 50 33 0 0 0 1 0 0 0 0 0 5 4 6 22 56 0 94 1 0 1 1 13 91 43 191 1 0 0 0 0 5 62 27 0 0 0 0 0 0 1 0 0 3 1 0 5 20 0 78 2 1 2 0 5 14 11 191 3 0 0 0 0 0 15 19 0 0 0 0 0 0 0;
<CIRCLE 79 63 2.52269 0 1.14193e-05>; 36 3 2 1 15 13 1 19 61 6 2 20 14 8 4 46 0 139 24 20 25 7 1 1 0 139 11 0 1 0 0 0 92 8 0 0 78 64 1 26 96 26 10 19 27 71 45 58 0 14 5 35 77 68 12 0 1 139 5 3 9 3 0 0 33 37 6 0 139 138 0 1 43 120 112 50 23 11 3 7 4 8 32 88 51 18 5 5 9 23 9 3 1 1 25 39 0 1 2 0 139 139 0 0 3 31 22 1 27 32 21 0 3 17 42 16 3 7 28 2 6 35 53 2 0 1 22 11;
<CIRCLE 194 137 1.78381 0 1.05558e-05>; 0 8 19 0 2 83 72 0 0 13 48 2 4 42 16 1 0 18 46 2 2 10 19 1 0 9 37 1 0 10 16 0 0 0 0 0 16 135 91 0 0 1 5 0 31 135 135 5 0 7 28 14 135 68 54 3 3 18 68 6 12 0 0 2 0 6 26 0 1 31 36 0 1 4 16 5 113 107 102 1 0 0 1 6 135 107 10 0 21 3 3 2 22 7 4 13 0 16 56 0 0 0 20 9 0 10 44 13 52 19 18 2 0 0 2 7 135 135 62 0 12 0 0 0 6 43 135 37;
<CIRCLE 220 145 4.24264 0 1.03209e-05>; 4 3 84 76 12 13 4 9 50 15 34 24 2 5 13 57 17 14 12 1 4 25 21 38 20 13 1 0 0 1 34 83 27 2 3 5 56 110 64 105 36 20 8 2 38 114 84 108 98 29 8 1 8 19 60 114 10 0 0 0 0 1 92 114 3 1 9 0 8 63 114 61 4 3 13 0 9 96 114 61 27 6 13 0 1 17 114 114 5 7 11 0 0 2 23 31 0 1 10 0 0 3 90 2 0 3 15 0 0 4 111 2 0 6 15 0 0 3 96 4 0 7 13 0 0 5 58 1;
<CIRCLE 279 99 3.56762 0 1.01942e-05>; 0 0 15 17 21 43 20 0 1 23 59 26 14 44 60 2 0 8 119 24 15 47 14 0 0 0 119 31 10 6 0 0 9 58 119 27 2 17 9 3 5 20 119 119 5 25 32 0 19 61 104 39 49 58 11 0 0 3 36 41 66 76 36 0 26 46 99 52 6 0 0 12 11 45 77 119 19 0 0 0 30 119 119 6 2 5 3 0 1 68 119 1 4 60 47 0 0 4 80 51 4 0 0 0 14 28 47 83 17 0 1 1 23 55 68 0 0 0 0 0 0 26 84 0 0 0 0 0;
<CIRCLE 109 95 1.26134 0 9.86887e-06>; 2 18 9 0 0 0 0 0 5 12 18 0 0 0 2 15 4 8 7 0 0 0 43 92 3 3 0 0 0 0 96 138 16 10 31 0 0 0 0 10 75 22 24 0 0 0 8 150 27 21 122 6 0 0 76 150 4 7 150 14 0 0 66 124 35 19 3 0 0 1 0 9 63 69 107 11 0 0 0 31 11 18 150 59 1 0 0 8 1 15 150 25 0 0 0 0 7 30 41 0 0 1 0 3 2 19 26 61 4 0 0 0 1 0 51 109 18 3 2 1 14 38 66 12 3 11 6 1;
<CIRCLE 49 157 10.0908 0 9.84275e-06>; 1 0 0 0 33 0 0 0 0 0 3 46 219 46 2 0 6 10 25 34 139 39 54 12 7 16 17 3 0 2 55 12 2 0 0 0 39 0 0 0 0 0 0 0 219 65 4 0 6 0 0 0 165 48 87 47 0 0 0 0 0 0 122 48 1 0 0 0 24 0 0 0 0 0 0 0 219 39 3 0 14 1 0 0 104 26 37 30 12 1 0 0 0 0 48 28 0 0 0 0 0 0 0 0 0 0 0 0 14 0 0 0 1 0 0 0 3 0 0 0 1 0 0 0 0 0 0 0;
<CIRCLE 305 145 3.56762 0 9.83335e-06>; 0 4 15 0 0 7 126 5 5 11 34 19 23 102 126 14 48 40 22 5 4 19 62 125 7 22 9 0 0 0 109 39 3 4 4 9 21 9 56 6 18 21 19 126 126 92 52 18 126 108 21 37 17 15 40 107 26 19 5 0 0 0 43 20 1 1 3 0 8 16 37 11 4 2 5 8 59 126 126 32 53 7 2 1 4 19 126 126 6 2 4 0 0 0 54 24 0 10 32 0 0 0 4 1 0 16 27 0 0 2 10 1 0 16 26 0 0 0 8 4 0 3 31 3 0 0 2 0;
<CIRCLE 297 93 5.04538 0 9.72905e-06>; 1 9 36 6 2 0 0 0 0 5 75 5 0 0 0 0 1 1 100 11 0 0 0 0 0 0 97 20 0 0 0 0 0 13 79 45 18 39 14 0 0 6 126 60 57 24 2 0 0 2 126 48 8 11 1 0 0 3 126 30 0 0 0 0 1 52 115 114 4 4 1 0 1 84 105 16 40 57 15 0 0 23 100 15 13 126 72 0 0 7 111 7 2 86 82 0 4 34 47 53 2 1 12 1 3 62 104 0 0 1 10 1 1 74 110 0 0 17 15 1 2 74 46 0 0 46 55 2;
<CIRCLE 44 158 5.04538 0 9.70963e-06>; 1 0 0 0 29 0 0 0 0 0 0 15 207 26 1 0 2 11 13 13 128 21 28 14 2 18 13 0 0 5 55 10 1 0 0 0 36 0 0 0 0 0 0 12 207 53 4 0 1 8 10 10 150 40 75 18 5 16 9 0 0 0 69 23 1 0 0 0 32 0 0 0 0 0 0 12 207 41 3 0 0 10 18 12 127 29 56 10 2 20 15 0 0 0 60 15 0 0 0 0 10 0 0 0 0 0 0 4 190 0 0 0 0 5 8 4 52 0 0 0 1 12 8 0 0 0 0 0;
<CIRCLE 195 113 7.13524 0 9.69425e-06>; 1 19 133 0 0 0 2 3 0 19 134 0 0 0 11 2 0 16 127 0 0 0 11 2 0 9 94 3 0 0 7 4 0 44 134 1 0 0 1 0 27 103 134 3 0 0 0 1 11 40 134 53 0 0 0 2 1 15 134 78 0 0 0 0 1 23 27 0 0 8 108 5 7 62 80 16 7 54 43 2 7 13 134 83 5 17 13 13 13 8 66 28 0 0 10 41 1 1 0 0 0 4 52 3 0 0 0 1 6 94 43 0 1 0 1 2 4 53 115 26 5 0 0 0 0 3 51 83;
<CIRCLE 46 157 7.13524 0 9.61076e-06>; 1 0 0 0 40 0 0 0 0 0 0 1 217 44 1 0 2 2 0 1 149 47 57 10 3 3 2 0 0 6 86 12 2 0 0 0 47 0 0 0 0 0 0 5 217 51 2 0 9 10 0 5 172 42 55 24 9 11 0 0 0 0 72 28 1 0 0 0 37 0 0 0 0 0 0 4 217 43 2 0 5 10 1 5 133 34 44 18 7 15 0 0 0 0 51 24 0 0 0 0 5 0 0 0 0 0 0 1 74 0 0 0 1 3 0 1 21 0 0 0 1 5 0 0 0 0 0 0;
<CIRCLE 224 145 3 0 9.48909e-06>; 27 19 5 0 6 25 40 39 56 64 17 6 20 16 3 12 13 6 6 6 23 13 38 55 12 0 0 0 0 0 71 84 108 14 3 12 126 101 58 110 48 84 51 10 102 78 81 47 126 27 13 2 1 0 59 126 9 1 6 3 0 1 88 69 29 7 10 7 38 55 115 45 10 1 14 1 23 73 126 71 54 3 15 0 0 0 105 126 4 3 11 2 0 6 38 9 0 6 43 0 0 0 16 2 0 5 52 0 0 0 22 1 1 10 42 0 0 0 8 3 0 14 25 0 0 0 2 0;
<CIRCLE 43 158 3.56762 0 8.66863e-06>; 0 0 0 0 44 0 0 0 0 0 0 28 205 7 0 0 0 6 27 25 114 6 5 3 3 20 27 0 0 0 3 7 1 0 0 0 54 1 0 0 0 0 0 2 205 58 3 0 0 0 1 1 130 46 73 15 2 2 1 0 0 0 83 19 0 0 0 0 47 1 0 0 0 0 0 11 205 47 2 0 1 5 11 11 104 34 55 10 0 7 14 0 0 0 65 7 0 0 0 0 32 0 0 0 0 0 0 11 205 2 0 0 0 5 15 12 89 5 0 0 1 12 20 0 0 0 0 0;
<CIRCLE 194 113 7.13524 0 8.64383e-06>; 2 20 132 0 0 0 2 3 0 19 135 0 0 0 11 2 0 16 129 0 0 0 11 2 0 10 94 3 0 0 7 4 0 43 135 1 0 0 1 0 25 103 135 2 0 0 0 1 13 43 135 50 0 0 0 2 1 14 135 78 0 0 0 0 1 21 27 0 0 8 110 5 6 63 74 13 6 52 47 2 7 14 135 83 6 20 13 12 13 8 71 30 0 0 10 39 1 1 0 0 0 4 52 4 0 0 0 1 5 89 42 0 1 0 1 2 5 59 113 23 5 0 0 0 0 3 55 80;
<CIRCLE 196 128 10.0908 0 8.1701e-06>; 1 57 134 0 0 0 0 1 0 45 134 0 0 0 3 2 0 24 134 9 0 0 2 3 0 16 134 12 0 0 1 2 0 42 134 0 0 1 65 5 1 110 134 13 3 18 31 2 2 32 134 78 2 6 6 11 10 46 134 29 0 0 11 29 0 0 0 0 0 2 110 13 0 4 11 5 4 92 99 3 2 2 25 11 3 42 134 56 4 2 3 0 0 0 53 102 0 0 0 0 0 1 42 3 0 0 0 0 0 9 55 1 0 0 0 0 0 4 74 6 0 0 0 0 0 3 27 9;
<CIRCLE 193 138 2.12132 0 8.16071e-06>; 0 3 10 0 0 95 86 0 0 4 32 5 4 69 26 0 0 9 38 6 3 13 17 0 0 6 34 2 0 12 19 0 0 0 0 0 0 125 105 0 0 0 2 0 14 136 136 0 0 3 21 11 136 118 57 0 17 17 57 8 20 1 0 10 0 15 56 0 0 10 15 1 0 11 36 9 68 77 49 0 0 0 2 7 136 136 20 0 70 1 1 1 33 31 41 55 0 8 23 0 0 0 39 14 0 6 19 5 14 13 37 5 0 0 1 3 57 136 101 0 13 0 0 0 2 44 136 52;
<CIRCLE 195 135 1.06066 0 7.89861e-06>; 0 18 39 0 5 43 5 0 1 28 68 0 1 3 7 4 0 31 69 1 1 2 3 1 0 29 46 0 0 2 1 0 0 0 2 0 45 136 56 14 1 3 7 1 13 49 136 85 0 9 30 11 87 81 47 7 0 20 78 8 14 1 0 1 0 0 0 0 9 115 136 22 0 0 0 21 136 76 136 70 0 0 0 73 136 42 10 2 4 1 3 8 24 1 2 11 6 2 0 0 1 16 45 12 4 1 0 5 136 116 27 8 0 0 0 12 136 65 0 0 3 7 1 1 14 2 0 1;
<CIRCLE 54 156 14.2705 0 7.75707e-06>; 0 0 0 4 30 0 0 0 0 0 0 158 178 11 0 0 14 46 11 116 129 9 10 5 22 178 69 0 0 0 11 2 0 0 0 0 49 1 0 0 0 0 0 10 178 78 5 0 2 2 1 6 127 57 99 43 1 13 14 0 0 0 138 28 0 0 0 0 24 0 0 0 0 0 0 0 178 28 1 0 7 0 0 0 65 18 24 26 2 0 0 0 0 0 38 15 0 0 0 0 0 0 0 0 0 0 0 0 0 0 0 0 0 0 0 0 0 0 0 0 0 0 0 0 0 0 0 0;
<CIRCLE 241 109 10.0908 0 7.71774e-06>; 2 4 26 0 0 0 4 5 6 3 25 0 0 0 3 7 4 2 24 13 2 0 2 2 2 3 63 26 0 0 0 0 0 70 153 14 0 0 1 0 1 30 153 52 0 0 1 2 1 64 153 55 2 0 0 0 0 14 153 114 7 1 0 0 1 38 133 43 7 41 33 6 12 20 153 48 0 1 33 85 10 44 103 17 1 5 76 51 2 26 81 13 1 18 74 7 0 0 0 1 2 49 100 5 0 0 0 0 0 2 100 84 3 1 0 0 0 1 48 38 1 2 0 0 0 20 41 7;
<CIRCLE 304 137 1.26134 0 7.6677e-06>; 0 5 4 3 6 25 100 5 0 0 0 3 65 116 42 0 44 16 0 0 34 54 23 68 31 20 8 0 0 5 44 109 1 6 11 8 9 7 3 5 0 0 14 33 82 94 2 0 87 45 3 31 96 54 0 4 113 57 10 0 0 0 1 16 0 0 24 62 29 3 3 0 0 0 116 116 32 7 0 0 51 80 69 116 28 4 0 0 116 116 4 0 0 0 0 3 0 0 0 46 116 16 2 0 0 0 16 92 110 26 1 0 51 19 14 11 0 1 3 14 116 33 0 0 0 0 0 31;
<CIRCLE 142 94 1.26134 0 7.01415e-06>; 0 0 44 5 0 0 79 28 0 0 69 37 0 0 70 23 0 6 104 40 0 0 45 10 1 9 87 2 0 0 19 5 0 0 138 14 0 0 0 0 0 9 138 134 0 0 0 0 1 115 138 48 0 0 0 0 1 30 138 2 0 0 0 0 0 5 138 6 0 0 0 0 0 12 138 91 10 0 0 0 14 113 138 24 3 0 0 0 1 18 138 3 0 0 0 0 0 3 36 3 0 0 2 1 3 4 26 18 29 1 0 1 59 14 2 4 10 0 0 4 8 3 5 0 0 0 1 4;
<CIRCLE 198 113 6 0 6.37182e-06>; 0 15 126 5 0 0 8 2 1 26 126 0 0 0 16 2 0 21 126 5 0 0 16 2 0 20 120 9 0 0 11 3 8 45 126 8 0 0 0 3 30 72 126 7 0 0 8 44 5 27 126 69 4 4 16 18 2 21 126 101 0 0 0 0 2 42 33 0 0 14 80 5 7 65 126 29 6 39 19 3 9 10 126 112 3 4 2 16 14 8 70 29 0 2 8 17 0 1 2 1 0 17 60 2 0 0 3 3 21 124 34 3 4 1 2 4 9 50 64 56 19 3 0 0 0 13 35 64;
<CIRCLE 229 139 1.78381 0 6.03032e-06>; 33 20 0 7 21 5 0 1 0 2 9 27 43 19 10 6 4 19 26 2 0 0 25 32 4 13 31 0 0 0 31 37 30 87 77 20 13 0 0 0 66 16 31 37 30 3 41 93 20 4 8 1 0 0 140 140 0 1 3 0 0 0 140 114 23 58 91 2 3 6 32 26 140 42 28 2 0 0 8 134 106 13 9 7 0 1 54 64 0 3 20 9 0 1 34 11 6 0 0 0 0 16 140 68 89 4 0 0 0 0 105 140 33 11 4 2 0 0 29 35 0 0 7 5 1 9 31 1;
<CIRCLE 198 145 1.78381 0 5.79451e-06>; 0 0 0 0 18 97 101 1 0 0 1 5 141 86 47 1 3 5 13 5 49 4 0 2 82 7 11 0 1 0 9 83 1 12 47 8 32 15 16 1 0 0 7 12 141 141 12 0 6 2 2 0 55 71 79 16 141 19 4 1 0 0 27 124 0 4 16 2 3 9 41 4 0 0 3 4 44 135 92 0 0 0 0 0 5 92 141 18 37 8 2 0 0 0 141 103 0 0 9 0 0 2 14 2 0 2 10 0 0 4 30 5 0 1 12 1 0 4 60 6 1 2 11 1 0 0 42 9;
<CIRCLE 196 129 10.0908 0 5.51694e-06>; 1 58 134 0 0 0 0 1 0 48 134 0 0 0 2 2 0 26 134 10 0 0 2 2 0 18 134 13 0 0 1 2 1 40 134 0 0 1 71 6 1 107 134 13 3 21 34 2 2 30 134 78 2 7 8 13 10 45 134 28 0 0 12 33 0 0 0 0 0 2 109 13 0 3 9 5 4 91 100 3 2 2 21 9 3 42 134 56 4 1 2 0 0 0 53 101 0 0 0 0 0 1 40 3 0 0 0 0 0 8 53 1 0 0 0 0 0 4 70 5 0 0 0 0 0 3 26 7;
<CIRCLE 229 138 1.26134 0 5.39352e-06>; 0 0 5 24 31 7 0 0 0 1 47 45 20 8 13 4 2 20 75 2 0 0 24 14 2 6 57 6 0 0 26 16 2 11 42 33 65 3 2 1 52 5 16 30 40 5 85 118 7 6 17 1 0 0 145 116 0 1 7 0 0 0 145 96 23 60 142 15 5 0 0 4 145 38 21 7 3 0 10 105 78 2 1 5 2 4 98 77 0 6 5 3 1 3 71 20 50 11 10 0 0 0 23 83 145 22 3 0 0 0 1 145 46 31 11 12 3 0 0 8 0 9 12 9 3 0 1 0;
<CIRCLE 267 95 6 0 5.34115e-06>; 3 2 0 0 0 0 10 2 1 2 6 6 4 3 5 0 2 9 50 9 3 1 0 0 1 4 73 7 0 0 0 0 0 11 136 6 0 0 23 2 0 31 136 24 23 19 12 0 0 11 127 90 45 19 0 0 0 4 136 77 40 17 1 0 24 57 136 53 0 0 0 0 16 134 136 51 0 0 0 0 0 68 136 130 6 0 0 0 0 66 123 14 24 46 5 0 34 22 14 8 0 0 15 30 10 19 58 32 1 7 60 10 3 28 49 37 2 8 86 7 2 38 63 0 1 9 41 4;
<CIRCLE 80 71 0.891905 0 5.31532e-06>; 0 68 137 15 0 0 0 0 0 13 137 137 11 1 7 0 0 0 17 137 14 10 27 0 0 5 22 7 0 2 12 2 32 44 61 0 0 0 0 4 66 29 36 13 3 3 67 87 7 4 12 12 12 79 137 31 0 0 3 12 16 61 96 5 29 50 7 1 0 0 0 1 79 137 90 0 0 0 8 32 8 48 137 83 7 29 34 14 0 0 89 119 16 25 8 0 0 5 5 5 6 0 0 0 0 32 60 0 0 0 2 0 0 7 117 16 0 0 1 2 0 0 45 21 1 1 0 0;
<CIRCLE 41 158 1.78381 0 4.42107e-06>; 0 0 0 0 46 2 0 0 0 0 0 3 201 9 0 0 0 2 3 5 137 9 9 1 0 2 8 0 0 0 16 3 0 0 0 0 56 1 0 0 0 0 0 1 201 51 1 0 0 0 1 2 138 47 65 8 0 1 3 0 0 0 90 11 0 0 0 1 49 0 0 0 0 0 0 3 201 51 2 0 0 1 2 4 102 45 62 6 0 1 4 0 0 0 69 9 0 0 0 0 38 0 0 0 0 0 0 9 201 2 0 0 0 1 9 12 98 1 0 0 1 4 13 2 0 0 0 1;
<CIRCLE 242 120 20.1815 0 4.23711e-06>; 12 56 18 0 0 0 0 1 12 20 30 0 0 0 0 3 12 5 48 10 0 0 0 3 16 22 69 6 0 0 0 4 5 175 175 0 0 2 17 5 5 60 175 9 0 3 6 8 3 19 175 85 0 0 9 9 38 81 175 64 1 2 11 18 1 20 45 1 1 20 106 15 6 15 115 6 2 32 89 58 6 10 76 6 0 0 74 60 83 5 14 6 0 2 38 68 0 0 0 0 0 1 4 1 1 0 0 0 0 2 5 4 2 0 0 0 0 0 2 4 14 0 0 0 0 0 0 2;
<CIRCLE 119 78 1.06066 0 3.5973e-06>; 0 135 20 0 0 0 0 0 0 24 9 0 0 0 1 0 1 3 0 0 0 0 2 2 1 0 0 0 0 0 1 0 0 141 78 0 0 0 0 0 0 141 91 0 0 0 0 0 1 69 96 0 0 0 2 1 0 16 44 0 0 1 1 0 1 86 22 0 0 0 45 7 2 141 115 0 0 0 31 5 0 141 141 0 0 0 13 2 0 107 141 0 0 0 2 1 0 0 0 0 0 0 112 11 0 7 4 0 0 0 135 13 0 20 18 0 0 0 121 13 1 23 32 0 0 0 75 11;
<CIRCLE 187 133 1.06066 0 3.50837e-06>; 0 13 17 0 0 91 60 0 0 25 56 0 0 40 46 0 0 43 63 0 0 11 13 0 0 17 54 2 0 2 1 0 0 0 0 0 0 126 137 2 0 1 1 0 5 137 137 0 0 8 12 0 33 137 92 0 0 12 39 1 12 52 18 6 0 10 5 1 0 7 64 7 0 2 4 15 41 66 87 1 0 0 0 3 116 137 50 0 0 0 0 0 14 96 137 61 0 3 2 0 0 5 35 4 0 1 1 3 6 21 41 2 0 0 0 0 7 79 92 0 0 0 0 0 12 53 137 23;
<CIRCLE 128 84 3 0 3.00522e-06>; 1 125 35 0 0 0 0 0 3 33 27 0 0 0 0 0 0 5 11 0 0 0 0 0 0 1 2 0 0 0 0 0 12 125 48 0 0 0 46 30 8 125 125 0 0 0 29 31 5 77 102 0 0 0 21 24 3 27 35 0 0 0 8 14 10 11 25 0 0 0 77 112 6 19 89 2 0 0 125 112 4 16 125 8 0 0 90 65 2 11 121 13 0 0 27 27 8 31 125 6 0 0 2 16 1 22 125 8 0 0 2 5 0 2 125 18 0 0 0 0 2 17 125 15 0 0 0 0;
<CIRCLE 92 71 1.26134 0 2.844e-06>; 1 14 20 3 4 1 0 2 5 3 1 0 1 1 10 12 3 3 0 0 0 5 46 13 4 85 9 1 0 7 39 4 11 15 13 3 2 4 39 46 22 38 27 0 0 0 115 141 0 42 77 2 0 12 157 150 0 4 75 17 0 59 157 14 8 32 90 18 2 2 5 7 20 109 157 0 0 0 9 23 0 107 157 4 0 1 15 22 0 17 157 51 0 7 19 1 2 2 8 1 1 2 15 0 2 8 26 0 0 0 15 0 0 11 44 4 0 0 13 0 0 4 50 7 0 0 11 1;
<CIRCLE 254 131 1.26134 0 2.82735e-06>; 1 0 30 48 2 5 32 17 0 0 33 67 15 34 26 4 0 0 7 24 43 42 56 4 1 1 10 1 4 13 89 23 0 0 47 57 0 0 65 128 5 6 19 27 1 0 159 159 4 6 15 9 3 55 159 77 0 4 11 0 0 11 159 82 2 0 0 3 0 1 104 159 8 26 21 15 10 11 84 89 5 35 102 17 0 22 75 30 0 28 70 6 0 6 53 30 0 6 18 5 0 2 26 9 0 2 24 10 0 9 28 1 0 17 19 2 0 2 34 11 0 4 17 1 0 2 18 7;
<CIRCLE 91 71 0.891905 0 2.74933e-06>; 5 15 8 0 0 0 5 11 6 3 0 0 0 0 25 29 1 0 0 0 0 0 73 37 0 0 0 0 0 8 126 25 14 12 6 0 0 0 33 61 29 29 12 0 0 0 86 139 4 47 33 0 0 0 140 140 0 27 63 3 0 15 140 92 11 46 90 4 0 0 2 5 28 125 140 0 0 0 5 13 4 96 140 0 0 0 7 15 0 83 140 5 0 1 9 7 3 7 26 1 0 0 0 0 3 25 53 0 0 0 0 0 0 14 92 1 0 0 0 0 0 30 92 2 0 0 0 0;
<CIRCLE 271 131 1.26134 0 2.42364e-06>; 0 3 8 0 0 17 96 2 0 1 15 9 1 13 130 6 4 3 3 7 4 13 135 20 3 6 2 0 0 15 77 5 0 0 21 0 0 32 173 10 0 0 11 12 11 97 173 15 4 5 2 4 6 64 173 46 0 1 0 0 0 58 173 5 4 14 128 3 1 11 58 7 1 5 79 79 30 50 51 5 48 45 15 29 12 22 53 48 15 20 13 0 0 13 91 16 3 6 9 2 1 8 16 9 1 4 12 7 15 38 13 9 20 8 9 1 4 14 10 40 7 6 33 0 0 0 2 14;
<CIRCLE 116 100 3.56762 0 2.14492e-06>; 6 7 6 0 0 0 114 22 28 62 9 0 0 0 126 115 25 110 58 0 0 0 92 144 14 54 71 1 0 0 41 68 20 40 39 8 0 0 3 6 56 96 146 8 0 0 17 66 10 67 146 4 0 0 36 64 0 7 146 23 0 0 16 20 0 13 38 20 6 19 11 0 1 24 111 22 1 4 23 3 12 62 131 4 0 0 8 8 2 15 112 25 2 0 0 0 0 7 10 5 2 26 18 0 2 6 7 4 1 11 41 3 3 4 5 2 11 21 17 4 0 1 19 5 3 4 8 2;
<CIRCLE 313 127 8.48528 0 2.12177e-06>; 0 7 137 112 2 0 0 0 0 3 137 124 20 9 1 0 0 0 137 54 8 28 8 0 27 75 137 6 1 7 2 0 0 32 137 42 1 6 47 4 10 75 119 20 14 20 23 7 21 36 29 11 11 113 52 10 83 18 35 4 7 118 44 38 1 2 2 1 0 22 130 12 15 13 5 0 0 72 78 52 28 12 1 0 2 16 28 84 60 0 0 0 3 47 49 46 3 4 0 0 0 3 10 5 1 3 4 0 0 13 21 13 1 7 17 1 0 0 9 17 52 8 8 4 0 2 5 4;
<CIRCLE 143 97 3 0 1.5499e-06>; 8 57 61 0 0 0 77 66 8 39 62 3 0 0 50 54 5 19 48 1 0 0 18 32 2 6 45 2 0 0 14 20 0 3 169 17 0 0 49 32 0 11 169 47 0 0 25 18 1 48 169 12 0 0 5 6 0 10 169 30 0 0 1 2 2 13 169 26 3 1 0 0 12 39 169 19 0 1 1 0 22 68 109 2 0 0 0 0 0 8 86 15 2 0 0 0 3 5 29 9 4 3 2 0 9 25 30 7 1 4 5 0 10 62 58 0 0 0 0 0 0 15 71 8 0 0 0 0;
<CIRCLE 138 104 1.06066 0 1.31126e-06>; 0 10 46 4 1 1 9 4 1 9 75 6 0 0 6 3 0 4 57 32 56 1 1 3 75 14 4 18 45 2 0 5 3 34 134 29 6 0 0 1 6 24 134 50 15 7 0 1 27 87 134 38 13 3 0 0 119 49 25 11 7 0 0 2 34 27 70 23 34 25 59 25 78 28 31 16 65 44 16 25 54 129 28 14 45 30 12 2 134 117 13 0 0 0 1 2 3 3 13 0 3 16 130 14 12 2 10 4 16 57 89 12 6 19 5 8 20 74 112 8 108 65 4 4 4 7 18 15;
<CIRCLE 315 113 1.78381 0 1.24972e-06>; 0 33 44 0 0 89 116 0 0 11 19 0 0 119 119 0 0 2 3 0 0 119 119 0 0 2 2 2 0 61 72 0 0 86 119 0 0 2 4 1 0 119 119 0 0 28 33 0 1 119 85 0 0 82 111 0 0 35 36 0 0 119 119 0 1 6 12 0 0 2 6 7 6 36 28 0 0 1 6 10 12 119 56 0 0 0 0 3 0 94 107 0 0 6 6 0 0 13 35 0 0 0 0 0 2 18 33 0 0 0 1 3 2 22 30 0 0 0 0 1 0 24 26 0 0 0 0 0;
<CIRCLE 104 104 1.26134 0 9.83994e-07>; 0 1 34 15 2 11 25 0 22 19 33 3 4 12 5 9 42 73 58 14 0 0 0 9 4 18 130 119 11 0 0 0 0 17 130 130 32 9 8 0 16 130 130 6 1 3 12 9 35 130 77 100 17 0 0 7 7 4 34 130 34 1 2 3 0 2 14 25 48 62 104 4 21 35 46 1 0 11 130 68 50 45 15 43 79 14 24 68 26 1 1 39 59 17 23 17 0 0 8 5 5 43 32 3 1 10 70 20 6 33 38 7 8 45 67 9 19 15 22 10 5 9 10 2 7 17 47 12;
<CIRCLE 144 131 1.5 0 9.39123e-07>; 39 11 3 2 0 1 32 35 75 33 0 0 0 2 44 42 18 26 4 13 13 52 91 15 2 0 0 8 20 64 84 13 4 0 0 0 0 0 135 70 19 9 0 0 0 12 135 135 7 11 3 10 9 135 135 38 2 0 0 5 7 35 135 22 1 0 0 0 0 8 135 31 38 27 22 4 1 12 103 118 4 10 32 20 28 135 93 20 0 0 0 0 1 41 135 13 0 2 7 5 0 2 39 11 2 11 14 5 1 5 35 6 2 6 23 8 0 3 26 11 2 5 19 2 0 11 35 6;
<CIRCLE 58 86 3 0 9.29901e-07>; 2 0 4 3 56 0 0 0 8 5 24 1 3 3 0 1 1 4 12 1 125 123 0 0 0 15 10 2 124 105 4 0 0 0 92 125 49 0 0 0 0 27 125 72 0 0 0 0 0 89 125 34 66 33 0 0 0 2 33 42 117 105 22 0 0 1 49 125 109 4 1 0 0 11 85 47 4 15 14 1 1 49 117 31 1 1 3 1 1 25 52 21 6 2 1 0 0 5 42 39 125 0 0 0 0 3 75 23 0 1 1 0 2 9 34 42 2 0 1 0 11 50 10 2 0 0 0 0;
<CIRCLE 131 103 0.891905 0 9.11263e-07>; 3 7 12 3 1 0 3 7 0 4 30 20 2 0 0 0 0 13 31 3 3 3 10 4 1 5 28 3 1 0 13 4 5 57 42 34 9 2 2 1 0 8 86 133 39 0 0 0 0 55 133 39 6 0 0 1 0 13 133 30 1 0 0 1 14 100 95 16 2 0 4 13 0 17 38 105 133 1 1 3 0 19 133 89 106 13 2 3 59 63 133 13 7 6 0 12 14 10 9 1 6 1 29 55 0 4 3 21 133 33 21 8 0 3 3 12 77 61 133 11 57 9 1 2 3 13 97 53;
<CIRCLE 273 117 1.26134 0 8.99859e-07>; 2 23 24 9 7 2 0 0 2 27 29 130 130 1 0 0 42 130 130 63 79 3 3 18 7 101 130 38 10 9 6 24 0 2 21 43 16 1 0 0 0 1 6 93 130 16 4 1 5 8 26 21 105 19 68 101 8 24 51 0 0 0 95 130 0 5 90 34 2 0 0 0 1 3 29 67 112 22 4 4 31 23 10 8 26 17 22 86 20 70 35 0 0 0 12 49 0 12 62 7 0 1 4 0 2 5 32 64 13 2 8 1 12 30 19 10 3 0 9 4 2 47 26 1 0 0 2 0;
<CIRCLE 163 97 3.56762 0 8.68153e-07>; 8 18 23 0 0 0 1 17 3 10 34 0 0 0 12 23 0 10 37 0 0 0 47 16 0 2 31 0 0 1 54 1 2 34 177 9 0 0 0 9 1 33 177 24 0 0 1 5 0 55 177 43 2 0 6 3 3 57 177 38 2 1 10 3 9 69 121 3 0 0 0 0 1 23 154 20 0 0 0 0 4 48 117 31 10 11 7 1 14 40 79 24 8 14 35 45 2 44 50 0 0 1 7 0 0 22 110 8 0 2 2 0 0 67 84 1 0 0 1 0 4 79 41 0 0 0 2 5;
<CIRCLE 132 104 1.78381 0 8.56855e-07>; 0 6 172 27 0 0 0 0 0 2 172 33 0 0 0 0 0 6 172 16 0 0 0 0 1 14 172 72 2 0 0 0 9 99 107 3 0 0 0 1 2 24 103 73 10 0 0 0 0 12 172 27 3 0 0 1 17 38 110 29 3 0 0 0 36 47 25 1 0 0 21 49 11 14 35 41 52 26 13 8 4 12 58 18 15 32 58 18 37 53 24 5 3 25 18 5 3 6 56 3 0 3 6 8 1 6 98 6 3 6 5 0 0 21 75 4 0 9 20 1 5 13 31 30 2 14 9 1;
<CIRCLE 247 116 2.52269 0 7.6009e-07>; 26 37 116 98 28 28 10 16 19 49 116 18 18 8 12 57 84 102 82 11 9 8 29 78 32 59 116 5 3 5 68 68 4 8 28 30 0 1 38 67 86 20 18 3 0 0 16 116 45 19 62 24 0 0 5 116 2 12 102 18 0 0 0 1 6 42 61 2 0 0 14 19 59 92 50 2 0 0 8 40 11 27 116 22 11 4 3 7 0 4 116 33 5 3 7 0 6 12 9 0 0 0 39 57 8 13 21 4 0 0 37 82 1 1 12 14 18 11 81 61 0 0 21 8 7 13 116 22;
<CIRCLE 99 103 1.5 0 7.39563e-07>; 0 2 19 3 0 0 22 9 0 2 32 8 1 6 32 1 28 12 30 4 3 9 9 2 122 83 49 4 0 0 0 38 0 18 50 22 2 1 20 9 0 2 122 122 30 5 20 1 9 93 122 43 8 7 6 2 19 122 103 69 3 0 0 2 0 42 82 25 13 10 12 0 0 6 47 122 122 74 46 0 14 59 114 23 12 30 122 49 40 79 37 50 43 9 23 56 0 4 3 1 1 57 59 1 0 1 2 3 10 96 55 0 1 4 35 18 12 62 72 11 6 27 50 8 16 16 29 16;
<CIRCLE 363 125 1.78381 0 7.28572e-07>; 11 10 13 0 0 5 15 15 5 16 14 0 0 1 41 25 11 8 6 2 4 8 17 26 154 7 1 1 2 5 3 25 7 37 47 6 1 6 30 6 5 58 82 13 2 11 20 8 13 71 54 21 3 3 8 12 154 71 15 13 2 1 1 10 1 2 1 0 0 19 154 7 3 5 3 3 1 39 154 17 9 10 3 3 1 17 135 34 154 7 1 2 1 8 33 96 0 0 0 0 0 3 95 5 0 0 2 5 0 13 127 2 1 2 7 1 0 7 125 7 154 8 1 0 0 1 35 76;
<CIRCLE 58 85 2.52269 0 7.10849e-07>; 3 1 4 1 13 0 0 0 9 4 19 1 0 0 0 0 2 5 10 0 108 83 0 0 0 2 2 0 130 130 1 0 0 0 129 117 10 0 0 0 1 27 130 60 0 0 0 0 0 126 130 21 34 19 0 0 0 7 60 59 130 126 8 0 0 1 79 117 22 9 9 0 1 12 109 38 3 15 32 3 4 77 126 19 0 0 8 5 2 18 81 38 9 1 0 0 0 12 49 20 23 2 3 0 0 5 54 31 1 4 7 0 0 7 33 52 6 0 2 0 11 43 23 7 0 0 0 0;
<CIRCLE 246 116 1.78381 0 6.90558e-07>; 2 10 80 23 0 0 24 68 13 18 83 0 0 0 38 121 40 20 51 3 0 0 39 121 51 59 58 10 1 0 9 55 4 7 16 30 1 0 45 102 121 19 23 21 0 0 17 121 78 17 54 53 0 0 5 121 0 11 57 43 0 0 2 7 7 69 71 13 1 0 3 15 78 112 78 5 0 0 4 54 24 49 121 33 1 1 2 8 0 26 121 16 3 1 0 0 6 27 30 3 1 1 63 67 11 44 33 2 0 0 51 112 5 10 38 24 9 12 35 39 0 1 50 25 45 25 22 2;
<CIRCLE 219 138 1.26134 0 6.33783e-07>; 2 11 49 11 1 3 9 1 86 77 12 2 0 0 0 0 29 14 6 3 4 1 0 0 0 0 6 30 32 8 1 0 4 9 15 2 105 120 78 6 131 121 11 1 24 3 0 0 39 71 64 4 7 0 2 0 8 6 25 35 68 3 4 10 3 3 3 14 145 145 27 9 23 68 33 2 66 15 0 0 4 82 145 4 0 0 0 0 65 48 97 15 6 0 0 12 0 3 25 62 145 69 2 0 0 0 2 3 63 68 35 0 3 5 10 2 1 3 50 16 85 9 7 0 0 0 12 99;
<CIRCLE 67 135 1.26134 0 6.24816e-07>; 0 0 0 0 0 0 140 28 0 0 1 1 2 15 140 20 0 0 0 0 2 34 140 21 0 0 0 0 0 37 140 9 8 19 30 0 0 1 68 23 51 12 5 0 3 25 102 98 1 1 18 7 33 77 100 26 0 8 27 3 1 9 70 9 13 11 16 0 0 4 52 32 103 50 65 9 10 18 17 96 5 11 68 29 78 98 28 15 0 6 13 0 1 15 62 15 1 28 109 0 0 0 0 1 4 32 140 6 0 0 0 0 0 31 140 15 2 1 0 0 0 38 93 0 0 0 3 1;
<CIRCLE 124 105 1.78381 0 6.22641e-07>; 4 67 166 19 0 0 0 3 0 33 166 23 0 0 0 0 0 11 166 28 0 0 0 0 0 3 166 17 0 0 0 0 13 108 68 7 5 12 8 3 11 119 166 0 0 0 7 7 17 110 69 34 6 0 0 6 0 6 125 63 16 3 1 1 1 8 8 0 5 20 56 20 16 22 28 0 0 0 78 55 37 32 39 9 17 5 7 42 1 5 31 20 33 31 38 6 2 8 10 0 0 7 33 6 1 5 43 6 1 15 14 4 1 5 89 6 1 6 3 1 0 12 76 3 0 4 7 0;
<CIRCLE 124 104 1.78381 0 6.01861e-07>; 3 41 175 19 0 0 3 11 0 17 175 28 0 0 0 1 0 4 175 32 0 0 0 0 0 2 175 18 0 0 0 0 13 114 98 8 3 6 4 1 6 105 175 0 0 0 1 1 8 86 77 27 2 0 0 1 0 5 118 47 7 0 0 0 2 12 10 0 6 20 44 16 16 32 39 0 0 0 63 46 37 45 27 13 16 4 5 36 1 4 33 29 34 26 28 5 1 8 9 0 0 4 27 7 1 5 39 4 0 6 18 10 3 6 82 4 1 3 2 5 0 10 65 3 1 5 10 0;
<CIRCLE 271 132 3.56762 0 5.84604e-07>; 10 15 138 23 1 1 2 4 0 2 139 144 19 2 8 0 47 62 57 78 24 1 8 4 24 61 90 0 0 0 2 1 0 1 39 15 4 14 149 41 0 0 37 25 3 38 149 8 10 14 5 8 3 25 149 13 2 20 39 0 0 2 149 11 1 3 5 0 0 0 82 46 1 1 3 0 1 22 111 10 3 8 4 0 0 11 149 18 2 5 7 1 3 2 141 5 1 5 7 0 0 0 31 13 2 2 4 0 0 1 37 20 0 3 1 0 0 3 50 9 1 1 1 0 2 4 34 10;
<CIRCLE 268 85 16.9706 0 5.79179e-07>; 8 12 2 0 0 0 0 1 7 7 6 1 0 0 0 1 11 2 3 0 0 0 0 4 19 4 3 0 0 0 0 5 7 36 137 0 0 0 0 3 9 15 159 14 0 0 0 2 5 5 159 68 0 0 0 0 15 94 159 18 0 0 0 0 0 51 159 8 1 11 19 5 6 39 159 18 0 0 18 28 1 6 159 86 0 1 28 13 86 75 128 29 1 3 20 46 1 1 10 2 1 30 55 12 7 4 9 0 0 1 46 65 3 1 4 0 0 0 52 26 86 0 0 0 0 0 15 51;
<CIRCLE 132 105 1.78381 0 5.41079e-07>; 0 14 158 22 0 0 0 0 0 4 158 32 0 0 0 0 0 8 158 14 0 0 0 0 3 14 158 69 3 0 0 0 18 125 101 3 0 0 2 8 4 31 101 95 22 3 0 1 2 16 158 36 7 4 3 4 25 58 120 24 3 1 0 0 35 32 28 1 0 0 27 57 11 12 46 28 52 31 18 9 3 12 42 13 14 40 79 19 39 46 14 8 4 35 27 6 1 5 60 5 0 8 5 3 0 7 109 8 1 6 6 0 0 28 92 5 0 6 11 0 2 15 42 39 3 9 5 0;
<CIRCLE 98 103 1.5 0 5.37547e-07>; 0 2 23 4 0 0 20 12 0 3 30 7 0 4 36 2 11 7 36 7 4 12 15 0 114 62 25 1 0 0 0 25 0 23 60 8 0 1 20 13 0 3 85 124 28 4 24 2 4 57 124 88 15 8 9 1 24 124 124 31 1 0 0 3 0 43 96 10 1 14 17 0 0 15 49 124 124 56 22 0 4 36 112 48 35 54 124 27 47 95 53 27 25 5 49 75 1 3 2 0 0 52 66 1 0 2 3 4 9 99 56 0 0 1 21 15 13 77 77 7 5 25 60 11 13 20 36 18;
<CIRCLE 69 124 4.24264 0 5.36474e-07>; 0 1 49 44 141 32 52 9 5 18 40 21 0 0 111 23 38 73 8 0 0 0 43 48 8 16 18 9 4 9 5 11 0 1 1 2 141 50 64 15 0 2 26 22 5 16 120 21 4 14 96 23 3 11 85 32 5 27 85 12 1 8 42 17 1 4 5 5 141 50 76 28 3 11 10 5 3 32 141 39 0 8 20 5 2 27 141 17 3 8 11 2 0 1 141 34 2 19 28 27 141 13 14 9 10 61 44 0 0 0 25 20 6 49 34 0 0 0 38 10 1 29 28 0 0 0 36 6;
<CIRCLE 245 116 1.26134 0 5.31418e-07>; 2 1 3 8 0 0 49 115 10 1 16 57 5 1 39 117 40 1 2 23 3 2 16 117 9 0 5 29 3 5 17 117 1 1 39 109 4 1 34 51 117 23 38 89 1 1 10 117 117 19 43 48 0 0 0 117 2 3 33 103 1 0 0 12 2 33 44 20 3 1 47 35 58 54 51 3 0 1 32 97 29 63 117 42 0 0 0 6 0 31 83 35 0 0 0 0 10 67 69 4 0 0 11 16 2 58 103 0 0 0 18 31 5 38 87 4 0 0 27 35 1 6 58 11 3 18 22 5;
<CIRCLE 85 131 1.5 0 5.09239e-07>; 12 29 21 13 4 9 52 26 0 1 15 54 22 37 94 3 7 9 20 9 2 7 110 76 13 17 8 0 0 5 62 49 0 0 0 0 0 20 175 22 0 0 0 0 0 36 175 53 0 0 0 0 0 48 175 58 0 0 0 0 0 8 175 48 0 6 2 0 0 8 116 13 12 8 5 2 0 12 134 57 2 4 7 10 8 49 130 18 1 0 0 0 1 4 114 18 0 10 18 0 0 0 29 21 0 8 19 5 0 0 51 12 0 9 22 5 1 5 49 3 1 9 6 0 0 0 52 10;
<CIRCLE 76 108 3 0 4.71266e-07>; 4 40 105 95 3 0 2 0 24 127 71 10 0 0 0 0 3 74 24 0 0 0 0 0 1 15 32 3 0 0 1 1 8 18 45 50 4 1 73 15 49 127 22 3 0 3 75 20 48 124 29 0 0 2 16 37 2 20 49 19 4 14 16 2 0 9 28 4 0 3 127 43 10 20 55 13 0 18 127 49 28 18 52 25 0 4 75 103 0 21 53 13 2 28 41 4 0 9 55 23 12 22 31 6 2 40 127 51 14 34 67 8 2 40 127 69 3 8 75 11 6 66 104 26 1 2 58 19;
<CIRCLE 115 125 2.52269 0 4.54672e-07>; 0 1 11 4 2 54 67 3 1 5 8 2 1 20 95 10 2 5 13 3 4 42 62 10 2 4 53 8 7 23 9 4 0 9 81 66 11 22 32 2 13 103 104 23 2 9 70 20 14 74 9 7 55 56 47 12 14 8 2 12 62 41 30 8 0 2 4 12 8 39 160 17 8 20 8 3 1 12 160 57 13 23 3 2 13 23 160 46 4 1 0 1 15 46 160 11 0 1 9 2 0 1 95 15 2 7 16 0 0 4 118 28 0 4 14 1 0 5 136 14 0 0 13 2 0 4 113 4;
<CIRCLE 140 83 2.12132 0 4.49574e-07>; 0 8 18 0 0 0 0 0 0 2 9 0 0 0 0 0 0 1 3 0 0 0 0 3 1 0 1 0 0 0 0 3 3 110 148 0 0 0 9 14 1 74 144 0 0 0 9 16 3 46 69 0 0 0 8 15 2 13 25 0 0 0 8 9 3 30 37 1 0 0 148 99 2 30 61 6 0 0 148 100 2 21 69 11 0 0 94 66 2 10 56 0 0 0 41 33 0 0 148 17 0 0 33 14 0 0 148 44 0 0 19 7 0 35 148 39 0 0 4 1 0 25 148 3 0 0 0 0;
<CIRCLE 77 109 1.78381 0 4.41947e-07>; 78 97 11 1 1 3 4 2 35 133 64 0 0 0 0 0 12 73 40 0 0 0 1 4 3 18 49 0 0 0 2 6 9 28 18 2 4 37 91 10 55 125 62 0 0 5 87 38 133 76 20 0 0 3 24 56 5 5 31 1 0 29 54 9 0 0 0 2 2 37 133 16 15 2 0 1 1 12 133 66 58 1 0 1 1 3 107 128 5 0 4 6 4 18 30 14 0 7 111 55 3 10 26 0 8 67 115 14 2 4 21 11 3 26 83 49 2 2 18 9 0 13 94 86 3 1 1 0;
<CIRCLE 75 107 3 0 4.15144e-07>; 2 35 112 90 2 1 4 1 18 130 98 20 0 0 0 0 3 73 23 0 0 0 1 0 1 16 30 1 0 0 3 1 5 14 68 67 5 1 44 11 50 130 23 9 1 3 51 12 44 130 29 0 0 1 10 25 3 26 48 12 2 8 11 3 0 7 18 1 0 2 130 46 9 21 34 9 0 19 130 43 39 25 32 14 0 3 92 117 1 13 40 12 2 26 42 9 0 11 55 16 8 13 30 8 1 32 130 57 14 30 51 6 2 46 130 59 2 6 50 12 4 55 118 36 1 3 37 12;
<CIRCLE 67 136 1.06066 0 4.07407e-07>; 2 6 12 0 0 0 126 16 9 3 0 0 0 9 126 43 0 0 6 2 4 17 126 24 0 1 14 2 1 15 126 9 25 17 25 0 0 1 32 46 97 13 3 1 7 38 47 126 3 1 13 8 75 126 45 23 0 3 23 4 6 18 38 14 27 18 19 0 0 2 33 43 95 75 113 11 8 10 6 60 4 14 115 47 77 74 14 7 0 8 23 1 6 21 50 13 1 25 126 0 0 0 0 0 1 26 126 6 0 0 0 0 0 28 126 15 0 0 0 0 0 49 107 0 0 0 1 0;
<CIRCLE 123 126 4.24264 0 3.98034e-07>; 0 13 64 13 4 29 27 0 7 53 139 5 1 7 36 9 4 38 153 27 2 2 1 1 2 104 120 8 0 0 1 0 4 10 12 18 5 29 82 10 11 6 4 2 10 44 111 27 0 1 16 8 13 43 134 16 0 18 24 2 0 7 151 42 1 3 5 1 0 9 153 25 3 3 6 0 0 14 153 45 0 1 6 0 0 21 153 25 0 0 7 0 0 9 153 61 1 20 27 0 0 0 23 5 1 22 32 0 0 0 27 5 0 11 33 0 0 0 27 3 0 3 28 0 0 0 15 6;
<CIRCLE 304 97 3.56762 0 3.80266e-07>; 0 1 119 15 5 13 1 0 0 0 119 27 1 0 0 0 0 2 119 27 0 0 0 0 0 1 119 31 0 0 0 0 3 12 36 29 61 52 8 0 0 1 98 41 26 47 23 0 0 13 119 10 1 15 6 0 0 6 119 5 0 0 0 0 11 66 79 3 10 21 16 0 0 38 92 5 8 119 89 0 0 16 68 5 2 119 119 0 0 4 65 2 0 86 101 0 4 29 68 0 0 0 0 0 0 50 112 0 0 2 1 0 0 83 90 0 0 21 24 0 0 65 39 0 0 54 67 0;
<CIRCLE 124 126 3.56762 0 3.55239e-07>; 0 4 20 11 2 23 69 3 13 29 26 3 4 17 51 19 8 22 80 30 8 6 2 2 10 64 63 12 2 1 5 0 10 23 38 29 5 22 97 15 17 24 5 1 35 67 96 24 0 0 15 5 26 43 136 17 0 5 17 3 0 9 152 70 4 4 4 2 1 12 174 40 5 4 3 0 3 24 174 44 0 0 3 0 2 26 174 21 0 0 3 0 0 9 174 100 2 20 32 0 0 0 31 8 1 17 50 2 0 0 47 5 0 10 50 2 0 1 50 4 0 3 48 2 0 1 28 9;
<CIRCLE 315 114 2.12132 0 3.48725e-07>; 0 33 51 0 0 93 107 0 0 12 23 0 0 118 118 0 0 3 5 0 0 118 118 0 0 2 5 5 1 64 65 0 1 84 118 0 0 2 5 2 1 118 118 0 0 28 34 0 1 118 82 0 0 83 115 1 0 34 38 0 0 118 118 0 1 11 20 0 0 0 5 6 6 38 30 0 0 0 5 8 8 111 62 0 0 0 0 2 0 90 105 0 0 6 6 0 1 23 53 0 0 1 0 1 4 30 42 0 0 0 3 7 1 29 34 0 0 0 4 2 1 36 18 0 0 0 1 1;
<CIRCLE 145 130 1.78381 0 3.39894e-07>; 25 3 1 3 1 8 32 30 41 5 0 0 0 18 123 44 4 3 2 2 7 105 123 5 0 2 7 0 1 37 123 10 16 1 0 1 0 1 123 72 41 8 0 0 0 16 123 120 6 4 0 7 20 97 121 18 0 0 0 0 4 17 123 45 1 0 0 0 0 2 123 42 19 11 7 2 4 29 123 115 1 2 4 4 11 123 123 10 0 0 0 0 0 12 123 36 0 1 12 3 0 1 34 8 3 7 21 4 0 2 20 6 2 6 26 5 1 6 22 6 1 6 23 2 0 8 34 5;
<CIRCLE 359 113 1.06066 0 3.35669e-07>; 2 4 14 2 4 35 44 6 4 13 14 2 1 11 13 3 0 10 22 5 0 1 28 12 21 49 7 0 0 0 32 17 0 1 3 2 5 132 132 1 1 0 0 0 0 132 132 27 0 0 0 0 0 9 132 132 4 0 0 0 0 0 132 125 24 9 18 16 5 40 30 32 15 3 1 0 0 125 132 37 7 4 0 0 0 25 132 132 22 28 4 0 0 1 85 97 22 6 8 3 4 1 18 66 24 36 14 2 3 8 21 15 14 25 5 0 0 42 50 9 16 22 4 0 0 16 25 47;
<CIRCLE 114 125 3 0 3.26762e-07>; 1 4 6 4 4 77 57 2 1 2 4 5 3 23 99 9 6 8 8 2 3 26 62 23 9 12 57 12 8 12 4 5 3 36 62 41 6 29 45 6 11 57 91 41 4 21 93 17 18 57 9 3 48 63 66 19 7 1 7 5 46 44 50 9 2 5 4 8 3 24 177 21 6 12 9 7 2 20 177 56 11 15 1 0 11 25 177 52 1 0 0 0 9 37 177 9 0 4 26 4 0 1 84 6 3 16 33 1 0 0 91 22 0 12 39 2 0 1 110 10 0 4 34 3 0 2 91 2;
<CIRCLE 66 43 1.06066 0 3.20319e-07>; 0 8 146 19 1 0 0 2 7 69 146 1 0 0 13 24 8 111 146 0 0 3 38 23 4 146 146 0 0 2 15 7 10 0 0 3 1 2 14 21 86 22 5 3 0 1 37 124 14 12 25 67 18 21 107 63 6 35 63 22 3 7 40 16 28 6 2 1 16 18 38 52 49 46 51 27 23 26 28 25 15 24 84 121 9 8 23 19 2 17 64 26 6 24 29 7 19 27 45 11 77 47 2 7 9 15 46 63 27 7 4 1 49 61 27 13 4 6 17 23 16 13 19 28 29 32 16 21;
<CIRCLE 66 96 2.52269 0 2.86614e-07>; 1 43 137 61 1 5 14 2 3 137 137 42 16 5 3 3 1 13 137 129 105 69 11 0 1 4 2 6 12 22 80 5 1 7 49 39 5 19 42 3 4 37 101 78 5 1 10 5 11 91 98 19 0 0 0 0 3 34 18 2 0 0 0 0 0 15 121 45 1 0 0 0 5 18 61 99 23 1 1 0 57 130 27 10 3 1 2 1 16 81 19 0 0 0 0 0 0 2 21 5 0 3 71 6 2 2 10 4 1 2 96 21 8 29 9 0 0 13 101 11 35 45 12 0 0 1 34 32;
<CIRCLE 69 123 4.24264 0 2.74078e-07>; 0 1 58 53 140 27 44 8 5 21 49 26 0 0 97 20 37 85 9 0 0 0 37 42 8 19 19 10 3 8 4 10 0 1 1 2 140 54 70 16 0 2 24 20 5 12 128 24 7 14 90 21 2 8 75 38 5 26 83 12 1 9 29 16 1 3 3 4 140 49 75 27 2 7 9 7 4 35 140 36 0 7 25 7 2 28 140 16 3 9 15 3 0 2 140 35 2 19 29 27 140 14 15 10 9 60 45 0 0 0 30 20 5 47 34 0 0 1 52 10 1 27 27 0 0 0 49 7;
<CIRCLE 145 109 1.26134 0 2.55179e-07>; 37 90 120 22 16 8 0 0 129 87 18 4 2 0 0 1 59 25 29 3 0 0 0 1 0 8 26 7 1 0 0 0 33 76 8 7 42 64 79 10 129 129 18 0 2 5 15 14 56 54 100 15 0 0 0 0 0 29 77 4 0 0 0 0 3 5 46 78 12 47 59 4 75 129 57 46 11 9 10 7 10 76 129 7 0 0 0 0 8 92 129 2 0 0 0 0 4 11 44 94 7 1 1 0 64 58 29 38 2 0 0 1 6 29 92 6 0 0 0 0 14 57 68 0 0 0 0 0;
<CIRCLE 253 126 5.04538 0 2.53649e-07>; 8 17 123 123 23 0 0 5 52 74 123 15 0 0 0 7 37 93 123 58 0 0 0 0 1 56 117 123 1 0 0 0 19 19 52 43 1 7 6 17 71 53 38 7 0 1 18 34 7 16 123 71 2 8 66 4 9 38 50 67 4 7 65 3 27 9 2 0 1 8 52 115 7 4 2 0 0 1 112 123 0 1 5 3 0 12 123 30 1 1 0 1 0 12 123 9 24 4 4 0 0 3 40 93 1 4 5 0 0 1 33 21 1 5 5 0 0 0 22 15 0 2 3 0 0 0 25 7;
<CIRCLE 165 103 1.06066 0 2.46516e-07>; 3 5 9 27 115 10 4 2 115 83 16 20 60 5 0 21 67 60 55 1 0 0 2 10 3 16 59 12 14 2 3 7 5 2 4 19 115 25 5 6 115 23 0 8 71 12 4 115 66 16 9 3 4 2 64 103 2 3 4 10 10 9 34 22 6 11 21 80 112 0 0 0 115 115 7 29 59 0 0 13 59 109 97 12 4 1 12 18 0 18 66 25 6 1 4 0 3 10 11 75 74 0 0 0 115 91 2 34 39 0 0 0 54 76 49 9 0 0 0 0 0 28 80 25 0 0 0 0;
<CIRCLE 215 121 1.26134 0 2.2716e-07>; 9 19 50 135 60 2 0 0 25 103 122 33 18 10 4 1 14 22 135 106 5 1 3 7 25 35 18 17 0 0 4 12 11 88 62 53 0 1 0 0 22 70 118 28 7 8 4 0 95 14 21 17 8 1 26 112 15 1 0 0 0 19 93 64 0 11 16 3 9 13 32 6 62 26 51 2 0 0 38 50 135 7 5 0 0 0 8 111 28 0 0 0 3 23 46 41 0 0 0 0 1 15 111 10 26 0 0 0 0 1 103 58 135 1 0 0 0 0 9 79 35 0 0 0 7 5 15 14;
<CIRCLE 69 48 0.891905 0 2.20866e-07>; 38 55 55 19 8 10 7 13 1 13 73 131 8 5 15 9 0 18 81 38 1 16 29 3 40 50 61 0 0 2 0 13 12 13 37 68 38 8 1 0 72 50 26 12 3 8 36 52 5 12 11 30 47 84 57 21 123 3 1 3 18 15 0 124 8 13 15 25 4 7 34 12 32 111 61 5 3 17 15 4 37 44 85 57 20 8 1 23 131 1 0 7 6 2 0 131 26 8 5 4 8 23 53 60 4 7 11 11 62 80 25 1 131 13 11 0 6 7 0 69 131 0 0 0 0 0 0 131;
<CIRCLE 66 53 1.06066 0 2.20372e-07>; 4 10 25 5 65 38 0 1 4 8 23 27 8 2 6 3 22 41 18 5 1 4 7 7 15 10 17 18 12 10 3 14 3 0 2 0 158 153 1 6 20 6 5 2 6 14 30 41 5 12 12 6 29 41 22 5 80 8 10 2 2 2 0 49 2 1 0 1 158 158 0 1 18 29 38 11 37 31 3 5 16 5 31 37 25 8 2 7 144 0 0 1 2 0 0 75 0 0 0 0 158 158 0 0 0 1 6 3 87 133 12 0 31 1 6 4 4 18 5 20 138 4 0 0 0 0 0 59;
<CIRCLE 162 113 1.26134 0 2.18298e-07>; 0 13 58 9 0 0 0 0 5 16 20 74 64 0 0 0 114 82 7 26 29 0 0 0 14 35 51 13 0 0 0 0 0 39 121 17 0 0 0 0 10 41 80 121 25 0 0 0 106 121 54 46 8 0 0 0 5 38 121 12 0 0 0 0 0 33 121 19 0 0 0 0 9 35 84 121 3 0 0 0 48 121 84 26 0 0 0 0 0 48 121 0 0 0 0 0 0 21 93 17 1 2 20 0 12 23 42 105 7 8 13 2 37 104 44 9 0 1 2 3 0 42 112 2 0 0 0 0;
<CIRCLE 91 123 5.04538 0 2.12027e-07>; 17 81 59 16 0 0 41 19 19 70 28 8 2 4 9 19 9 42 99 32 8 20 10 5 20 98 159 7 0 3 16 23 7 10 45 19 4 13 117 33 14 30 110 19 2 10 63 40 4 32 43 17 9 59 61 11 7 10 17 8 5 29 76 14 1 14 25 8 4 34 159 19 3 17 36 6 0 6 159 39 5 16 15 4 1 9 159 42 5 5 6 3 1 14 159 40 9 45 29 0 0 0 47 19 3 45 36 0 0 0 68 12 1 32 39 0 0 0 67 9 1 21 24 0 0 0 46 7;
<CIRCLE 92 122 5.04538 0 2.08956e-07>; 17 90 61 16 0 0 31 17 15 63 31 9 2 4 9 15 13 52 110 29 6 16 11 8 22 107 159 6 0 2 15 32 10 13 45 18 3 10 109 37 14 32 102 18 2 12 44 39 4 26 41 19 9 63 53 8 7 13 26 8 5 27 68 13 1 11 28 9 4 35 159 16 4 18 40 7 0 5 159 41 5 16 14 6 2 11 159 41 5 4 4 3 2 17 159 41 8 45 30 0 0 0 48 16 3 44 37 0 0 0 72 12 1 30 38 0 0 0 73 9 1 20 24 0 0 0 51 8;
<CIRCLE 240 123 2.12132 0 2.07982e-07>; 4 9 33 30 2 5 44 24 7 15 20 8 0 0 43 88 113 23 10 4 0 0 11 99 47 16 58 20 0 0 2 80 4 53 86 2 4 4 7 8 11 80 111 3 0 0 15 23 70 113 57 1 0 0 8 48 14 39 113 14 7 3 4 10 5 11 7 0 9 20 54 59 12 21 18 0 0 0 98 113 17 23 32 4 0 0 49 113 3 3 17 21 21 9 50 59 8 18 7 6 6 4 59 58 10 27 13 0 0 0 110 113 2 6 22 1 0 0 113 113 0 0 4 2 0 0 113 113;
<CIRCLE 149 124 1.78381 0 1.88302e-07>; 2 19 21 21 1 7 38 3 1 37 64 2 0 12 25 0 0 51 103 0 0 2 8 0 0 11 107 23 0 1 2 0 31 3 0 0 0 11 114 42 7 4 5 2 3 103 117 10 0 6 17 0 2 71 117 7 0 1 21 5 2 57 117 4 43 6 0 0 0 2 101 77 15 8 1 6 16 68 99 28 0 0 0 2 11 40 117 35 0 0 0 0 1 66 117 27 8 3 1 0 0 6 116 83 2 2 3 3 8 113 117 20 0 0 0 0 0 27 117 28 0 0 0 0 0 1 117 37;
<CIRCLE 78 110 1.5 0 1.87821e-07>; 35 101 65 1 1 1 0 0 28 132 108 0 0 0 0 0 33 69 58 1 0 3 8 6 0 17 73 1 0 8 11 2 3 21 24 3 6 42 132 16 114 76 16 0 0 1 132 67 132 32 2 0 0 7 41 69 5 0 6 0 0 40 78 7 1 0 0 1 5 38 132 11 18 0 0 0 1 6 132 74 43 0 0 0 1 7 93 98 3 0 3 5 7 14 12 7 2 12 97 38 12 14 6 1 20 64 69 3 2 1 9 18 1 9 56 46 3 7 11 4 0 9 71 91 4 2 0 0;
<CIRCLE 105 125 3.56762 0 1.87783e-07>; 1 10 28 13 5 29 25 7 0 9 28 21 12 85 52 0 0 8 40 17 2 21 86 6 14 34 37 4 3 10 29 16 8 74 118 21 0 7 71 23 6 54 59 33 7 44 76 14 15 34 43 29 5 26 107 20 10 13 3 1 34 62 59 13 4 9 5 2 0 2 181 46 4 8 5 5 2 18 181 35 8 8 6 5 2 15 181 60 5 3 1 0 6 30 181 29 0 31 40 0 0 0 50 5 0 19 47 2 0 0 71 5 3 25 38 0 0 0 62 13 0 10 39 2 0 0 58 4;
<CIRCLE 60 99 1.5 0 1.86838e-07>; 0 7 22 52 7 30 79 0 0 17 29 46 19 15 70 15 0 2 89 104 11 1 11 12 1 70 119 41 0 0 5 5 0 36 119 119 3 0 0 0 5 119 104 79 35 0 0 0 0 4 46 119 117 0 0 0 42 106 77 79 10 0 0 0 0 31 95 81 2 0 0 0 5 100 119 52 6 0 0 1 1 12 71 116 83 15 3 0 52 40 2 12 20 22 15 4 2 4 37 22 3 7 12 2 14 4 30 14 0 1 10 14 9 16 15 7 1 5 19 9 13 8 1 0 3 30 27 10;
<CIRCLE 352 120 1.26134 0 1.86487e-07>; 1 0 11 23 18 22 65 22 3 7 77 51 7 4 32 23 14 7 20 19 6 30 29 23 8 2 1 0 0 54 86 22 0 0 6 28 131 131 10 0 33 16 44 29 31 26 16 58 34 22 34 5 4 1 16 78 16 30 17 4 4 5 14 10 0 1 17 131 131 93 3 0 7 9 44 98 54 31 18 12 11 104 131 21 4 3 11 8 5 65 55 37 8 1 0 2 0 0 12 83 60 62 59 0 0 0 6 29 20 89 131 1 8 19 10 3 3 27 131 15 6 19 6 12 10 28 106 13;
<CIRCLE 104 125 4.24264 0 1.7692e-07>; 14 23 21 7 3 8 7 21 0 13 55 31 15 50 17 0 2 41 156 14 1 18 44 4 8 64 167 8 1 3 12 5 5 29 107 17 0 6 73 22 7 46 40 14 5 44 78 19 10 9 10 16 5 32 112 22 5 3 6 3 16 55 77 11 2 8 11 2 0 2 167 36 4 9 7 2 0 8 167 43 4 4 5 2 1 10 167 54 1 1 3 0 1 29 167 20 1 37 34 0 0 0 32 7 1 32 45 0 0 0 45 6 2 29 33 0 0 0 40 9 0 12 31 0 0 0 34 3;
<CIRCLE 226 120 1.26134 0 1.74319e-07>; 28 65 55 72 0 0 0 5 34 56 20 21 5 2 10 20 26 8 17 13 8 11 37 89 5 1 7 14 5 15 110 41 34 9 1 0 0 17 99 80 48 67 81 22 24 50 28 26 18 122 123 9 5 3 13 53 8 51 110 64 8 0 6 10 32 0 0 0 2 43 100 65 0 2 20 11 123 123 26 2 29 75 60 5 51 57 12 12 10 84 64 2 0 0 6 6 45 0 0 0 7 10 26 25 0 0 0 3 123 100 8 4 2 1 0 0 57 65 61 23 2 5 1 0 0 0 71 65;
<CIRCLE 66 137 1.78381 0 1.71498e-07>; 1 0 0 0 0 1 142 41 4 0 0 0 1 15 142 39 0 0 0 0 3 78 142 8 0 0 0 0 0 24 142 19 8 3 2 0 0 0 67 50 54 9 6 0 0 5 81 97 11 4 12 7 23 75 113 30 2 0 1 0 2 12 90 22 2 56 120 0 0 0 12 9 26 63 142 1 0 0 5 18 6 37 142 18 13 14 5 3 0 37 98 1 1 3 16 9 1 35 83 0 0 0 49 9 9 38 100 0 0 0 30 37 6 24 70 0 0 0 28 31 1 25 47 0 0 0 18 26;
<CIRCLE 180 131 1.78381 0 1.59111e-07>; 4 18 12 0 0 7 74 16 1 36 34 0 0 22 32 1 0 48 76 1 0 5 2 0 0 22 111 4 3 5 0 0 0 0 0 0 0 26 142 14 0 2 2 0 0 142 142 0 0 14 25 0 0 142 142 0 0 18 46 1 3 78 55 0 0 0 0 0 0 18 83 1 0 0 0 0 0 69 116 1 0 0 0 0 2 142 142 3 0 0 2 0 24 142 119 0 0 2 29 7 0 2 8 0 1 15 29 0 0 5 21 1 0 6 24 0 1 12 36 2 0 3 12 0 5 67 66 0;
<CIRCLE 60 100 1.5 0 1.53605e-07>; 0 12 42 89 8 19 44 0 1 34 50 65 25 10 40 5 0 1 93 122 22 0 5 4 4 89 122 57 0 0 1 2 1 41 122 122 2 0 0 0 7 122 120 72 31 0 0 0 0 7 43 122 122 1 0 0 57 96 48 68 17 1 0 0 0 26 96 68 2 0 0 0 6 66 122 48 2 0 0 3 3 16 71 79 54 18 5 1 44 30 1 5 15 32 24 6 2 1 23 14 3 13 36 4 15 3 13 10 0 3 37 18 10 14 9 6 0 2 51 18 12 7 1 0 4 30 46 17;
<CIRCLE 225 120 1.26134 0 1.53171e-07>; 23 42 91 114 0 0 0 2 37 74 19 15 3 1 3 11 20 11 20 19 7 7 24 66 9 1 3 8 5 15 81 46 35 7 3 0 0 4 84 99 49 43 30 13 16 53 48 27 18 100 114 12 12 9 13 46 7 65 114 40 5 0 6 16 82 0 0 0 0 9 77 97 0 0 7 6 94 114 52 6 16 40 51 9 94 103 9 7 16 84 50 0 0 0 6 8 97 0 0 0 0 2 19 37 0 0 0 2 114 66 13 6 1 0 0 1 109 88 36 8 2 4 0 0 0 2 59 51;
<CIRCLE 55 97 1.5 0 1.52243e-07>; 0 0 8 21 10 42 77 2 0 0 6 14 6 56 125 0 2 5 6 11 5 19 125 36 3 14 35 21 3 1 24 31 0 12 114 34 1 3 18 4 0 14 94 125 8 10 17 0 2 82 92 76 21 6 13 0 0 2 48 125 46 0 1 0 0 45 125 26 0 0 0 0 0 33 125 125 2 0 0 0 6 125 117 51 9 0 0 0 0 14 50 125 89 2 0 0 2 37 42 8 0 0 0 0 0 20 75 36 2 1 0 0 7 17 79 29 0 0 0 5 3 11 38 20 8 5 2 1;
<CIRCLE 215 120 1.06066 0 1.40779e-07>; 12 24 25 132 56 4 0 1 17 96 132 28 8 11 4 1 10 18 132 102 5 1 1 2 27 30 31 21 0 0 1 7 20 121 54 20 0 1 1 0 12 46 96 36 13 14 7 0 53 13 20 23 14 2 18 86 21 1 0 0 0 2 81 90 1 43 51 3 2 2 6 1 58 51 114 10 0 0 7 18 132 17 14 3 0 0 4 109 44 0 0 0 0 4 68 81 0 0 1 0 2 4 82 18 42 2 1 0 0 0 68 78 132 0 0 0 0 0 4 97 62 0 0 0 0 2 18 33;
<CIRCLE 314 116 3 0 1.38358e-07>; 0 31 70 1 1 103 83 0 0 16 47 2 1 114 114 0 0 5 38 0 0 105 114 0 0 1 38 7 2 49 43 0 0 60 114 0 0 4 6 2 2 114 114 0 0 32 37 1 2 114 81 0 0 92 114 0 0 35 42 0 0 114 114 0 0 18 64 0 0 3 6 2 6 52 58 0 0 0 1 6 4 98 68 0 0 0 3 2 0 92 82 0 0 7 8 0 2 4 17 3 7 49 51 7 21 19 15 1 2 10 34 67 4 12 7 0 0 0 80 19 2 16 5 0 0 0 46 9;
<CIRCLE 67 95 2.12132 0 1.36064e-07>; 3 117 136 17 0 2 13 6 3 136 136 68 13 2 0 1 2 5 136 136 82 38 5 0 2 4 2 7 12 16 52 6 3 11 31 36 4 10 40 8 3 41 131 69 2 0 2 3 8 95 91 10 0 0 0 0 2 32 23 2 0 0 0 0 0 21 107 66 6 0 0 0 9 30 59 130 27 1 0 0 70 136 31 4 0 0 0 0 16 71 13 0 0 0 0 0 0 7 49 11 0 0 14 2 6 5 12 15 9 5 26 10 25 71 17 0 0 7 26 4 26 91 26 0 0 0 6 9;
<CIRCLE 116 126 2.52269 0 1.35728e-07>; 0 1 20 8 2 44 70 2 2 12 14 2 0 21 98 10 2 5 14 4 10 59 54 6 2 4 48 9 9 23 11 2 0 7 86 70 13 25 57 4 19 128 84 14 1 7 96 31 13 62 8 11 77 58 53 14 20 10 1 10 51 36 55 12 0 0 1 6 5 33 169 23 8 12 1 1 0 11 169 57 8 10 1 1 10 29 169 38 2 0 0 0 6 36 169 11 1 3 16 3 0 1 67 16 2 11 27 0 0 4 86 22 1 6 24 3 0 3 102 13 0 2 22 3 0 4 83 3;
<CIRCLE 67 122 1.5 0 1.31847e-07>; 0 22 68 6 0 0 42 11 1 50 45 3 0 3 59 4 0 3 54 32 8 21 43 2 9 16 35 8 8 8 19 7 1 20 46 15 5 12 18 3 0 63 135 26 13 33 10 0 0 7 138 133 12 7 0 0 1 89 138 20 1 0 0 0 8 17 4 2 1 8 25 10 5 10 9 10 39 133 22 3 0 1 39 41 51 138 47 0 9 33 45 6 1 25 86 25 2 2 0 0 0 0 128 33 2 2 0 0 6 24 138 14 0 0 0 0 5 85 138 6 0 0 0 0 0 28 138 19;
<CIRCLE 149 123 1.26134 0 1.28962e-07>; 18 21 19 8 1 21 47 5 0 14 80 11 2 17 23 0 1 54 87 1 0 1 9 1 0 20 95 5 1 0 1 0 14 2 0 0 0 57 128 26 1 1 4 1 5 128 128 3 0 13 8 0 4 121 128 11 0 4 15 3 3 15 128 21 46 66 0 0 0 3 28 27 10 28 15 36 38 60 73 7 11 2 2 16 39 74 93 37 2 2 6 5 0 16 128 40 10 11 0 0 0 27 128 80 2 7 7 15 10 105 90 6 6 2 2 5 5 13 121 16 1 1 4 2 0 0 84 56;
<CIRCLE 162 126 1.78381 0 1.28607e-07>; 0 14 70 2 0 5 35 0 1 17 64 41 2 15 18 0 3 80 62 5 0 2 1 0 1 55 78 0 0 0 0 1 0 0 2 0 0 34 150 17 0 1 1 1 10 150 107 1 2 7 15 2 6 52 105 33 4 15 16 0 0 2 112 47 0 0 0 0 0 8 133 52 0 0 0 0 1 85 150 24 0 0 0 0 0 35 150 54 0 0 0 0 0 7 150 42 0 0 0 0 0 3 96 25 0 0 0 0 0 0 112 28 2 0 0 0 0 1 87 37 0 0 0 0 0 8 69 5;
<CIRCLE 236 115 1.26134 0 1.24814e-07>; 0 0 93 115 11 8 8 0 1 1 35 43 4 0 21 18 10 8 3 4 1 0 51 98 2 1 5 14 1 0 52 115 5 1 3 7 10 30 103 26 9 9 19 3 0 5 115 115 2 5 46 68 2 0 112 115 26 8 54 115 4 1 27 93 7 19 53 33 6 0 21 30 21 31 75 40 5 0 14 28 6 34 90 59 3 0 35 35 34 19 24 45 5 4 71 106 6 63 64 7 0 0 0 1 12 34 76 30 3 0 0 4 9 74 115 27 2 1 9 15 7 83 106 0 0 0 12 18;
<CIRCLE 239 122 1.78381 0 1.24739e-07>; 3 7 15 10 3 8 63 30 7 18 22 20 1 0 50 97 74 13 22 39 1 0 20 87 110 25 38 19 0 0 1 103 3 62 99 9 1 1 3 5 4 82 111 16 1 0 5 7 42 111 84 5 0 0 9 56 33 74 111 12 0 1 6 23 3 19 14 1 2 9 53 54 6 17 34 9 2 3 111 111 15 46 34 2 0 0 106 111 7 15 38 25 2 4 48 83 6 16 19 2 1 3 29 52 11 26 50 0 0 0 43 70 4 10 84 14 0 0 65 74 0 1 45 26 0 0 72 111;
<CIRCLE 98 126 2.12132 0 1.24188e-07>; 0 52 96 13 0 1 2 0 0 61 60 0 0 12 18 1 0 10 34 12 3 52 38 0 0 2 34 13 2 21 56 1 13 55 71 13 0 2 76 40 19 132 48 0 0 0 64 25 5 41 54 56 12 16 35 9 0 12 89 61 10 19 53 5 0 0 0 0 0 9 164 44 4 4 0 0 0 1 164 37 2 3 0 3 4 30 164 21 0 0 0 3 3 28 164 27 0 3 4 0 0 8 88 8 0 1 3 0 0 2 134 6 0 0 2 1 0 2 128 9 1 2 2 0 0 0 83 25;
<CIRCLE 162 114 1.26134 0 1.20347e-07>; 0 20 81 9 0 0 0 0 6 21 28 96 55 0 0 0 115 84 11 33 23 0 0 0 13 31 60 17 0 0 0 0 0 38 124 19 0 0 0 0 10 42 91 124 14 0 0 0 87 124 72 41 4 0 0 0 2 42 124 6 0 0 0 0 0 36 124 22 0 0 0 0 10 37 82 124 2 0 0 0 47 124 78 23 0 0 0 0 0 53 124 0 0 0 0 0 0 14 64 13 2 8 59 1 13 17 29 68 10 24 36 4 34 77 39 9 2 3 5 6 0 35 110 4 1 0 2 1;
<CIRCLE 55 96 1.26134 0 1.08335e-07>; 0 0 0 3 10 43 107 3 0 0 3 10 7 49 129 0 1 3 2 5 6 22 129 38 1 4 15 13 5 2 39 39 0 1 42 37 3 6 19 8 0 15 50 129 19 8 17 0 4 101 65 63 22 8 19 1 0 3 35 115 47 3 2 0 0 23 129 60 0 0 0 0 0 22 112 129 10 0 0 0 27 129 80 37 10 0 0 0 4 26 30 98 105 2 0 0 3 64 82 6 0 0 0 0 0 20 71 53 12 0 0 0 7 61 95 35 4 0 0 1 2 18 94 53 19 1 0 1;
<CIRCLE 336 92 0.891905 0 1.06532e-07>; 1 1 7 2 5 10 8 14 0 0 1 22 62 39 1 0 2 6 8 14 29 14 6 7 5 11 4 0 0 0 9 28 0 5 124 21 1 0 0 1 0 0 43 152 28 1 0 0 13 50 29 51 10 0 0 2 14 62 7 0 0 0 1 6 0 11 152 10 0 0 0 0 0 4 152 69 3 0 0 0 6 59 152 19 1 0 0 0 4 67 152 0 0 0 0 0 0 7 152 10 0 0 0 0 0 9 152 8 0 0 0 0 0 13 152 14 0 0 0 0 0 20 152 3 0 0 0 0;
<CIRCLE 235 115 1.26134 0 1.00442e-07>; 0 0 118 118 17 10 5 0 0 0 52 71 3 2 18 8 8 7 8 10 3 0 44 73 4 3 3 6 0 0 52 118 9 2 7 8 15 30 73 34 6 5 11 5 1 14 118 91 5 10 45 33 0 0 118 118 7 3 48 118 5 1 45 105 11 28 66 17 3 0 18 47 15 22 61 62 8 0 23 22 13 42 106 37 1 0 18 37 12 18 32 63 6 4 76 73 10 71 71 4 1 2 0 1 8 47 70 22 2 0 0 3 10 47 118 41 4 2 6 12 9 97 107 0 0 0 12 18;
<CIRCLE 65 135 5.04538 0 9.89797e-08>; 0 0 2 7 179 48 13 2 0 1 10 6 13 10 73 15 8 11 25 8 1 2 48 24 4 11 29 5 1 6 7 10 0 0 0 4 179 47 13 4 1 4 5 4 17 18 89 24 0 5 22 7 2 22 170 9 2 8 19 3 0 1 156 19 0 2 7 30 179 26 7 2 5 35 30 6 13 5 34 19 6 37 26 0 0 1 50 11 1 21 19 0 0 0 47 6 0 0 0 4 179 63 25 3 2 5 4 0 7 9 109 23 3 7 3 0 0 0 104 26 1 6 4 0 0 0 93 10;
<CIRCLE 326 127 5.04538 0 9.8642e-08>; 0 43 92 4 5 95 54 0 0 34 79 5 2 111 111 0 0 6 101 7 2 111 111 0 0 6 97 0 1 34 58 1 4 77 103 0 0 11 18 11 8 111 96 0 0 31 55 22 2 81 83 12 19 111 111 5 1 3 10 14 76 103 78 2 42 20 10 25 38 41 43 41 52 25 5 0 0 0 70 70 2 18 20 5 3 6 69 14 0 0 6 6 15 34 79 0 20 6 3 10 23 38 64 42 27 5 4 0 0 0 34 45 0 1 5 1 0 4 35 2 0 0 3 1 0 6 25 0;
<CIRCLE 311 86 3.56762 0 9.33696e-08>; 0 1 21 0 0 0 0 0 1 2 35 4 0 0 0 0 0 0 54 12 0 0 0 0 0 0 71 12 0 0 0 0 0 0 139 26 2 2 0 0 0 2 139 41 0 0 0 0 0 2 139 54 0 0 0 0 0 2 139 42 0 0 0 0 0 0 74 48 47 43 15 0 0 11 139 20 2 21 9 0 0 12 139 9 0 2 1 0 0 6 139 9 0 0 0 0 0 32 63 4 11 77 55 0 0 15 65 7 3 139 112 0 0 6 84 3 1 104 118 0 0 1 85 6 1 50 45 0;
<CIRCLE 254 125 1.26134 0 8.50133e-08>; 1 14 76 22 0 0 1 1 0 36 115 9 2 3 1 0 0 15 128 10 0 0 0 0 0 0 128 28 0 0 0 0 3 6 23 9 1 8 62 38 0 2 44 27 17 81 35 1 0 4 98 24 39 53 2 0 2 7 106 11 5 9 14 3 0 0 54 75 1 2 22 16 0 0 43 77 10 12 81 42 0 0 2 21 29 37 128 22 0 0 0 0 2 11 128 46 0 0 15 17 0 0 67 128 7 11 8 6 3 0 128 128 5 13 35 7 1 40 128 54 0 10 24 2 0 8 128 51;
<CIRCLE 143 123 2.12132 0 8.46964e-08>; 0 13 66 5 0 8 11 0 2 22 61 33 2 7 13 1 2 75 94 2 0 2 5 0 0 52 114 0 0 0 0 0 6 2 5 4 3 28 38 8 15 3 7 5 1 11 121 49 3 10 19 0 0 72 121 13 0 13 41 0 0 37 113 1 7 1 0 4 2 9 121 32 36 0 0 0 0 1 121 121 13 0 0 0 4 80 121 48 0 0 0 0 2 48 121 21 0 0 0 0 0 4 121 12 3 0 0 0 0 2 121 90 2 1 0 0 2 82 121 29 0 0 0 0 0 22 121 23;
<CIRCLE 254 133 3 0 8.00236e-08>; 39 70 20 0 0 0 6 38 23 41 116 16 8 5 5 14 0 1 148 46 5 7 35 1 0 0 100 80 21 6 39 1 23 8 1 0 0 0 65 130 5 4 6 5 9 14 148 144 0 0 23 10 6 18 148 59 0 0 14 6 2 45 148 9 3 1 8 1 0 0 148 131 1 5 13 0 0 0 100 100 4 4 9 3 0 1 59 30 2 2 2 2 5 18 43 5 0 2 15 4 0 7 45 4 1 11 24 0 0 1 54 6 2 7 17 4 0 0 45 18 3 2 2 0 1 4 29 17;
<CIRCLE 59 100 1.5 0 7.66086e-08>; 0 4 35 90 8 18 47 0 1 43 61 58 17 14 48 4 0 3 61 121 31 2 9 5 2 49 121 84 1 0 1 2 0 18 121 121 1 0 0 0 7 121 121 75 12 0 0 0 0 27 54 121 121 0 0 0 29 55 50 112 39 2 0 0 0 36 106 55 1 0 0 0 6 62 121 56 1 0 0 3 4 25 113 81 40 8 2 1 22 16 1 14 27 36 22 4 1 3 22 12 3 12 36 3 15 2 16 12 1 5 39 16 8 10 10 9 0 1 46 18 14 10 1 0 2 19 45 18;
<CIRCLE 62 136 5.04538 0 6.89965e-08>; 0 0 0 4 191 41 6 0 0 0 7 4 48 18 58 13 4 6 19 8 1 4 55 17 4 9 30 5 0 3 11 13 0 0 0 4 191 41 6 1 1 5 5 3 58 21 69 23 1 6 16 6 2 23 146 10 1 6 17 3 0 2 152 14 0 0 3 25 191 23 3 0 4 26 25 11 53 9 29 16 6 36 24 0 0 0 39 13 1 21 17 0 0 0 37 6 0 0 0 3 191 55 12 1 1 3 4 1 30 20 94 18 3 6 3 0 0 0 98 25 1 5 4 0 0 0 87 10;
<CIRCLE 272 134 5.04538 0 6.72597e-08>; 70 62 78 6 0 0 0 10 11 36 132 132 3 1 3 0 11 125 132 82 2 1 3 1 1 87 132 0 0 15 7 0 15 16 30 7 0 4 114 73 0 1 42 42 4 29 132 12 11 30 13 13 2 12 132 18 2 21 48 5 10 37 132 7 2 3 0 0 0 0 71 57 1 2 1 0 0 7 101 22 3 2 0 0 0 4 131 16 3 2 1 27 79 61 83 8 0 10 19 0 0 1 20 5 1 14 28 0 0 0 21 11 1 15 23 0 0 0 25 6 0 7 15 0 6 28 32 4;
<CIRCLE 186 117 2.52269 0 6.52158e-08>; 4 32 22 0 2 20 33 18 21 64 12 0 1 15 32 48 40 57 0 0 1 22 81 76 27 18 5 0 2 29 73 65 0 85 78 0 0 0 0 0 8 130 44 0 0 0 0 0 34 130 43 0 0 0 0 0 16 98 130 21 0 0 0 3 1 66 51 0 0 6 27 3 2 111 121 0 0 3 3 0 1 85 130 14 1 0 0 0 0 17 130 85 1 4 4 0 0 2 1 0 0 55 130 4 0 8 21 0 0 116 107 0 0 5 51 8 4 63 30 0 0 6 40 12 3 13 17 0;
<CIRCLE 318 88 1.5 0 6.23934e-08>; 0 14 156 34 0 0 0 0 0 3 156 81 0 0 0 0 0 3 156 59 0 0 0 0 0 1 101 70 1 3 11 0 14 35 53 2 0 1 24 24 2 9 73 18 8 20 11 3 1 17 89 9 1 5 14 12 3 12 39 3 0 0 16 11 1 23 70 1 0 3 40 22 0 8 66 11 5 52 40 4 3 8 80 7 0 13 65 31 2 6 59 10 0 0 44 18 0 47 156 4 0 0 0 0 0 28 156 24 0 1 0 0 0 15 156 23 0 0 0 0 0 15 156 16 0 0 0 0;
<CIRCLE 245 122 1.78381 0 6.11635e-08>; 4 12 16 20 1 0 31 68 97 16 19 27 1 0 13 87 97 24 54 33 0 0 1 106 0 11 56 41 0 0 1 7 4 68 91 10 1 0 4 8 47 116 79 3 0 0 7 53 27 65 116 19 0 2 7 18 0 24 116 19 8 6 1 0 6 16 24 5 1 2 99 90 13 40 33 3 0 0 85 116 6 12 41 36 6 8 50 73 0 0 30 35 54 33 44 9 8 18 40 0 0 0 32 50 3 6 76 17 0 0 63 69 0 1 41 30 0 0 89 116 2 1 3 9 3 7 116 116;
<CIRCLE 354 105 1.26134 0 5.63624e-08>; 0 14 103 49 0 0 0 0 0 21 134 27 2 2 1 0 0 73 134 9 2 2 0 0 0 23 113 15 0 0 0 0 0 22 134 27 1 0 0 0 12 93 75 16 8 13 4 5 1 45 84 42 40 16 2 1 0 68 84 3 0 0 0 0 0 15 53 6 3 18 32 2 10 70 79 8 3 8 43 17 2 25 83 30 11 12 11 1 1 35 51 6 0 0 4 1 0 0 2 0 2 16 134 83 3 1 3 3 9 80 134 39 2 3 2 0 2 134 134 4 1 1 3 2 0 25 85 72;
<CIRCLE 142 118 1.78381 0 5.62303e-08>; 0 18 70 3 3 20 45 7 21 26 42 39 6 46 30 5 48 120 95 7 1 2 2 2 0 70 120 0 0 0 0 0 0 31 82 5 0 20 25 0 2 25 79 71 5 10 41 3 5 84 87 13 1 11 30 2 0 77 120 1 0 3 5 0 7 3 4 13 5 46 49 9 35 3 1 2 2 15 120 65 14 6 9 2 1 86 120 27 0 11 26 1 2 101 120 2 9 3 4 12 5 11 110 32 64 6 0 0 0 0 104 87 44 14 0 3 7 33 106 55 0 1 0 4 18 68 90 11;
<CIRCLE 336 89 4.24264 0 5.50313e-08>; 0 0 65 14 0 0 0 0 0 1 122 12 0 0 0 0 0 9 132 0 0 0 0 0 0 7 98 0 0 0 0 0 0 1 135 34 0 0 0 0 0 1 135 30 0 0 0 0 0 11 135 7 0 0 0 0 0 18 135 4 0 0 0 0 0 3 135 6 1 27 21 0 0 2 135 13 1 10 5 0 0 18 135 3 0 0 0 0 0 13 135 7 0 0 0 0 0 24 23 1 0 80 90 0 0 5 32 4 1 122 121 0 0 3 44 0 2 62 86 0 3 3 37 0 1 8 34 6;
<CIRCLE 317 87 1.78381 0 5.32755e-08>; 0 1 142 32 0 0 0 0 0 1 142 61 0 0 0 0 0 0 142 68 0 0 0 0 0 0 142 89 0 0 1 0 5 17 142 26 0 0 12 9 3 16 142 24 2 4 5 5 0 6 123 23 1 2 3 3 2 8 37 15 0 0 5 4 2 9 60 3 0 0 37 22 1 13 57 6 3 23 23 10 1 7 62 6 2 14 31 15 2 6 49 7 0 0 21 15 0 15 142 7 0 0 0 0 0 33 142 8 0 0 0 0 0 10 142 16 0 0 1 0 0 10 142 10 0 0 0 0;
<CIRCLE 239 161 20.1815 0 4.85314e-08>; 8 153 153 0 0 0 1 1 6 48 153 4 0 0 0 2 4 13 153 62 0 0 0 1 17 62 153 52 0 0 1 2 2 67 129 1 0 16 111 19 6 36 153 11 2 32 80 50 8 21 153 27 0 0 72 62 76 21 74 27 1 3 47 72 0 0 0 0 0 7 33 5 3 0 0 0 1 14 36 21 4 0 0 0 0 0 23 24 38 0 0 0 0 0 9 16 0 0 0 0 0 0 0 0 0 0 0 0 0 0 0 0 0 0 0 0 0 0 0 0 0 0 0 0 0 0 0 0;
<CIRCLE 348 86 5.04538 0 4.80632e-08>; 0 0 26 3 0 0 0 0 1 5 40 0 0 0 0 0 1 4 34 1 0 0 0 0 40 11 8 0 0 0 0 0 0 0 146 33 0 0 0 0 0 12 146 7 0 0 0 0 1 31 146 2 0 0 0 0 78 113 77 0 0 0 0 0 0 2 146 12 0 12 9 0 0 15 146 7 0 1 1 0 6 29 146 9 0 0 0 0 146 100 44 3 0 0 0 0 0 15 35 3 1 91 93 0 0 4 53 2 6 77 93 0 16 8 52 0 3 13 41 14 146 16 7 0 0 0 4 30;
<CIRCLE 67 94 1.78381 0 4.55433e-08>; 7 135 135 8 0 0 13 15 3 135 135 86 3 0 1 4 5 5 135 135 52 15 4 8 5 3 6 14 19 12 18 7 3 7 18 33 6 5 43 20 4 29 123 54 1 0 2 6 6 88 80 10 0 0 3 13 1 20 30 9 0 0 0 1 0 30 57 88 25 0 0 0 8 36 80 135 33 0 0 0 69 135 45 5 0 0 0 0 23 53 13 0 0 0 0 0 0 20 68 30 8 0 0 0 11 9 10 34 28 12 7 1 68 90 12 0 0 3 4 2 18 92 41 0 0 0 0 0;
<CIRCLE 102 117 1.06066 0 3.75525e-08>; 0 0 0 0 1 66 70 5 0 0 1 6 6 118 93 0 1 9 14 3 7 118 118 4 16 27 7 0 0 16 109 28 3 8 16 0 0 9 63 41 0 4 23 8 13 118 100 9 0 0 3 3 18 118 95 7 0 0 0 0 0 24 118 37 10 30 118 5 0 0 5 9 1 18 118 22 12 14 9 3 1 55 76 16 13 32 37 6 0 12 89 34 1 15 62 12 59 69 32 0 0 0 1 8 9 14 27 40 19 5 8 6 0 18 85 118 21 1 0 0 0 4 118 101 1 0 0 0;
<CIRCLE 70 168 7.13524 0 3.30795e-08>; 0 0 0 6 205 39 3 0 11 13 0 4 103 28 66 23 8 11 0 0 0 3 132 29 2 6 0 0 0 0 116 23 0 0 0 5 205 91 10 0 9 13 0 3 101 49 112 49 10 16 0 0 0 0 141 56 4 10 0 0 0 0 129 29 0 0 0 6 205 9 0 0 8 18 1 5 60 4 9 6 10 28 0 0 0 0 14 10 5 19 0 0 0 0 19 6 0 0 0 0 0 0 0 0 0 0 0 0 0 0 0 0 0 0 0 0 0 0 0 0 0 0 0 0 0 0 0 0;
<CIRCLE 362 146 1.06066 0 3.22443e-08>; 0 2 115 52 0 0 0 0 2 7 115 29 3 8 16 7 0 44 115 5 4 19 8 0 0 61 115 16 1 0 0 0 30 14 42 44 1 0 7 11 114 24 12 12 7 35 50 65 4 9 22 38 115 113 31 8 1 67 50 23 34 5 5 1 18 1 2 7 0 6 115 47 78 28 19 23 13 24 90 38 2 6 14 73 106 66 94 6 1 7 3 9 26 17 115 49 0 0 0 0 10 37 95 5 0 0 0 2 8 32 86 4 1 0 0 0 2 29 115 25 11 0 0 2 4 4 112 63;
<CIRCLE 151 112 1.06066 0 3.18213e-08>; 40 40 66 9 0 0 0 0 0 23 90 8 0 0 0 0 0 44 70 0 0 0 0 0 0 13 58 9 0 0 0 0 7 66 127 5 0 0 0 0 5 104 127 4 0 0 0 0 3 113 127 6 0 0 0 0 0 27 127 20 0 0 0 0 6 31 94 5 0 0 0 0 34 86 92 2 0 0 0 0 17 113 127 3 0 0 0 0 0 27 127 14 0 0 0 0 0 12 96 15 0 3 0 0 1 67 127 1 0 0 0 0 0 47 127 3 0 0 0 0 0 36 127 3 0 0 0 0;
<CIRCLE 183 118 2.12132 0 2.98653e-08>; 1 52 48 0 0 1 4 1 7 92 40 0 0 0 5 9 22 129 8 0 0 1 11 8 54 83 2 0 0 0 10 25 0 85 89 0 0 0 0 0 4 129 63 0 0 0 0 0 21 129 45 0 0 0 0 0 16 129 92 1 0 0 0 0 3 63 46 0 0 4 30 6 0 109 103 0 0 4 6 0 0 99 129 3 0 0 0 0 0 42 129 29 1 1 0 0 0 1 0 0 0 40 129 8 0 9 12 0 0 124 125 0 0 8 46 3 1 64 50 0 0 4 45 11 4 16 5 0;
<CIRCLE 349 87 2.12132 0 2.95568e-08>; 0 18 153 3 0 0 0 0 0 30 153 3 0 0 0 0 0 18 153 5 0 0 0 0 0 18 153 0 0 0 0 0 2 12 49 5 2 0 0 1 1 7 80 27 11 6 4 0 0 4 129 30 6 5 26 11 4 17 107 1 0 0 24 23 4 28 63 8 1 0 0 0 2 23 79 2 4 9 16 1 2 14 84 1 2 5 52 21 0 2 65 21 0 2 35 15 0 19 150 2 0 0 0 0 0 26 153 4 0 0 0 0 0 18 153 5 0 0 0 0 0 7 153 28 0 0 0 0;
<CIRCLE 343 103 1.26134 0 2.7359e-08>; 0 6 135 38 0 0 0 0 4 38 135 13 0 0 0 2 0 80 135 7 0 0 0 1 0 26 135 64 0 0 0 0 0 19 108 27 0 0 0 0 56 68 46 14 4 2 3 14 8 26 77 72 32 9 3 7 0 15 115 45 0 0 0 0 0 28 88 12 1 0 0 0 16 126 94 24 1 0 0 0 2 13 107 135 11 5 1 0 0 24 118 15 1 3 0 0 1 4 9 7 7 8 60 13 8 21 13 4 0 0 89 28 0 1 7 13 2 19 110 9 0 4 10 1 3 24 117 20;
<CIRCLE 167 145 1.5 0 2.59357e-08>; 3 15 31 4 0 6 84 17 1 3 38 9 0 16 92 11 0 1 46 42 4 7 51 13 0 11 63 11 0 6 28 3 2 69 154 5 0 2 8 5 0 26 154 76 7 10 9 2 0 9 154 144 11 12 30 0 0 26 154 43 0 11 34 0 1 9 25 0 0 13 71 29 0 8 35 19 7 36 106 39 1 6 42 24 10 45 154 39 0 6 59 22 0 71 154 24 7 11 3 0 0 0 19 26 5 2 1 0 0 5 50 39 3 8 11 0 2 16 46 17 2 10 26 4 0 6 35 12;
<CIRCLE 348 135 1.06066 0 2.36887e-08>; 0 8 34 0 1 11 136 20 0 0 38 11 2 55 136 0 0 3 28 10 0 15 136 12 0 7 13 0 0 16 136 11 1 3 101 11 8 8 136 11 0 0 82 40 18 35 136 0 0 10 96 37 9 14 136 5 0 22 82 1 1 17 133 4 0 2 52 6 0 8 67 1 0 0 38 19 2 23 76 0 0 4 31 17 4 31 128 5 0 12 27 0 0 1 109 18 0 2 71 3 0 0 4 0 0 6 71 2 0 1 6 0 0 9 63 0 0 1 15 0 0 6 48 0 0 0 13 0;
<CIRCLE 279 147 1.26134 0 2.24267e-08>; 0 2 64 18 9 35 56 0 0 10 72 2 0 2 94 12 5 23 62 10 3 4 30 39 4 45 43 6 0 12 61 6 2 2 73 16 2 6 122 84 8 15 52 3 9 26 122 122 0 10 33 9 56 122 112 15 17 50 37 0 1 18 64 46 10 3 0 1 1 9 122 95 34 25 18 12 28 24 94 85 1 0 4 10 101 110 122 40 0 0 0 0 3 17 122 91 4 2 5 12 3 5 15 15 23 3 2 0 0 3 12 44 13 12 4 0 2 8 63 29 1 3 1 0 9 28 43 9;
<CIRCLE 113 120 1.06066 0 2.0348e-08>; 0 0 0 0 1 44 83 11 0 0 0 1 1 57 123 7 0 3 0 1 0 12 140 28 0 3 1 0 0 63 84 6 0 4 78 43 8 31 28 3 3 37 39 8 7 20 26 32 5 20 5 0 0 17 73 43 0 0 0 0 0 58 73 2 0 13 140 79 0 0 0 0 7 140 140 5 0 0 1 6 12 140 76 0 0 5 19 5 1 84 19 1 12 29 38 1 0 1 31 36 7 13 52 19 13 38 44 2 0 0 93 59 30 140 18 0 0 0 52 28 19 140 29 1 2 1 5 10;
<CIRCLE 149 157 1.26134 0 2.02992e-08>; 0 2 22 13 4 1 9 5 7 5 7 8 9 1 4 4 22 15 20 1 0 0 3 9 0 9 23 0 0 0 11 7 1 2 31 6 0 0 113 42 0 3 30 11 12 33 135 10 5 12 32 13 8 12 44 32 2 10 36 0 0 0 30 28 0 0 165 37 0 5 58 14 0 3 165 43 11 12 49 6 0 17 135 37 8 4 18 8 0 28 112 0 0 1 8 2 0 0 19 4 0 44 165 0 0 1 21 1 0 52 165 4 0 4 7 0 0 25 165 9 0 3 7 0 0 13 165 1;
<CIRCLE 113 119 2.52269 0 1.84698e-08>; 6 14 18 11 10 47 36 13 3 7 9 26 13 16 40 20 3 24 17 2 0 13 66 29 27 38 47 6 3 1 18 34 0 6 28 11 3 81 72 1 1 12 37 10 2 36 128 9 4 17 9 1 4 52 113 12 2 4 41 10 20 55 17 3 2 26 60 61 13 22 52 6 8 67 127 50 7 16 114 22 26 132 22 4 26 27 79 29 10 9 3 13 92 57 51 7 1 1 0 2 3 23 149 14 2 2 0 2 1 17 149 44 9 10 0 0 2 10 149 42 1 0 0 0 7 36 149 10;
<CIRCLE 64 145 1.78381 0 1.6977e-08>; 2 29 57 0 0 0 41 24 39 39 63 0 0 0 28 53 41 38 126 16 19 34 20 42 0 14 56 8 14 28 33 9 3 86 135 1 0 0 25 4 6 100 135 0 0 0 18 13 10 67 135 4 0 0 11 19 1 65 135 2 0 0 11 17 2 22 40 0 0 0 135 23 8 37 43 0 0 0 135 75 18 34 26 0 0 0 74 96 4 18 25 0 0 0 54 50 3 17 25 0 0 0 103 12 4 45 20 0 0 3 108 13 8 56 26 0 0 0 69 13 1 17 49 2 0 0 52 7;
<CIRCLE 69 166 7.13524 0 1.63859e-08>; 0 0 0 4 202 37 2 0 9 10 0 3 121 32 64 19 7 10 1 0 0 4 135 25 2 5 0 0 0 0 119 22 0 0 0 4 202 82 7 0 9 11 0 3 121 53 103 44 10 14 0 0 0 0 131 55 3 9 0 0 0 0 118 29 0 0 0 6 202 13 1 0 8 18 1 6 80 8 15 8 10 29 0 0 0 0 23 13 5 20 0 0 0 0 28 8 0 0 0 0 2 0 0 0 0 0 0 0 0 0 0 0 0 0 0 0 0 0 0 0 0 0 0 0 0 0 0 0;
<CIRCLE 59 132 1.26134 0 1.5315e-08>; 3 30 17 2 1 6 55 12 0 3 11 23 5 6 73 16 9 22 9 4 0 0 96 37 7 22 6 5 15 41 69 8 6 2 6 0 0 20 159 51 4 8 3 1 0 19 159 87 2 6 9 0 0 0 159 85 3 2 2 0 0 11 159 38 6 8 18 0 0 13 95 17 18 31 12 0 0 6 104 53 13 36 51 0 0 4 99 39 79 21 12 0 2 14 64 122 1 14 62 1 0 13 53 7 5 32 54 0 0 3 71 35 7 20 39 1 0 7 72 26 75 45 65 3 2 4 12 68;
<CIRCLE 330 102 1.26134 0 1.43504e-08>; 1 21 147 16 0 0 0 0 2 35 147 21 0 0 0 0 0 13 147 17 0 0 0 0 0 8 147 17 0 0 0 0 8 21 29 12 0 0 0 0 5 19 67 86 3 0 0 0 0 38 142 34 0 0 0 0 0 10 102 25 0 0 0 0 2 11 24 35 7 6 6 0 0 5 25 127 23 0 0 0 1 57 53 25 6 0 0 0 0 19 73 13 0 0 0 0 0 0 1 9 8 147 147 0 0 0 1 26 15 147 145 0 0 6 6 3 3 33 49 3 0 4 11 5 6 4 12 2;
<CIRCLE 239 128 2.12132 0 1.41338e-08>; 4 38 56 1 4 3 6 5 5 48 81 2 0 0 5 11 59 94 35 1 0 0 1 21 24 40 96 8 1 0 1 8 3 13 13 0 16 29 39 37 8 18 27 1 0 0 86 102 18 39 25 1 0 0 50 118 5 9 24 15 14 5 25 44 6 16 7 9 16 11 41 45 14 36 15 0 0 0 84 105 5 13 32 1 0 0 118 118 0 1 11 5 1 0 118 118 63 6 3 4 4 0 115 118 2 1 3 0 0 0 118 118 0 1 4 0 0 0 118 115 0 1 2 0 0 1 52 47;
<CIRCLE 256 139 1.06066 0 1.20411e-08>; 3 6 15 25 12 34 71 19 1 48 91 12 2 18 119 13 1 28 94 14 0 1 107 47 4 24 85 7 4 19 45 22 0 4 74 32 1 11 53 5 2 52 82 23 0 17 88 19 1 63 72 5 0 6 72 34 2 12 76 4 0 8 30 9 6 26 23 5 0 18 102 28 17 26 16 10 0 21 119 52 0 8 24 41 6 59 119 30 0 6 26 15 3 32 49 21 4 101 112 3 0 0 1 2 13 84 119 33 0 0 11 4 0 2 119 100 4 6 6 0 0 5 111 40 2 3 0 1;
<CIRCLE 254 142 1.78381 0 8.78783e-09>; 0 1 6 2 0 0 132 132 6 6 6 6 2 10 122 132 15 25 23 1 0 4 82 38 4 15 50 8 2 7 63 16 2 8 34 3 0 5 56 22 4 18 31 9 2 9 69 18 11 9 20 15 2 13 78 24 2 6 21 7 2 11 19 8 1 19 125 8 0 4 61 2 3 74 132 6 0 6 68 11 2 27 132 42 2 4 58 13 12 17 74 19 0 2 31 30 0 3 9 2 0 8 132 6 0 9 14 0 0 10 132 14 0 8 14 1 0 1 132 31 3 1 7 1 0 1 132 52;
<CIRCLE 239 146 2.12132 0 8.50861e-09>; 67 8 4 6 5 0 134 134 2 4 3 0 0 0 134 134 0 1 3 0 0 0 134 134 0 0 1 0 0 2 68 65 134 18 6 1 0 0 33 134 8 4 38 17 0 7 68 29 0 12 64 12 0 5 33 8 0 15 58 2 0 2 19 2 42 3 8 0 0 0 90 129 2 3 11 4 0 16 100 14 0 2 14 4 0 19 134 1 0 5 13 0 0 4 119 4 0 9 69 1 0 0 10 4 0 26 63 0 0 0 8 2 0 12 52 6 0 2 11 0 0 12 34 0 0 0 11 1;
<CIRCLE 52 119 1.5 0 8.17888e-09>; 1 6 4 1 15 50 160 29 1 7 5 0 0 2 160 94 0 12 13 0 0 19 160 37 0 9 15 0 0 4 160 62 11 23 15 5 30 12 63 17 3 23 71 23 20 30 35 15 2 96 149 9 5 7 29 12 0 46 152 30 2 1 23 11 1 3 72 9 27 9 35 11 0 9 70 14 32 98 14 1 7 43 32 5 10 89 38 6 9 22 27 20 7 16 25 12 0 2 76 13 24 4 24 2 0 31 77 9 1 6 40 14 2 31 23 5 5 23 52 12 5 9 5 10 3 6 50 17;
<CIRCLE 52 132 1.26134 0 6.84737e-09>; 0 5 30 7 2 7 34 8 1 31 34 5 4 8 61 23 4 38 23 4 2 8 76 15 0 2 9 19 4 5 62 16 0 0 0 0 0 5 146 38 8 2 0 0 0 4 146 146 8 3 8 0 0 30 146 60 4 7 3 0 0 14 146 79 0 0 0 0 0 20 146 28 11 7 2 0 0 12 146 57 8 11 26 0 0 18 128 22 16 27 11 0 0 4 86 45 0 4 69 29 4 13 42 3 0 24 94 1 0 7 67 19 2 20 83 1 0 19 73 11 4 26 44 0 0 2 61 29;
<CIRCLE 215 81 2.52269 0 6.79549e-09>; 1 0 0 0 0 0 0 1 3 1 0 0 0 0 0 1 4 1 0 0 0 0 0 0 4 0 0 0 0 0 0 0 1 0 0 0 0 0 27 3 1 1 2 2 2 6 27 2 5 8 3 1 0 2 21 5 4 2 0 0 0 0 17 3 0 2 41 3 0 1 137 5 0 1 58 11 1 18 157 1 1 13 51 0 0 7 153 16 0 9 21 0 0 2 135 7 10 106 165 39 2 0 6 1 3 30 165 111 10 1 5 0 10 138 165 21 2 0 6 1 4 80 165 48 6 0 10 0;
<CIRCLE 133 114 1.78381 0 6.30836e-09>; 66 82 39 8 7 1 19 69 8 15 66 77 95 52 37 10 8 26 107 23 13 52 87 29 97 117 35 6 3 29 20 7 10 17 117 9 2 5 11 23 1 24 117 15 12 21 24 2 0 49 117 23 2 34 59 6 26 59 72 74 7 32 19 4 3 2 32 15 25 67 30 2 5 11 63 12 1 55 84 7 0 33 90 19 2 44 63 5 4 30 48 49 4 17 92 11 25 16 8 28 106 27 9 6 52 23 6 17 6 26 38 16 21 5 6 17 7 39 60 31 48 4 0 0 0 11 117 65;
<CIRCLE 254 143 1.78381 0 5.78364e-09>; 0 1 3 1 0 0 127 127 4 5 7 8 3 12 90 104 15 21 19 1 1 4 39 31 4 12 40 6 3 9 24 11 3 13 65 5 0 5 40 12 5 35 61 8 2 8 69 20 10 13 49 27 3 15 85 21 2 10 39 12 2 10 19 7 0 17 111 8 0 6 111 2 2 70 127 6 0 9 125 12 1 27 127 36 1 2 103 19 16 16 66 17 0 2 64 49 0 5 14 2 0 8 127 7 0 11 17 0 0 8 127 15 1 13 15 0 0 1 127 33 1 1 14 1 0 2 127 45;
<CIRCLE 336 138 1.26134 0 3.46407e-09>; 7 29 52 3 0 18 163 7 0 0 82 23 0 15 163 16 0 6 85 16 4 33 163 12 2 10 78 2 1 8 163 41 2 34 64 9 0 10 36 20 0 9 96 34 0 21 63 6 0 11 99 19 1 10 110 6 0 15 101 3 0 4 95 8 0 11 75 15 0 6 7 2 0 18 120 21 1 9 8 1 0 11 142 13 0 1 12 1 0 9 124 3 0 0 13 1 0 9 12 2 0 12 10 0 0 1 13 7 9 37 6 0 2 2 16 1 3 7 3 3 4 1 11 1 0 0 9 5;
<CIRCLE 119 142 1.26134 0 3.20906e-09>; 1 1 6 6 0 15 80 20 1 6 8 8 0 20 102 18 2 10 5 3 0 5 98 34 0 0 1 6 2 9 67 8 1 21 106 24 0 0 6 2 9 33 73 20 0 1 8 20 7 23 74 23 1 2 10 23 0 3 90 25 2 7 6 0 0 37 131 4 0 4 91 9 5 82 131 2 0 1 84 14 1 20 131 76 6 12 75 4 0 13 131 47 0 13 84 9 4 15 41 0 0 4 131 10 2 9 47 1 0 15 131 7 0 3 35 5 2 12 131 11 0 3 32 5 0 12 131 16;
<CIRCLE 217 80 3.56762 0 2.96271e-09>; 2 1 0 0 0 0 0 0 4 1 0 0 0 0 0 0 6 0 0 0 0 0 0 0 6 1 0 0 0 0 0 0 1 0 0 0 0 0 29 2 2 2 1 0 0 3 29 1 4 4 0 0 0 0 24 6 5 1 0 0 0 0 19 4 0 13 149 4 0 1 84 3 0 11 152 19 0 11 89 2 1 37 124 3 0 1 93 15 0 9 98 4 0 0 88 3 12 74 152 28 3 9 36 24 13 66 152 91 18 28 25 20 34 145 152 49 21 7 14 34 0 58 152 72 35 4 2 0;
<CIRCLE 172 149 1.78381 0 1.78046e-09>; 0 8 117 26 0 3 17 1 0 0 127 75 3 3 12 1 0 35 127 18 0 2 9 0 0 54 127 1 0 2 19 2 0 7 58 18 3 14 57 13 1 1 72 37 6 29 127 20 0 9 108 21 2 75 127 8 0 27 127 1 0 23 127 22 7 2 3 0 0 3 45 33 3 4 9 3 0 12 67 20 3 7 22 2 1 19 71 14 1 8 9 0 0 8 104 27 5 11 107 5 0 0 6 11 0 0 127 25 1 5 14 3 0 11 127 24 0 3 13 3 1 53 108 0 0 0 8 7;
<CIRCLE 184 125 1.5 0 1.73905e-09>; 3 54 53 0 0 0 0 0 13 90 76 0 0 0 0 0 9 82 120 0 0 0 0 0 1 70 122 0 0 0 0 0 4 24 39 0 0 6 7 4 1 53 81 0 0 4 6 4 0 33 122 2 2 15 10 0 0 22 122 10 1 20 9 0 0 5 8 1 0 122 122 1 0 34 41 0 0 121 79 0 0 37 78 0 0 37 38 0 0 21 53 2 1 20 12 0 0 0 0 0 0 73 86 5 0 0 0 0 0 122 122 1 0 4 7 0 15 122 122 0 0 10 28 2 16 109 36 5;
