KOEN1
128
237
<CIRCLE 66 75 3 0 0.000383085>; 0 0 0 3 2 0 0 0 0 0 14 11 6 0 0 0 0 0 19 28 114 0 0 0 0 0 0 31 130 2 0 0 0 0 0 14 20 2 0 0 0 0 112 123 88 23 0 0 0 0 130 117 52 6 0 0 0 0 74 110 86 1 0 0 0 0 0 4 18 8 0 0 0 0 12 26 130 130 0 0 0 0 82 30 130 118 0 0 0 0 37 21 4 2 0 0 0 0 0 0 7 1 0 0 0 0 0 9 130 54 1 0 0 0 0 5 130 130 27 0 0 0 0 0 5 40 24 0;
<CIRCLE 65 74 2.52269 0 0.00034601>; 0 0 1 2 1 0 0 0 0 0 9 10 3 0 0 0 0 0 18 13 38 1 0 0 0 0 2 23 137 7 0 0 0 0 0 13 18 2 0 0 0 0 112 115 74 17 0 0 0 0 137 64 21 4 0 0 0 0 137 120 98 5 0 0 0 0 0 5 18 9 0 0 0 0 17 32 137 137 0 0 0 0 119 28 110 137 0 0 0 0 73 26 3 3 0 0 0 0 0 0 5 1 0 0 0 0 0 11 104 62 0 0 0 0 0 14 137 120 1 0 0 0 0 2 14 18 3 0;
<CIRCLE 235 148 5.04538 0 0.000330297>; 0 0 0 0 1 106 127 0 11 1 0 6 20 127 127 30 57 5 1 3 3 13 68 125 14 0 0 0 0 3 123 127 0 0 0 1 26 36 72 0 13 6 5 60 127 127 65 15 127 18 7 22 28 23 36 127 36 0 0 4 5 1 5 72 0 0 0 3 13 7 0 0 1 0 0 3 60 127 81 16 47 0 0 3 5 27 97 119 9 0 2 12 2 0 0 7 0 1 1 2 4 0 0 0 0 0 0 1 10 6 1 0 0 0 0 2 6 5 2 0 0 0 0 3 5 1 0 0;
<CIRCLE 68 77 4.24264 0 0.000320366>; 0 0 0 3 4 0 0 0 0 0 12 25 21 0 0 0 0 0 7 80 131 0 0 0 0 1 1 25 84 0 0 0 0 0 0 13 23 2 0 0 0 0 75 131 110 21 0 0 0 0 131 131 99 4 0 0 1 12 38 48 29 0 0 0 0 0 0 2 24 7 0 0 0 0 5 22 131 131 0 0 0 0 31 42 131 121 14 0 1 11 16 7 0 11 14 0 0 0 0 1 10 1 0 0 0 0 0 0 71 102 9 0 0 0 0 0 29 131 115 0 0 0 0 0 0 82 131 0;
<CIRCLE 74 84 8.48528 0 0.000311088>; 0 0 0 4 5 0 0 0 0 0 1 86 79 0 0 0 7 26 78 129 95 0 0 0 62 129 43 4 0 0 0 0 0 0 0 9 25 1 0 0 0 0 0 129 129 36 1 0 13 29 17 129 93 27 14 1 40 125 49 1 0 0 5 1 0 0 0 3 24 4 0 0 0 0 0 12 125 129 24 0 1 6 2 10 26 129 129 2 1 14 14 0 0 46 129 2 0 0 0 2 9 6 0 0 0 0 0 2 20 31 10 0 0 0 0 0 7 61 64 0 0 0 0 0 1 27 106 6;
<CIRCLE 335 95 2.52269 0 0.000299429>; 41 36 79 42 77 0 0 0 111 94 24 4 6 1 1 2 1 14 7 0 0 9 7 0 0 0 0 0 0 15 2 0 5 52 129 33 43 8 3 1 31 135 135 2 0 0 11 25 87 135 49 0 0 3 3 31 10 4 0 1 2 15 3 1 6 1 3 12 28 19 84 65 46 28 11 0 1 3 135 135 94 34 3 2 0 0 46 135 11 1 1 14 3 1 0 4 27 0 0 0 54 44 57 112 135 6 0 1 17 12 20 78 9 1 3 9 1 0 9 18 0 0 1 9 2 0 0 0;
<CIRCLE 71 81 7.13524 0 0.000298399>; 0 0 0 3 4 0 0 0 0 0 1 55 66 0 0 0 1 3 38 130 130 0 0 0 53 92 57 14 6 0 0 4 0 0 0 8 18 1 0 0 0 0 9 130 130 22 0 0 4 14 27 130 117 15 2 0 41 68 24 6 3 0 0 7 0 0 0 2 20 3 0 0 0 0 0 19 130 130 13 0 1 6 6 25 50 130 130 1 5 27 12 0 0 39 130 4 0 0 0 5 8 2 0 0 0 0 0 9 23 38 7 0 0 0 0 1 6 88 96 1 0 0 0 0 2 48 130 0;
<CIRCLE 235 147 5.04538 0 0.000291284>; 0 0 0 0 0 104 124 0 11 0 0 3 14 124 124 31 49 4 0 1 2 13 73 117 12 0 0 0 0 3 124 124 0 0 0 1 24 41 86 0 12 6 5 59 124 124 67 13 124 19 7 22 27 21 29 124 35 0 0 3 4 1 7 79 0 0 0 3 15 7 0 0 2 0 0 5 71 124 83 17 58 1 0 3 6 29 99 124 11 0 2 12 2 0 0 8 0 0 0 3 4 0 0 0 0 0 0 1 9 7 2 0 0 0 0 2 6 5 4 1 0 0 0 3 4 1 0 0;
<CIRCLE 64 74 2.12132 0 0.000278935>; 0 0 1 4 1 0 0 0 0 0 15 15 3 0 0 0 0 0 40 12 6 0 0 0 0 0 14 21 135 5 0 0 0 0 0 14 21 1 0 0 0 0 86 129 85 14 0 0 0 0 141 69 18 4 0 0 0 0 141 94 36 1 0 0 0 0 0 4 20 10 0 0 0 0 7 27 141 141 0 0 0 0 93 36 134 141 0 0 0 0 103 17 5 8 0 0 0 0 0 1 3 1 0 0 0 0 0 4 73 71 0 0 0 0 0 7 141 141 0 0 0 0 0 1 37 27 0 0;
<CIRCLE 334 95 3 0 0.000263598>; 8 18 93 41 58 1 0 0 114 81 23 16 21 0 0 2 12 17 5 0 0 13 6 1 0 0 0 0 0 17 3 0 1 23 133 71 52 3 2 1 38 133 133 13 5 1 11 26 86 133 48 0 0 4 3 32 11 5 0 1 3 18 2 1 2 1 7 39 36 12 65 73 54 29 11 1 4 9 124 133 97 36 3 3 0 0 41 133 12 1 1 14 4 1 0 5 5 0 1 2 29 31 69 133 133 6 0 0 28 31 25 64 37 5 5 10 0 0 5 21 0 0 3 11 1 0 0 0;
<CIRCLE 337 95 1.5 0 0.000215894>; 38 133 80 0 0 0 0 0 0 103 79 0 0 0 2 0 0 26 7 0 0 4 5 0 0 0 0 0 1 9 2 0 0 108 91 0 0 0 3 2 31 133 133 0 0 0 4 21 109 133 22 0 0 1 1 21 11 3 0 0 1 8 5 0 1 2 1 0 0 0 86 92 32 22 5 0 0 0 122 133 116 24 1 0 0 0 15 133 12 2 3 7 2 0 0 3 66 4 0 0 1 2 56 133 5 0 0 0 0 0 81 121 2 1 1 0 0 1 9 28 0 0 3 5 1 0 0 0;
<CIRCLE 230 135 2.52269 0 0.000215178>; 0 0 0 0 3 90 84 9 0 0 0 0 3 72 36 9 56 14 0 1 4 8 20 32 35 29 28 10 2 6 34 24 0 0 0 0 0 100 113 17 0 0 0 16 15 120 120 0 14 13 11 35 30 70 108 45 18 20 23 5 9 27 24 39 0 0 0 1 8 8 6 0 0 0 0 120 120 30 21 0 5 32 37 120 71 16 6 1 120 88 21 2 1 6 17 39 0 0 0 0 10 5 1 0 0 0 0 21 120 103 4 0 3 2 0 17 58 98 69 22 116 15 0 0 0 0 26 120;
<CIRCLE 229 135 2.52269 0 0.000211668>; 0 0 0 0 2 77 95 11 0 0 0 0 3 92 39 9 43 8 0 1 4 10 23 26 46 33 23 7 1 4 30 30 0 0 0 0 0 73 120 21 0 0 0 11 10 120 120 0 10 9 8 39 34 85 120 36 16 22 22 6 9 27 23 39 0 0 0 0 4 6 5 0 0 0 0 113 120 29 20 0 1 19 29 120 95 20 9 1 102 92 28 8 2 6 12 28 0 0 0 0 5 4 1 0 0 0 0 17 120 82 2 0 1 1 0 21 84 120 60 11 95 14 0 0 0 2 36 115;
<CIRCLE 63 73 1.5 0 0.000209796>; 0 0 0 4 2 0 0 0 0 0 11 11 2 1 0 0 0 0 31 9 0 0 0 0 0 0 25 7 4 0 0 0 0 0 0 17 19 0 0 0 0 0 98 120 71 9 0 0 0 0 149 56 11 2 0 0 0 0 149 9 0 0 0 0 0 0 0 5 27 10 0 0 0 0 14 38 149 149 0 0 0 0 125 42 115 141 0 0 0 2 149 7 6 6 0 0 0 0 0 0 2 5 1 0 0 0 0 0 55 105 0 0 0 0 0 0 145 149 0 0 0 0 0 0 31 49 0 0;
<CIRCLE 231 134 1.78381 0 0.000205165>; 3 1 0 0 4 139 32 4 3 5 4 7 4 27 42 3 41 8 0 8 9 6 19 29 50 52 23 2 1 2 4 21 0 0 0 0 1 139 93 0 0 0 1 9 13 139 139 0 20 8 3 17 40 87 117 60 18 13 9 3 19 43 23 43 0 0 0 10 15 21 16 0 0 0 1 139 72 33 49 0 6 31 45 139 62 25 8 3 30 109 66 6 10 12 7 10 0 0 0 13 55 3 0 0 0 0 0 139 139 16 0 0 0 2 9 71 34 4 1 0 58 52 8 1 1 0 0 8;
<CIRCLE 232 133 1.26134 0 0.000179255>; 3 23 13 0 1 45 24 1 0 4 26 25 6 4 35 4 27 0 1 14 8 1 12 40 35 17 2 0 1 3 6 47 0 0 1 0 0 140 140 1 0 0 3 1 15 73 140 19 63 1 0 0 46 104 79 48 60 2 0 0 12 49 22 61 0 0 0 10 7 26 62 0 0 0 13 140 60 36 87 4 40 35 20 123 140 50 6 5 57 98 64 9 19 20 4 9 0 0 0 66 47 1 0 0 0 0 15 140 50 0 0 0 0 8 28 121 9 0 0 0 4 58 55 2 0 0 0 0;
<CIRCLE 332 95 3.56762 0 0.000178649>; 0 15 102 27 30 2 0 0 66 60 38 38 35 0 0 1 37 29 3 0 0 13 5 3 0 0 0 0 0 18 3 0 0 19 135 79 30 3 3 0 30 135 135 54 14 2 10 21 94 135 43 0 0 4 3 38 16 10 0 1 3 19 3 2 0 0 23 74 25 5 41 75 38 24 11 10 12 13 135 135 110 42 3 2 0 0 29 135 17 2 0 14 4 1 0 10 12 0 3 4 10 11 66 135 76 3 0 0 41 42 53 73 74 13 5 7 0 0 2 29 0 0 7 14 0 0 0 0;
<CIRCLE 324 87 1.26134 0 0.000177643>; 0 2 8 0 1 4 3 0 0 0 1 1 122 9 0 0 98 19 1 8 123 6 0 0 123 16 0 0 0 0 0 0 0 72 123 0 1 1 2 0 0 73 110 19 101 12 0 0 119 25 8 24 123 22 0 0 123 39 1 0 1 1 0 0 0 36 78 11 60 58 16 0 0 123 123 29 22 6 0 0 35 78 86 78 45 1 0 0 57 123 75 1 0 0 0 0 4 8 16 13 62 43 0 0 0 5 15 3 42 35 0 0 0 11 25 7 1 0 0 0 0 54 45 1 0 0 0 0;
<CIRCLE 74 68 3 0 0.00017351>; 0 0 0 2 5 0 0 0 0 0 0 25 72 0 0 0 0 0 0 85 143 0 0 0 0 1 0 10 29 0 0 0 0 0 27 25 6 0 0 0 0 0 72 47 121 0 0 0 0 0 10 65 143 5 0 0 1 1 5 4 21 0 0 1 0 0 70 100 105 39 0 0 0 0 143 121 53 21 0 0 0 0 133 143 73 1 0 0 0 13 55 11 5 0 0 0 0 0 1 6 122 107 0 0 0 0 28 14 143 124 0 0 0 0 22 10 8 7 0 0 0 7 9 1 0 0 0 0;
<CIRCLE 75 69 2.52269 0 0.000167258>; 0 0 0 2 3 1 0 0 0 0 0 28 108 0 0 0 0 0 0 72 145 0 0 0 0 0 0 5 14 0 0 0 0 0 64 25 2 0 0 0 0 0 88 44 142 5 0 0 0 0 11 51 145 17 0 0 0 1 8 2 12 1 0 0 0 0 145 98 90 49 0 0 0 0 145 82 24 7 0 0 0 0 126 132 58 2 0 0 0 7 63 7 2 0 0 0 0 0 5 6 140 145 0 0 0 0 31 6 65 71 0 0 0 0 17 8 2 2 0 0 0 3 9 1 0 0 0 0;
<CIRCLE 231 147 5.04538 0 0.000161021>; 0 0 0 0 0 115 120 0 3 0 0 2 10 120 120 13 45 4 1 3 7 29 66 90 21 0 0 0 0 5 108 120 0 0 0 0 5 31 79 0 0 0 2 40 120 120 75 2 120 23 10 42 80 55 46 120 84 1 0 2 2 1 5 120 0 0 0 2 4 1 0 0 0 0 0 5 70 103 37 1 42 0 0 3 20 68 120 114 25 0 2 10 1 0 3 31 0 1 1 2 2 0 0 0 0 0 0 2 10 5 1 0 0 0 0 1 6 6 5 0 0 0 0 3 4 1 0 0;
<CIRCLE 93 46 10.0908 0 0.000157486>; 0 0 0 1 2 0 0 0 0 0 5 7 5 0 0 0 0 1 8 4 3 0 0 0 0 0 0 2 0 0 0 0 0 0 0 17 15 0 0 0 0 10 101 127 62 0 0 0 31 127 127 27 4 0 0 0 12 26 4 2 1 1 0 0 0 0 0 68 63 3 0 0 7 15 27 127 127 7 0 0 98 127 67 26 13 0 0 0 19 127 127 0 0 0 0 0 0 0 0 19 79 46 1 0 1 7 4 59 88 127 102 1 6 44 31 3 0 42 127 3 1 53 93 0 0 17 90 1;
<CIRCLE 238 148 5.04538 0 0.000157465>; 0 0 0 0 3 115 126 0 22 2 1 7 21 116 105 47 56 4 0 1 1 10 80 126 8 0 0 0 0 1 126 126 0 0 0 5 61 55 70 0 44 11 8 69 126 126 67 37 126 14 5 10 7 7 23 126 14 0 0 5 6 1 6 42 0 0 0 3 25 20 0 0 7 0 0 3 51 126 117 40 50 0 1 5 2 9 64 107 3 0 1 14 3 0 0 1 0 0 0 3 6 1 0 0 0 0 0 1 9 7 2 0 0 0 0 3 6 5 1 0 0 0 0 3 5 0 0 0;
<CIRCLE 62 73 1.26134 0 0.000151515>; 0 0 1 3 2 0 0 0 0 0 12 12 2 2 0 0 0 0 38 12 0 0 0 0 0 0 36 5 0 0 0 0 0 0 0 11 14 0 0 0 0 0 66 111 88 9 0 0 0 0 151 80 24 4 0 0 0 0 151 9 0 0 0 0 0 0 0 5 19 4 0 0 0 0 5 25 151 145 0 0 0 0 90 45 151 151 0 0 0 0 142 13 15 14 0 0 0 0 0 0 2 4 2 0 0 0 0 0 37 73 1 0 0 0 0 0 135 151 0 0 0 0 0 0 54 82 0 0;
<CIRCLE 244 138 1.78381 0 0.000148731>; 29 7 1 1 9 26 31 73 6 9 26 8 23 39 15 11 97 5 17 5 1 2 7 77 92 0 0 0 0 0 0 128 19 86 68 50 28 18 7 14 54 73 31 3 24 44 67 62 60 2 0 0 0 3 132 132 60 0 0 0 0 1 21 80 8 42 33 30 3 0 0 0 132 132 11 0 0 0 7 32 132 40 0 0 1 1 43 56 0 0 0 1 3 4 14 9 5 0 1 1 2 11 40 33 132 13 0 0 0 0 10 132 132 6 1 3 1 0 0 53 0 0 2 7 3 0 0 0;
<CIRCLE 324 86 1.5 0 0.000146859>; 0 0 1 0 1 4 2 0 0 0 0 3 119 4 1 0 109 31 3 10 116 1 0 0 84 14 0 0 0 1 0 0 0 49 119 0 0 2 2 0 0 37 81 16 119 11 0 0 119 28 4 16 119 11 0 0 119 22 0 0 0 1 1 1 1 44 114 11 38 46 22 8 0 108 119 37 39 8 0 0 60 107 87 67 49 1 0 0 58 119 76 0 0 0 0 0 3 11 31 20 54 31 3 2 0 8 26 7 60 38 0 0 0 27 44 7 3 1 0 0 0 91 73 0 0 0 1 1;
<CIRCLE 249 76 3 0 0.000143925>; 3 44 125 13 0 0 0 0 26 59 101 4 2 15 16 8 10 85 87 2 13 22 7 1 26 57 10 0 0 2 3 1 29 103 97 0 0 0 0 0 125 125 23 15 22 21 14 10 89 46 24 54 121 37 7 11 122 37 42 24 2 0 0 13 14 23 6 0 0 0 0 0 112 125 27 13 3 0 0 0 101 77 37 55 19 0 2 19 48 23 57 108 32 2 0 4 4 2 0 0 0 0 0 0 79 61 0 0 0 0 0 0 110 86 1 1 5 0 1 10 3 5 3 21 59 21 1 1;
<CIRCLE 338 95 1.26134 0 0.000142131>; 1 134 126 0 0 0 0 0 0 109 62 0 0 0 1 0 1 18 3 0 0 4 6 0 0 0 0 0 2 7 3 0 1 111 94 0 0 0 2 2 54 134 104 0 0 0 1 22 110 134 9 0 1 3 1 14 4 1 0 0 2 6 6 1 1 3 1 0 0 0 91 94 55 22 2 0 0 0 80 134 113 17 2 0 0 0 4 134 5 2 3 5 3 0 0 0 9 0 0 0 0 0 112 134 0 0 0 0 0 1 67 121 3 2 3 0 0 0 2 20 0 0 5 5 1 0 0 0;
<CIRCLE 310 116 1.5 0 0.000142076>; 7 3 29 7 0 0 35 41 9 0 7 5 18 39 30 34 42 0 2 4 7 8 58 138 4 0 0 0 0 0 105 138 0 0 0 0 4 16 138 124 25 0 0 0 102 138 112 42 138 4 0 0 18 37 20 138 55 4 6 5 0 0 19 55 0 0 1 6 11 9 52 16 3 0 0 1 77 138 75 14 105 3 0 0 7 42 98 117 29 6 10 3 0 0 0 8 0 0 1 7 1 0 0 0 0 0 2 2 1 9 11 0 0 0 0 0 2 3 17 6 0 1 4 1 0 0 0 0;
<CIRCLE 235 144 5.04538 0 0.000140988>; 0 0 0 0 0 95 120 0 10 0 0 0 2 100 102 33 33 2 0 0 0 13 89 95 7 0 0 0 0 4 120 120 0 0 0 1 17 57 120 0 12 5 5 51 120 120 83 11 120 17 7 19 23 15 18 120 33 0 0 1 3 1 18 103 0 0 0 2 18 9 0 0 4 1 0 13 110 120 81 20 96 3 1 5 10 32 96 120 16 0 2 11 2 0 0 12 0 0 0 3 4 0 0 0 0 0 0 2 9 12 9 0 0 0 0 3 4 5 12 5 0 0 0 4 3 0 0 0;
<CIRCLE 68 91 1.78381 0 0.000140898>; 0 0 0 3 28 24 0 0 0 0 0 6 135 135 0 0 0 0 0 1 114 88 0 0 0 0 2 2 3 4 0 0 0 0 0 9 38 5 0 0 0 0 0 110 135 59 3 0 0 0 0 35 135 88 18 0 0 0 0 0 3 36 13 0 0 0 0 1 25 18 0 0 0 0 0 15 87 135 60 0 0 0 0 5 21 135 135 0 0 0 0 0 0 135 135 0 0 0 0 3 4 2 0 0 0 0 0 4 7 21 12 0 0 0 0 0 4 70 56 0 0 0 0 0 1 106 107 0;
<CIRCLE 324 88 1.06066 0 0.000139925>; 0 16 44 0 2 2 1 0 0 5 13 3 121 16 0 0 66 10 0 3 128 18 0 0 128 21 0 0 4 0 0 0 0 103 128 3 4 4 0 0 0 125 128 34 63 5 0 0 59 26 28 63 128 16 0 0 128 88 4 1 8 0 0 0 0 26 44 11 76 49 1 0 0 105 128 20 10 5 0 0 10 48 101 76 17 0 0 0 35 128 63 4 1 0 0 0 2 3 2 5 64 56 0 0 0 3 10 2 34 28 0 0 0 4 20 5 1 0 0 0 0 30 26 2 0 0 0 0;
<CIRCLE 235 134 10.0908 0 0.000139404>; 1 22 47 128 55 16 10 1 7 34 61 68 28 12 10 2 32 130 62 3 0 0 8 11 4 62 118 5 0 0 11 8 1 2 1 11 23 130 130 1 3 1 0 2 15 130 130 28 25 24 4 0 2 18 130 130 6 12 6 2 12 14 130 72 0 0 3 1 2 36 44 0 3 0 0 0 43 130 87 26 40 0 0 3 9 39 62 130 3 1 0 7 39 27 30 15 0 0 1 1 2 0 0 0 0 0 0 0 10 12 6 1 0 0 0 1 11 5 8 5 0 0 0 2 12 2 0 0;
<CIRCLE 310 114 1.78381 0 0.000135575>; 1 2 77 27 0 0 1 3 1 1 55 41 3 6 5 7 0 0 28 40 2 3 34 73 4 0 5 6 0 0 49 133 2 1 19 4 0 3 133 91 17 1 2 1 15 112 121 65 133 0 0 0 4 23 57 133 15 0 2 2 1 0 70 133 0 0 0 2 4 12 133 64 11 0 0 0 57 133 108 31 133 4 0 0 7 46 56 121 31 5 11 5 0 0 0 10 2 3 2 7 1 1 3 0 0 0 1 3 6 29 23 2 5 0 0 0 1 8 33 23 2 1 6 2 0 0 0 1;
<CIRCLE 248 77 2.12132 0 0.000135131>; 25 124 83 0 0 0 0 0 111 90 7 1 3 30 41 19 6 17 23 8 66 101 28 3 73 62 24 6 20 4 0 8 55 83 15 0 0 0 0 0 130 130 15 11 7 3 2 2 26 44 24 108 130 18 1 2 130 6 2 21 43 0 0 35 15 21 3 0 0 0 0 0 92 130 25 5 0 0 0 0 50 84 49 76 22 2 10 9 120 31 14 30 10 0 6 14 6 3 0 0 0 0 0 0 70 53 0 0 0 0 0 0 118 69 0 0 0 0 10 10 12 9 4 5 11 2 10 8;
<CIRCLE 301 143 5.04538 0 0.000130248>; 0 3 7 1 6 16 139 35 10 30 25 18 22 24 139 92 8 44 15 2 3 17 139 109 19 1 0 0 37 32 26 57 0 0 0 9 59 15 27 2 25 79 62 114 139 79 31 19 139 139 46 15 10 12 21 54 11 3 2 5 9 17 5 2 0 0 0 17 29 9 0 0 9 2 0 10 86 139 103 34 78 10 7 5 5 20 78 111 5 1 16 12 1 0 0 1 0 0 0 7 15 0 0 0 0 0 0 5 15 4 3 0 0 0 1 3 5 10 4 0 0 0 2 4 3 5 0 0;
<CIRCLE 232 132 0.891905 0 0.000129855>; 0 13 29 2 0 6 18 0 0 0 22 27 2 1 28 1 11 0 1 11 3 1 16 24 37 0 0 0 0 0 3 74 0 0 0 0 0 56 137 7 0 0 0 0 2 48 137 18 18 0 0 0 15 102 97 22 86 0 0 0 1 8 10 80 0 0 0 1 0 33 137 5 0 0 0 15 58 82 137 10 14 1 0 14 137 137 20 3 134 30 2 0 15 11 3 31 0 0 3 41 7 2 7 0 0 0 21 137 32 3 3 0 1 2 17 137 102 4 0 0 26 94 41 12 10 0 0 0;
<CIRCLE 325 103 1.26134 0 0.000123987>; 1 1 2 53 17 1 1 1 0 0 0 11 23 19 16 2 0 0 0 0 0 5 35 20 0 0 0 0 0 0 61 54 9 1 10 34 1 0 0 26 14 0 0 2 7 28 79 135 39 3 0 1 25 70 72 71 67 3 0 0 0 0 66 135 16 0 3 2 0 0 8 135 21 0 0 3 89 20 25 135 86 29 0 31 135 34 9 13 135 30 0 0 1 0 1 17 0 0 0 0 0 0 38 135 0 0 0 1 112 15 6 52 61 2 0 4 135 60 3 26 135 4 0 0 1 1 1 23;
<CIRCLE 324 105 1.78381 0 0.000120621>; 0 2 12 45 21 5 1 0 0 0 2 32 45 14 15 7 0 1 2 0 7 10 58 38 5 10 5 0 0 0 78 117 4 0 30 60 1 0 2 35 16 0 4 14 10 14 53 130 57 6 0 2 45 47 94 97 94 5 0 0 0 0 52 130 3 0 4 5 0 0 79 130 4 0 0 0 59 25 47 130 95 7 0 3 130 64 12 33 130 10 1 1 1 1 0 16 43 1 2 1 0 0 32 107 0 0 3 6 54 7 9 24 46 8 0 7 130 32 2 7 113 21 0 2 2 1 0 5;
<CIRCLE 87 43 6 0 0.00011838>; 0 0 0 4 3 0 0 0 0 0 9 12 6 0 0 0 0 1 24 8 4 0 0 0 0 2 6 4 0 0 0 0 0 0 0 18 16 0 0 0 0 0 104 141 76 0 0 0 3 67 141 43 6 0 0 0 35 128 61 0 0 0 0 0 0 0 3 34 54 0 0 0 0 0 19 141 141 0 0 0 27 51 90 35 39 0 0 11 141 141 16 0 0 0 0 8 0 0 27 120 80 9 0 0 0 3 49 141 126 4 0 0 32 44 16 17 12 0 0 13 39 93 35 14 1 0 1 10;
<CIRCLE 67 91 1.5 0 0.000118323>; 0 0 0 4 14 5 0 0 0 0 0 14 130 123 0 0 0 0 0 6 130 123 0 0 0 0 1 1 11 11 0 0 0 0 0 5 28 4 0 0 0 0 0 130 130 35 1 0 0 0 0 99 130 68 12 0 0 0 0 0 14 42 12 0 0 0 0 0 21 13 0 0 0 0 0 16 93 130 43 0 0 0 0 12 28 130 130 0 0 0 0 0 1 130 130 0 0 0 0 2 2 3 0 0 0 0 0 4 5 22 12 0 0 0 0 1 3 61 60 0 0 0 0 0 1 108 101 0;
<CIRCLE 311 117 1.5 0 0.000118043>; 8 2 12 2 1 12 84 74 31 0 1 2 29 66 38 50 91 0 0 1 2 3 84 142 3 0 1 1 0 0 88 142 0 0 0 0 27 53 142 95 78 0 0 0 131 142 78 47 142 9 1 0 3 16 23 123 21 4 11 7 0 0 5 14 0 0 1 8 19 18 15 3 6 0 0 0 40 129 111 30 67 4 2 0 0 11 69 92 7 4 13 4 0 0 0 1 0 0 2 7 0 0 0 0 0 0 2 1 1 3 5 0 0 0 1 0 2 1 4 1 0 0 3 2 0 0 0 0;
<CIRCLE 298 134 2.52269 0 0.000108471>; 5 2 0 1 25 38 44 20 62 53 0 0 43 42 15 20 26 38 3 7 2 6 14 6 1 0 2 3 2 22 23 8 0 0 0 7 27 22 7 0 13 71 33 71 132 31 0 0 15 132 88 19 9 0 0 0 7 45 11 2 0 0 1 0 0 0 0 22 62 6 0 0 1 11 16 132 132 37 4 2 79 132 54 25 21 8 12 27 132 105 4 0 0 0 1 20 0 0 0 3 33 19 0 0 0 0 0 4 95 132 59 1 39 3 1 1 4 45 132 132 76 3 4 2 0 0 5 85;
<CIRCLE 70 91 2.52269 0 0.000108386>; 0 0 0 3 63 74 0 0 0 0 16 9 143 143 0 0 0 0 31 6 29 30 1 0 0 0 10 5 1 1 0 0 0 0 0 8 50 14 0 0 0 0 0 47 143 134 8 0 0 0 0 4 92 94 26 0 0 0 0 2 1 18 9 0 0 0 0 2 24 18 0 0 0 0 0 11 80 143 83 0 0 0 0 0 11 143 143 0 0 0 0 0 0 143 138 0 0 0 0 3 6 1 0 0 0 0 0 6 11 14 7 0 0 0 0 6 5 59 47 0 0 0 0 0 1 114 98 0;
<CIRCLE 307 114 1.06066 0 0.000107757>; 3 2 26 5 0 0 5 8 19 2 8 1 1 3 11 48 3 0 0 1 37 22 9 15 16 0 0 1 9 4 25 82 1 0 1 0 0 0 130 94 7 0 0 0 7 41 130 126 18 0 0 0 81 130 45 11 130 2 0 0 10 7 4 92 0 0 0 0 0 0 130 73 0 0 0 1 55 48 130 43 11 0 0 0 130 130 35 9 130 4 0 0 15 30 25 62 0 0 1 5 0 0 7 1 0 0 0 4 23 13 2 0 0 0 0 0 35 100 71 5 25 0 0 0 1 19 87 66;
<CIRCLE 84 41 4.24264 0 0.000105291>; 0 0 0 5 4 0 0 0 0 0 11 15 4 0 0 0 0 0 38 9 3 0 0 0 0 2 22 5 1 0 0 0 0 0 0 18 16 0 0 0 0 0 88 161 79 0 0 0 0 15 161 69 8 0 0 0 5 105 161 1 0 0 0 0 0 0 0 23 54 0 0 0 0 0 13 157 161 0 0 0 0 10 126 61 70 0 0 0 45 110 90 1 0 0 0 1 0 0 21 47 60 0 0 0 0 0 7 107 161 0 0 0 5 3 4 16 49 0 0 1 35 12 0 0 1 1 10 29;
<CIRCLE 226 74 14.2705 0 0.000104703>; 1 1 0 0 0 0 0 1 0 0 4 8 2 0 0 0 0 0 8 12 9 0 0 0 0 0 0 12 8 0 0 0 1 52 111 21 0 0 0 1 0 13 117 117 2 0 0 0 0 108 117 25 1 0 0 0 0 26 78 12 8 0 0 0 2 50 97 26 6 30 99 4 2 19 92 117 40 83 61 3 22 117 95 11 1 11 51 54 7 56 111 1 0 1 39 35 0 0 0 0 1 42 106 0 0 0 0 0 5 117 117 4 3 1 0 0 1 45 117 117 2 0 0 0 4 21 67 44;
<CIRCLE 324 106 1.78381 0 0.000104539>; 0 1 12 52 15 3 0 0 1 0 2 33 31 10 23 19 3 0 0 0 4 12 74 54 6 3 1 0 0 0 87 130 4 0 27 46 0 0 8 63 17 0 3 7 16 16 50 130 74 9 0 3 74 50 71 81 126 7 0 0 1 0 30 106 5 0 2 2 0 0 90 130 1 0 0 0 65 24 43 130 86 6 0 2 130 68 9 29 130 10 1 1 1 1 1 15 51 2 3 1 0 0 18 70 0 0 5 7 50 4 4 10 43 9 0 9 130 25 1 5 111 22 0 2 3 1 0 4;
<CIRCLE 325 102 0.891905 0 0.00010327>; 0 0 0 39 14 2 0 0 0 0 0 2 9 22 24 2 0 0 0 0 0 6 40 13 0 0 0 0 0 0 42 43 9 0 1 11 1 0 3 44 4 0 0 0 0 22 118 102 6 0 0 0 5 81 95 25 54 0 0 0 0 4 24 139 39 1 0 0 0 0 0 139 22 0 0 0 34 38 61 139 13 7 0 15 139 100 29 15 139 37 0 3 11 5 1 45 9 0 0 0 0 0 7 139 3 0 0 3 115 12 14 100 8 9 0 34 139 7 1 2 139 39 0 6 16 0 0 4;
<CIRCLE 329 94 5.04538 0 0.000102532>; 0 9 67 4 7 11 0 0 16 19 31 40 41 2 0 0 31 20 3 3 1 9 3 3 0 0 0 0 0 12 2 0 0 33 134 27 5 1 0 0 19 108 134 111 21 1 5 10 92 134 43 4 0 8 4 31 11 8 0 0 3 25 4 1 0 0 78 58 5 0 42 51 22 21 32 53 19 12 133 134 127 64 9 4 1 2 27 134 15 3 2 16 7 3 0 9 3 6 9 3 0 9 134 109 24 0 0 0 32 31 68 129 68 13 6 6 6 8 7 27 0 0 12 17 0 0 0 0;
<CIRCLE 287 87 1.78381 0 9.91907e-05>; 0 65 128 1 0 0 0 0 0 69 128 0 0 0 0 0 0 45 128 1 0 0 0 0 0 34 126 0 0 0 1 0 9 21 80 1 11 32 33 20 22 45 128 0 2 13 77 102 3 43 128 3 20 78 56 21 13 59 128 0 4 11 21 52 53 6 0 3 77 15 6 14 100 71 56 6 9 10 30 65 26 22 35 12 61 91 60 33 32 12 25 12 25 25 39 69 33 2 0 6 69 1 0 6 50 22 25 1 3 0 20 31 73 30 21 14 15 6 16 24 15 10 17 28 53 13 8 5;
<CIRCLE 300 141 5.04538 0 9.68495e-05>; 0 7 14 0 2 10 140 39 7 16 22 10 12 20 140 91 7 26 12 2 1 16 140 123 17 1 0 0 34 28 38 79 0 0 0 6 39 14 53 4 15 63 56 103 140 54 29 13 124 140 54 20 13 11 18 36 13 5 1 3 11 18 6 3 0 0 0 16 27 6 0 0 8 5 2 16 112 140 87 27 99 22 7 5 8 29 86 122 10 2 14 10 1 0 0 2 0 0 0 7 13 0 0 0 0 0 0 5 14 7 6 0 0 0 1 3 5 8 8 2 0 0 3 4 2 4 0 0;
<CIRCLE 83 40 3.56762 0 9.6192e-05>; 0 0 0 4 4 0 0 0 0 0 9 13 3 0 0 0 0 0 33 9 1 0 0 0 0 0 23 6 2 0 0 0 0 0 0 16 14 0 0 0 0 0 84 170 78 0 0 0 0 13 170 76 10 0 0 0 0 45 170 1 0 0 0 0 0 0 0 18 46 0 0 0 0 0 13 146 170 0 0 0 0 12 129 66 86 0 0 0 3 38 138 3 0 0 0 0 0 0 0 21 64 0 0 0 0 0 0 97 170 0 0 0 1 2 1 19 60 0 0 0 4 2 1 1 0 0 3 6;
<CIRCLE 134 109 0.891905 0 9.38848e-05>; 0 0 0 0 0 50 141 0 0 0 2 0 0 73 88 0 0 1 5 0 0 19 58 7 0 1 6 0 0 3 76 4 0 0 0 0 3 116 141 0 0 0 0 0 25 141 114 7 0 0 0 0 2 60 141 137 0 0 0 0 0 22 141 48 0 0 0 0 13 45 24 0 0 0 0 0 35 141 68 11 0 0 0 0 1 30 120 141 0 0 0 0 0 9 112 57 0 0 0 1 5 4 0 0 0 0 0 0 4 20 27 4 0 0 0 0 0 2 33 25 0 0 0 0 0 0 4 7;
<CIRCLE 186 84 10.0908 0 8.82783e-05>; 7 19 11 0 0 1 0 0 3 3 6 2 0 0 0 4 0 0 23 28 4 2 0 0 0 5 53 20 0 0 0 0 4 106 126 0 0 0 1 0 1 74 126 35 2 0 0 1 0 5 126 126 23 0 0 0 5 89 126 46 1 0 0 0 2 31 46 0 0 33 126 2 9 70 55 26 14 32 101 7 0 7 18 109 80 63 43 0 12 42 12 8 5 13 31 11 0 0 0 0 0 28 96 1 0 0 0 0 1 53 126 2 0 0 0 0 8 126 126 0 5 0 0 0 8 85 92 47;
<CIRCLE 239 122 1.5 0 8.82743e-05>; 1 2 4 0 0 2 2 1 3 1 0 0 0 0 24 30 0 0 0 0 0 4 92 15 0 0 0 0 0 7 73 3 20 1 0 0 3 31 15 14 137 18 1 0 0 2 90 145 17 9 10 8 3 37 145 85 0 0 4 17 17 53 145 9 29 2 1 15 29 17 9 10 145 145 17 1 3 1 6 52 32 106 144 41 3 15 34 18 0 1 65 98 21 12 20 2 17 0 4 18 8 27 84 32 71 18 2 1 3 19 22 120 6 30 65 16 12 22 6 6 34 7 49 21 0 0 0 17;
<CIRCLE 294 117 1.06066 0 8.81937e-05>; 0 0 18 7 0 1 26 2 0 1 15 2 0 0 36 24 0 0 7 3 0 0 104 30 0 0 3 0 0 0 121 29 0 0 0 0 2 81 134 12 35 2 0 0 1 32 121 134 19 1 0 0 0 0 134 134 0 0 0 0 0 0 134 65 0 0 0 1 55 134 66 4 114 45 0 0 45 89 15 47 108 64 1 0 0 0 35 37 1 3 3 1 0 0 33 5 0 2 3 3 50 28 0 0 38 28 0 0 78 83 1 0 105 90 0 0 2 4 0 0 11 10 2 1 0 0 0 0;
<CIRCLE 304 142 5.04538 0 8.69998e-05>; 0 2 11 2 7 18 130 32 11 35 26 12 12 18 130 101 5 22 7 0 10 18 130 130 31 2 0 0 34 33 22 43 0 0 0 21 93 24 31 1 49 130 83 106 130 59 30 28 126 130 26 3 4 7 11 32 3 0 1 4 9 20 7 3 0 0 0 15 48 28 1 0 27 7 2 11 76 130 130 64 80 13 11 5 1 4 42 87 0 0 13 15 1 0 0 0 0 0 0 6 14 1 0 0 0 0 0 4 11 7 7 0 0 0 2 2 4 9 3 1 0 0 2 6 3 3 0 0;
<CIRCLE 304 142 2.12132 0 8.69998e-05>; 1 24 24 85 117 6 0 0 6 134 96 22 10 0 0 0 25 132 20 0 0 0 0 0 3 2 0 0 0 1 4 0 1 2 4 91 134 40 3 2 50 99 24 16 17 10 15 27 134 134 3 0 0 0 0 48 30 5 0 3 1 1 1 2 0 0 0 1 69 134 59 0 19 1 2 1 3 59 134 134 117 2 2 0 0 0 21 134 13 1 11 5 0 0 0 4 0 0 0 2 2 36 26 0 0 0 0 1 0 15 89 28 1 0 2 5 0 0 11 25 0 0 8 3 0 0 0 0;
<CIRCLE 76 70 1.78381 0 8.65686e-05>; 0 0 1 5 8 0 0 0 0 0 0 17 160 5 0 0 0 0 0 21 160 8 0 0 0 0 0 2 11 0 0 0 0 0 136 13 2 0 0 0 0 0 101 65 160 16 0 0 0 0 11 60 160 34 0 0 0 0 10 4 13 4 1 0 0 0 160 26 9 5 0 0 0 0 160 99 14 0 0 0 0 0 123 142 44 0 0 0 0 1 75 11 2 0 0 0 0 0 32 7 55 82 0 0 0 0 47 6 1 4 1 0 0 0 22 7 1 2 1 0 0 1 12 1 0 0 0 0;
<CIRCLE 264 78 1.06066 0 8.56883e-05>; 134 0 0 0 0 0 1 53 6 0 12 14 5 8 3 5 0 0 36 16 2 4 0 0 0 13 39 8 0 0 0 0 134 3 1 13 16 0 0 35 3 0 81 134 84 0 0 0 0 3 134 88 9 0 0 0 3 106 134 23 0 0 0 0 110 40 53 28 22 0 0 7 0 0 35 126 134 11 0 0 2 9 115 51 83 26 13 23 26 70 64 7 0 0 1 39 12 31 93 20 3 2 2 0 0 0 47 98 59 14 0 0 0 0 12 53 38 19 10 9 3 2 70 62 2 0 1 11;
<CIRCLE 107 74 1.78381 0 8.46733e-05>; 24 3 1 6 5 0 0 1 161 4 0 1 19 16 25 100 38 1 0 4 161 94 35 37 40 84 3 3 54 5 0 0 42 9 1 2 12 2 0 2 161 77 27 21 35 1 0 22 56 23 30 127 161 3 0 5 1 17 6 15 73 0 0 0 29 53 1 1 2 0 1 6 88 110 88 22 2 1 7 8 4 22 94 143 60 6 13 0 1 0 0 11 18 8 17 2 22 84 0 0 0 0 0 1 11 69 9 0 0 1 11 3 0 7 22 3 0 8 29 1 0 0 14 2 0 10 27 0;
<CIRCLE 238 122 1.26134 0 8.42525e-05>; 1 4 5 0 0 2 2 0 6 2 0 0 0 0 12 30 0 0 0 0 0 4 96 31 0 0 0 0 0 7 95 4 12 1 0 0 6 36 14 5 143 15 0 0 1 3 39 143 44 15 9 5 6 21 143 143 0 0 7 9 9 30 143 13 16 0 0 12 41 20 5 9 143 118 4 1 6 3 1 29 75 143 128 22 6 5 24 24 0 6 89 69 10 6 17 0 11 0 7 30 14 4 26 18 83 14 0 1 2 3 9 106 18 60 41 6 5 8 6 18 1 9 78 27 0 0 0 0;
<CIRCLE 82 39 2.52269 0 8.18062e-05>; 0 0 0 3 2 0 0 0 0 0 10 11 2 0 0 0 0 0 34 9 1 0 0 0 0 0 28 3 0 0 0 0 0 0 1 14 13 0 0 0 0 0 88 174 84 0 0 0 0 11 177 80 12 0 0 0 0 22 177 0 0 0 0 0 0 0 0 12 47 0 0 0 0 0 11 129 177 0 0 0 0 9 117 66 96 0 0 0 0 17 132 3 0 0 0 0 0 0 0 17 51 0 0 0 0 0 0 83 177 0 0 0 0 4 3 19 75 0 0 0 0 4 6 2 0 0 0 0;
<CIRCLE 238 69 4.24264 0 8.05825e-05>; 0 0 24 23 3 0 0 0 0 0 55 22 0 0 0 0 0 7 53 6 0 0 0 0 0 8 11 4 1 2 1 0 0 0 155 78 0 0 0 0 3 58 155 28 0 0 0 0 35 133 155 4 4 1 0 0 23 89 48 4 5 1 1 0 0 2 153 29 0 0 0 0 18 88 143 7 0 0 0 0 109 155 40 8 5 0 0 0 48 96 52 25 9 0 0 0 0 0 2 2 2 1 0 0 5 10 3 1 0 0 0 0 91 125 3 0 0 0 0 0 57 75 16 17 20 1 0 0;
<CIRCLE 239 68 4.24264 0 7.99783e-05>; 0 0 17 22 3 0 0 0 0 0 43 20 0 0 0 0 0 6 41 6 0 0 0 0 0 5 7 5 1 2 1 0 0 0 152 72 0 0 0 0 4 60 152 26 0 0 0 0 27 113 152 4 4 1 0 0 21 86 43 2 4 1 1 0 0 1 152 30 0 0 0 0 25 118 152 6 0 0 0 0 105 152 43 10 7 1 0 0 49 91 56 25 8 0 0 0 0 0 3 3 2 1 0 0 9 18 3 1 0 0 0 0 100 146 5 0 0 0 0 0 48 63 21 23 23 1 0 0;
<CIRCLE 243 138 1.26134 0 7.99662e-05>; 59 17 4 2 19 46 14 33 0 0 2 4 52 74 10 1 31 1 1 0 3 5 31 32 129 4 0 0 0 0 9 63 25 128 110 11 13 6 0 1 49 87 41 9 32 37 66 40 20 6 0 0 0 3 132 132 20 0 0 0 0 0 102 124 4 37 28 2 0 0 1 1 132 132 7 0 0 0 4 13 132 102 0 0 0 0 36 40 2 0 0 1 0 5 25 7 1 1 1 3 1 0 0 2 132 37 0 0 0 0 0 39 132 34 0 1 0 0 0 36 7 0 0 5 2 1 0 0;
<CIRCLE 193 108 7.13524 0 7.63289e-05>; 4 67 127 0 0 0 0 0 3 48 120 79 14 0 0 0 0 0 68 127 50 0 0 0 2 27 122 31 2 0 0 0 17 57 23 0 0 17 69 4 19 53 23 68 51 15 24 3 0 0 2 87 101 26 11 0 2 5 1 2 6 6 7 1 1 2 0 0 0 61 127 3 3 3 1 8 13 114 127 3 0 0 0 5 15 127 127 0 0 0 0 0 3 83 121 16 0 0 0 0 0 5 17 2 0 0 0 0 0 21 39 0 0 0 0 0 4 72 85 0 4 0 0 0 56 107 61 10;
<CIRCLE 66 91 1.26134 0 7.50087e-05>; 0 0 0 4 8 3 0 0 0 0 0 23 75 47 0 0 0 0 0 26 134 134 0 0 0 0 0 1 47 32 0 0 0 0 0 2 20 4 0 0 0 0 0 134 134 21 0 0 0 0 1 134 134 45 6 0 0 0 0 8 47 41 7 0 0 0 0 0 16 8 1 0 0 0 0 12 106 134 24 0 0 0 0 20 44 134 134 0 0 0 0 0 3 134 134 0 0 0 0 1 2 3 0 0 0 0 0 2 5 23 9 0 0 0 0 2 1 57 66 0 0 0 0 0 1 109 96 0;
<CIRCLE 306 89 1.5 0 7.35759e-05>; 0 47 127 1 0 3 4 1 0 54 127 1 0 0 0 0 0 50 127 0 0 1 0 0 0 28 127 0 0 1 1 0 4 11 55 7 68 60 34 14 24 30 123 4 11 19 81 68 2 45 127 4 29 96 60 11 7 63 127 1 4 12 19 50 34 17 24 14 61 39 46 25 51 28 65 29 38 26 49 60 35 25 53 17 57 88 63 24 28 10 24 14 25 32 62 75 51 29 21 17 15 4 8 12 10 10 20 38 66 23 20 10 82 37 25 13 6 7 19 25 4 8 22 41 66 14 11 3;
<CIRCLE 107 65 1.78381 0 7.28684e-05>; 1 0 0 0 1 0 0 1 1 0 0 0 0 1 13 5 32 24 0 0 0 3 11 2 145 145 0 0 0 0 0 0 11 3 1 3 2 0 0 3 76 4 0 0 1 13 70 95 12 5 0 0 56 109 96 29 128 132 0 1 15 9 1 0 30 2 1 5 7 1 0 1 145 5 0 2 28 12 12 82 50 1 0 12 145 65 17 30 23 69 4 5 65 3 0 0 26 11 1 1 6 1 0 1 145 74 33 19 17 0 0 8 27 20 36 112 145 0 0 1 0 5 2 11 40 0 0 0;
<CIRCLE 187 80 10.0908 0 6.99261e-05>; 5 11 5 0 0 1 0 0 3 1 2 1 0 0 0 4 0 0 14 17 4 2 0 0 0 2 33 17 1 0 0 0 4 99 124 0 0 0 0 0 0 58 124 35 1 0 0 2 0 3 124 124 15 0 0 0 3 85 124 42 0 0 0 0 2 46 71 0 0 25 124 2 8 84 82 36 15 21 67 6 0 7 31 124 81 41 24 0 14 60 25 11 4 7 18 7 0 0 0 0 0 33 123 1 1 1 0 1 3 61 124 3 0 0 0 2 13 124 124 0 5 1 0 0 6 71 92 48;
<CIRCLE 163 93 2.12132 0 6.83828e-05>; 1 7 67 3 0 0 0 1 7 6 93 9 0 0 15 72 1 1 92 6 0 37 114 64 27 24 54 3 6 73 27 1 18 6 4 3 0 0 0 4 123 49 2 1 0 2 22 123 32 20 8 19 21 48 118 108 38 1 1 49 123 114 22 9 8 8 3 1 1 1 0 0 87 123 41 0 1 2 3 5 17 123 123 118 12 3 23 12 55 3 39 123 54 2 3 7 0 9 39 0 0 4 12 0 1 27 48 0 0 3 3 0 3 33 73 11 0 0 4 2 44 16 16 11 0 0 6 12;
<CIRCLE 313 112 1.06066 0 6.61365e-05>; 0 0 10 10 12 9 3 5 0 0 10 15 8 3 13 17 0 0 5 3 0 0 60 93 0 0 0 0 0 0 60 134 5 0 0 0 39 34 16 14 77 0 0 0 13 6 28 134 26 0 0 0 0 0 134 134 0 0 0 0 0 0 77 134 11 0 0 0 95 129 35 5 134 4 0 0 20 18 1 58 134 11 0 2 1 0 13 65 0 2 5 5 1 0 5 6 2 0 0 0 98 108 29 5 134 2 0 0 11 37 59 87 104 12 1 2 0 0 1 21 0 2 5 4 0 0 0 0;
<CIRCLE 167 95 2.12132 0 6.52181e-05>; 18 1 26 5 0 0 2 44 12 0 24 2 0 10 90 120 7 5 18 1 22 120 78 13 120 24 4 0 11 24 1 4 109 52 1 1 0 0 1 34 86 98 41 13 1 8 64 82 8 4 28 120 120 65 36 20 120 3 1 27 51 14 0 8 14 57 12 0 1 3 0 0 15 120 120 26 0 0 3 2 16 9 112 120 16 1 6 6 120 3 1 20 4 0 0 15 0 9 38 0 0 12 27 0 2 26 42 0 0 2 18 2 10 27 30 1 0 1 12 6 95 59 8 0 0 0 1 10;
<CIRCLE 235 71 6 0 6.48164e-05>; 0 0 9 11 7 3 0 0 0 0 35 26 2 0 0 0 0 4 39 13 0 0 0 0 0 3 7 9 1 1 0 0 0 0 149 149 6 0 0 0 1 36 149 63 0 0 0 0 16 149 149 4 0 0 0 0 12 87 45 0 0 2 2 0 0 0 75 149 55 0 0 0 6 43 135 19 1 0 0 0 82 149 40 0 0 0 0 0 21 107 108 33 12 0 0 0 0 0 0 24 38 5 3 0 2 2 0 1 5 2 2 0 50 90 6 0 0 0 5 2 18 81 44 16 14 1 3 3;
<CIRCLE 219 128 1.78381 0 6.29755e-05>; 0 0 0 0 0 20 79 0 0 0 0 0 4 56 62 0 0 0 0 0 29 53 11 5 1 0 0 0 2 4 21 16 0 0 0 0 0 22 151 14 0 0 0 0 1 59 152 60 2 0 0 0 13 152 101 14 8 7 2 2 2 59 27 10 0 0 0 0 0 7 152 27 0 0 0 0 0 18 152 72 0 0 0 0 2 152 114 12 0 2 1 1 2 152 152 0 0 0 0 0 1 4 21 0 0 0 0 0 1 3 14 2 0 0 0 1 5 30 17 1 0 0 0 72 30 42 65 0;
<CIRCLE 316 90 1.5 0 6.268e-05>; 0 47 123 0 0 1 1 0 0 55 123 0 0 1 1 0 0 51 123 0 2 2 2 0 1 17 38 12 123 9 0 0 4 25 104 5 33 85 32 23 17 63 123 3 5 24 58 94 0 86 123 16 53 57 23 4 0 95 123 45 43 3 0 0 38 17 18 10 36 52 68 33 26 20 74 42 53 27 45 52 3 18 48 33 122 73 7 2 0 14 47 10 53 35 0 0 37 24 28 24 15 3 5 11 2 4 21 48 67 17 7 2 5 12 9 55 28 8 5 2 0 0 0 18 47 19 8 1;
<CIRCLE 305 89 1.26134 0 6.07094e-05>; 0 45 126 1 1 8 10 0 0 59 126 0 2 2 1 0 0 64 126 0 0 0 2 0 0 39 126 0 0 0 0 0 3 4 18 12 78 63 32 4 40 14 56 4 15 12 81 63 5 27 97 2 23 96 126 21 3 34 126 2 19 44 11 23 22 13 19 17 70 40 55 21 75 24 44 19 26 24 56 69 28 34 100 34 58 58 39 16 23 2 2 4 41 59 79 47 68 29 13 15 10 6 14 17 1 5 20 55 90 25 17 4 85 39 34 11 9 8 18 29 34 18 15 23 33 15 30 13;
<CIRCLE 288 87 1.78381 0 6.04064e-05>; 0 70 129 0 0 0 0 0 0 63 129 0 0 0 0 0 0 47 129 1 0 0 0 0 0 32 121 0 0 0 1 0 13 27 87 0 9 27 29 33 17 45 129 1 5 26 93 95 5 50 129 3 19 72 39 24 11 59 129 0 5 12 26 49 68 14 2 2 62 12 6 22 82 73 70 9 18 23 38 61 28 13 22 11 58 93 67 46 30 14 33 14 31 24 35 60 38 5 1 5 54 1 2 9 56 27 29 1 1 1 22 35 61 26 19 22 30 10 16 19 23 13 19 24 44 12 7 6;
<CIRCLE 166 95 2.12132 0 6.00544e-05>; 15 2 28 4 0 0 0 28 16 0 26 2 0 4 72 117 4 2 20 1 17 117 102 24 107 23 6 0 16 44 3 4 87 37 1 2 0 0 0 23 117 117 33 5 0 5 52 92 6 10 38 117 106 58 52 28 117 4 1 47 79 25 1 6 11 37 10 0 1 3 0 0 20 117 117 11 0 1 2 2 6 21 117 117 13 1 6 5 117 3 4 40 7 0 1 16 0 9 39 0 0 14 33 0 2 26 44 0 0 3 20 2 5 26 36 2 0 1 14 4 85 53 7 0 0 0 2 11;
<CIRCLE 164 91 0.891905 0 5.9837e-05>; 18 0 0 10 2 0 1 92 4 0 2 10 3 0 32 124 5 14 40 23 1 0 62 70 3 45 15 0 0 55 72 4 124 2 0 0 1 0 1 116 31 0 2 32 81 24 9 98 4 22 49 62 45 21 36 11 35 105 21 0 0 2 23 36 124 67 0 0 0 0 0 14 67 49 0 1 33 73 33 10 0 1 0 2 14 52 124 42 8 4 0 5 4 2 111 90 53 124 2 0 2 2 0 0 21 124 45 0 0 3 7 0 0 66 90 3 0 2 30 11 0 2 77 89 3 0 12 10;
<CIRCLE 248 78 1.5 0 5.97269e-05>; 125 106 14 0 0 0 0 0 129 100 0 0 5 5 3 4 4 3 0 26 129 36 5 0 36 1 1 37 118 8 0 7 78 83 1 0 0 0 0 0 129 129 23 12 3 0 0 0 9 40 36 129 101 0 0 0 73 0 1 54 97 2 0 16 17 23 0 0 0 0 0 1 77 129 32 4 0 0 0 0 31 74 58 81 14 8 6 3 77 8 2 33 19 12 16 20 6 1 0 0 0 0 0 0 77 47 0 0 0 0 0 0 113 50 0 0 0 5 12 9 9 4 0 0 0 8 38 11;
<CIRCLE 191 110 6 0 5.96878e-05>; 21 51 118 1 0 2 2 5 30 61 85 53 23 1 0 0 0 1 18 129 112 0 0 0 0 0 31 26 10 0 0 0 25 44 30 2 0 25 88 7 49 43 20 70 49 19 34 5 0 0 1 89 114 32 19 0 0 0 0 2 7 10 8 0 2 1 0 0 0 70 129 3 3 3 2 9 9 108 129 4 0 0 0 6 12 129 129 0 0 0 0 0 0 105 129 2 0 0 0 0 0 4 17 1 0 0 0 0 0 17 39 0 0 0 0 0 0 77 81 0 0 0 0 1 41 87 110 0;
<CIRCLE 206 71 3.56762 0 5.80218e-05>; 0 0 0 4 2 1 0 0 0 0 11 17 9 1 0 0 0 0 49 32 5 0 0 0 0 0 67 32 2 0 0 0 0 0 32 55 2 0 0 0 0 0 103 160 24 0 0 0 0 1 160 160 3 0 0 0 0 1 160 57 0 0 0 0 0 4 89 118 19 0 0 0 0 0 20 160 154 0 0 0 0 6 79 80 25 0 0 0 0 4 62 16 0 0 0 0 5 3 14 69 66 0 0 0 0 0 0 114 131 0 0 0 0 0 1 8 8 0 1 0 0 0 2 2 1 1 0 0;
<CIRCLE 296 88 1.78381 0 5.76297e-05>; 0 52 130 1 0 1 2 1 0 72 130 0 0 0 0 0 0 47 130 0 0 0 1 0 0 23 125 1 1 2 0 0 5 23 88 4 27 89 87 35 26 55 130 1 13 38 35 99 7 47 130 7 37 49 36 34 3 47 130 3 8 13 23 31 42 44 59 13 38 49 37 22 41 15 31 21 51 45 65 75 35 22 40 20 68 55 39 30 26 14 30 14 28 29 41 56 60 22 16 6 2 1 14 31 18 12 19 47 71 15 7 6 54 34 25 17 22 8 8 12 13 12 19 24 42 13 10 7;
<CIRCLE 285 86 2.12132 0 5.74163e-05>; 0 57 143 3 0 0 0 0 0 60 143 0 0 1 0 0 0 29 143 2 1 2 0 0 0 17 75 0 1 2 1 0 2 25 143 14 1 14 24 16 14 98 143 0 1 12 22 54 6 79 143 3 4 39 39 30 7 86 143 1 2 11 8 22 42 0 1 2 32 21 18 27 89 48 11 2 27 18 20 74 39 49 33 6 29 86 61 46 17 12 20 8 20 39 40 67 38 0 0 3 41 6 3 16 43 24 5 2 31 4 3 38 63 39 19 9 6 3 8 37 15 11 13 29 39 7 6 3;
<CIRCLE 242 69 1.26134 0 5.58358e-05>; 2 11 89 24 0 0 0 1 6 22 66 10 0 0 23 23 1 7 38 17 2 35 73 9 0 39 55 2 0 46 44 0 1 72 135 7 0 0 0 0 17 135 135 0 0 0 8 13 120 124 28 0 0 22 60 20 14 0 1 0 1 109 106 8 1 19 32 0 0 0 0 0 75 98 55 0 0 0 0 0 135 135 5 0 0 0 1 5 45 16 0 1 15 15 7 5 1 2 4 0 0 0 0 0 30 24 4 0 0 0 0 0 135 135 0 0 0 0 0 0 63 84 7 17 13 1 0 0;
<CIRCLE 243 68 3 0 5.58179e-05>; 0 0 46 15 0 0 0 0 0 2 78 11 0 0 0 0 0 23 58 1 0 1 1 0 0 12 13 0 0 3 5 0 0 15 137 25 0 0 0 0 23 109 137 15 0 0 2 3 32 70 110 4 12 39 29 11 26 107 70 2 13 13 2 1 0 18 117 6 0 0 0 0 108 137 71 0 0 0 0 1 137 137 27 39 64 34 16 9 121 29 15 37 70 14 0 14 0 2 4 1 0 0 0 0 34 60 3 0 0 0 0 0 88 137 32 22 4 0 0 4 69 25 17 37 11 0 1 13;
<CIRCLE 329 88 1.06066 0 5.53519e-05>; 9 2 1 2 131 18 0 0 131 29 0 1 44 3 0 0 96 7 0 0 0 2 1 1 0 0 0 0 0 1 2 1 7 27 53 58 131 12 0 0 131 87 3 15 57 5 0 0 111 76 19 0 0 1 0 1 0 8 9 0 0 1 3 1 0 37 119 54 11 0 0 0 40 131 51 27 7 0 0 0 16 131 131 0 0 0 0 0 0 131 122 0 0 0 0 0 0 3 16 3 4 2 0 0 0 20 21 5 0 0 0 0 0 74 70 0 0 0 0 0 0 122 91 0 0 0 0 0;
<CIRCLE 207 72 4.24264 0 5.50438e-05>; 0 0 0 3 2 1 1 2 0 0 13 22 9 1 0 0 0 0 58 36 6 0 0 0 0 0 76 28 0 0 0 0 0 1 47 60 2 0 0 0 0 0 111 162 23 0 0 0 0 0 162 162 2 0 0 0 0 8 162 43 0 0 0 0 5 23 94 112 24 0 0 0 0 0 21 162 143 0 0 0 0 3 82 71 19 0 0 0 0 6 65 11 0 0 0 0 24 9 6 67 71 0 0 0 0 0 0 100 126 0 0 0 0 0 0 5 8 1 1 1 0 0 1 1 3 0 0 0;
<CIRCLE 330 102 1.06066 0 5.28589e-05>; 0 0 0 0 3 10 22 5 0 0 0 0 0 0 42 31 0 0 0 0 0 0 91 72 2 0 0 0 0 0 80 130 2 0 0 0 4 51 95 30 52 0 0 0 2 17 40 130 21 0 0 0 0 0 130 130 0 0 0 0 0 0 101 130 6 3 0 12 120 66 39 49 130 48 0 10 44 18 3 46 130 13 0 0 0 0 14 60 2 1 1 0 0 0 8 10 3 1 0 13 130 14 3 8 130 27 0 9 59 6 0 17 130 7 0 1 0 0 0 5 2 0 2 2 0 0 0 0;
<CIRCLE 106 42 4.24264 0 5.23571e-05>; 0 0 39 9 2 0 0 0 0 3 45 7 2 0 0 0 0 6 13 3 0 0 0 0 0 0 1 3 1 0 0 0 0 7 149 90 20 0 0 0 3 105 149 1 0 0 0 0 51 149 72 0 0 0 0 0 11 9 0 0 1 5 1 0 0 4 60 66 106 0 0 0 27 80 105 2 0 0 0 2 149 149 13 0 0 0 0 1 59 48 0 0 3 4 0 0 1 2 4 24 71 0 0 0 32 7 1 0 1 1 10 31 136 138 5 4 6 4 14 20 48 147 57 0 0 0 0 0;
<CIRCLE 106 74 1.5 0 5.13481e-05>; 7 1 2 4 9 0 0 0 150 2 1 2 7 1 3 50 106 0 0 4 150 41 14 41 2 6 0 5 143 8 0 0 13 2 0 2 15 2 1 2 150 54 15 3 10 0 0 17 118 36 43 108 150 0 0 6 0 0 1 34 150 0 0 0 13 28 1 1 3 1 3 6 89 90 59 4 1 2 8 10 13 44 149 132 38 1 7 0 0 0 3 36 34 6 8 0 21 64 0 0 0 0 1 2 8 36 6 0 0 4 15 3 0 3 12 3 0 4 34 2 0 0 2 1 0 13 24 0;
<CIRCLE 237 135 1.26134 0 5.09419e-05>; 1 0 6 8 3 30 116 10 61 0 0 1 2 19 22 85 13 5 4 4 13 42 16 35 1 4 26 11 5 7 0 0 1 0 1 38 97 101 122 6 122 43 9 15 76 57 13 41 42 29 22 10 61 104 17 20 1 0 1 1 34 42 34 10 0 0 28 122 50 3 1 0 18 81 73 88 37 1 0 0 27 122 122 12 18 10 3 3 62 66 5 1 8 14 92 70 0 0 4 112 36 1 0 0 0 1 9 12 1 1 1 2 26 63 11 2 0 0 0 0 122 122 0 0 0 0 2 8;
<CIRCLE 241 68 1.78381 0 5.06536e-05>; 0 1 96 23 0 0 0 0 0 3 117 28 0 0 0 0 0 16 117 16 2 3 5 0 0 62 80 1 0 2 2 0 0 35 130 9 0 0 0 0 10 125 130 8 0 0 1 2 55 83 28 5 2 25 61 19 5 24 42 2 4 103 68 5 0 22 77 0 0 0 0 0 32 127 80 0 0 0 0 0 130 130 10 0 0 3 8 8 45 22 0 11 65 63 23 5 0 3 2 0 0 0 0 0 17 22 4 0 0 0 0 0 130 130 3 0 0 0 0 0 37 95 33 62 39 0 0 0;
<CIRCLE 241 68 4.24264 0 5.06536e-05>; 0 0 20 23 2 0 0 0 0 0 47 17 0 0 0 0 0 7 37 6 0 0 0 0 0 4 5 5 1 2 2 0 0 1 149 64 0 0 0 0 8 82 149 18 0 0 0 0 25 108 137 4 5 1 0 1 25 85 32 2 3 2 2 0 0 2 149 26 0 0 0 0 45 149 139 3 0 0 0 0 96 149 44 15 10 1 0 0 50 86 71 27 7 0 0 0 0 0 3 3 2 0 0 0 17 32 2 0 0 0 0 0 113 149 8 0 0 0 0 0 33 45 28 32 33 3 0 0;
<CIRCLE 265 78 1.78381 0 5.03994e-05>; 129 18 8 13 33 2 0 33 89 18 5 3 0 1 0 31 0 23 24 3 0 0 0 0 0 10 10 1 0 0 0 0 129 6 1 17 32 0 0 52 72 4 73 129 31 0 0 19 0 77 129 50 3 0 0 0 0 97 112 1 0 0 0 0 129 46 26 21 7 2 9 20 19 18 55 129 129 2 0 0 5 75 127 70 41 2 0 0 0 61 129 44 0 0 4 2 8 8 7 5 5 4 18 7 0 2 9 40 103 16 3 0 0 0 19 50 55 21 38 4 23 0 26 15 3 10 30 29;
<CIRCLE 209 75 7.13524 0 4.90886e-05>; 1 0 0 0 0 0 1 5 0 0 9 16 6 6 0 0 0 0 48 30 3 1 0 0 0 5 44 14 0 0 0 0 0 26 113 26 0 0 0 2 0 1 120 144 15 0 0 0 0 15 144 137 2 0 0 0 6 144 144 6 0 0 0 0 14 85 108 43 12 0 0 0 1 7 38 144 123 0 0 0 1 12 75 58 20 1 0 0 44 144 26 0 0 0 0 0 13 25 6 19 16 30 80 6 0 1 1 48 74 81 54 0 0 0 0 2 8 35 43 3 11 27 1 0 0 1 34 23;
<CIRCLE 314 90 1.26134 0 4.66941e-05>; 0 51 122 0 1 5 7 0 0 63 122 0 0 0 0 0 0 63 122 0 0 1 2 0 0 50 113 0 3 1 0 0 0 10 46 6 51 113 50 6 27 34 84 1 8 18 45 106 7 44 102 6 23 66 111 37 0 82 122 10 42 33 4 0 37 19 35 13 43 40 56 19 43 16 28 16 44 37 88 64 18 33 114 49 53 37 20 15 2 7 8 12 98 75 0 0 70 32 17 7 2 3 11 20 3 8 23 53 90 22 9 3 13 17 26 18 27 15 15 8 6 8 3 31 40 16 0 1;
<CIRCLE 77 71 0.891905 0 4.59154e-05>; 0 0 4 6 37 5 0 0 0 0 0 3 144 56 0 0 0 0 0 1 144 52 0 0 0 0 0 0 21 6 2 0 0 0 144 32 8 0 0 0 0 0 79 141 144 6 0 0 0 0 9 89 144 5 0 0 0 0 11 9 25 3 0 0 0 0 144 25 0 0 0 0 0 0 144 144 8 0 0 0 0 0 102 131 22 0 0 0 0 0 78 16 2 0 0 0 0 2 78 9 0 0 0 0 0 0 73 17 0 0 0 0 0 0 40 11 0 0 0 0 0 0 27 4 0 0 0 0;
<CIRCLE 220 127 1.26134 0 4.56001e-05>; 0 0 0 0 0 31 28 0 0 0 0 0 19 47 27 0 3 0 0 0 54 26 1 4 9 0 0 1 4 2 7 27 0 0 0 0 1 24 74 20 0 0 0 0 8 79 149 73 9 2 0 0 40 149 52 6 26 25 4 0 5 28 7 9 0 0 0 0 0 1 149 58 0 0 0 0 1 45 149 145 0 0 0 0 39 149 55 9 1 18 7 0 5 149 92 0 0 0 0 0 0 3 50 6 0 0 0 0 0 5 28 11 0 0 0 0 1 99 28 1 0 0 0 0 0 135 142 0;
<CIRCLE 169 91 0.891905 0 4.49809e-05>; 4 10 31 19 1 0 49 60 4 55 20 0 0 61 86 6 0 9 0 0 17 125 38 0 2 8 0 0 30 86 2 0 3 15 38 52 39 18 28 8 41 124 27 0 0 2 28 43 29 42 0 2 83 77 4 17 3 0 0 3 125 81 0 0 0 1 0 2 12 44 125 30 9 4 0 5 4 2 125 109 10 2 0 82 111 7 32 28 3 0 0 84 125 4 0 0 0 57 71 2 0 2 24 8 0 3 94 100 3 0 15 13 0 0 24 125 42 0 2 0 5 0 0 90 31 0 0 6;
<CIRCLE 263 77 3.56762 0 4.46584e-05>; 12 49 91 2 5 8 5 3 24 98 47 1 4 4 3 0 11 17 2 0 0 13 10 0 0 0 0 0 0 16 7 0 96 127 35 25 39 17 6 6 127 80 47 35 38 7 0 3 34 65 127 22 0 1 0 0 0 41 127 0 0 7 2 0 111 127 28 11 2 0 0 1 88 55 46 70 32 3 0 5 2 32 127 100 43 14 2 2 10 76 127 1 0 1 6 10 93 93 0 0 0 0 0 0 52 92 24 18 39 6 0 1 2 2 8 21 71 26 8 10 26 8 3 0 3 7 13 21;
<CIRCLE 300 145 2.12132 0 4.356e-05>; 0 0 0 65 110 2 0 0 1 44 41 116 119 2 4 2 53 125 52 2 1 1 3 2 68 73 1 0 0 0 1 1 0 0 0 19 125 79 0 0 2 3 3 22 116 125 53 10 123 33 3 2 2 7 49 125 125 19 1 1 0 0 0 69 0 0 0 4 18 67 4 0 0 0 0 0 8 125 125 12 11 0 0 0 0 10 125 125 18 1 7 3 0 0 3 48 0 0 0 3 2 0 0 0 0 0 0 3 3 5 9 0 0 0 0 4 1 0 10 3 0 0 1 5 0 0 0 0;
<CIRCLE 81 38 1.5 0 4.34042e-05>; 0 0 1 3 3 0 0 0 0 0 18 12 1 0 0 0 0 0 51 10 0 0 0 0 0 2 42 6 0 0 0 0 0 2 1 13 16 0 0 0 0 0 75 170 79 0 0 0 0 1 170 104 11 0 0 0 0 19 170 4 0 0 0 0 0 0 1 17 48 0 0 0 0 0 8 128 170 0 0 0 0 0 102 91 111 0 0 0 0 9 136 4 0 0 0 0 0 0 0 9 63 0 0 0 0 0 0 55 170 0 0 0 0 0 1 30 102 0 0 0 1 5 3 2 0 0 0 0;
<CIRCLE 295 142 1.78381 0 4.17222e-05>; 0 0 1 6 6 1 0 0 0 0 0 103 132 6 0 0 0 86 60 101 94 2 5 3 11 132 70 0 0 1 3 1 0 0 0 6 29 3 0 0 0 0 0 95 132 43 0 0 15 15 10 55 92 30 19 24 76 74 11 9 12 13 13 29 0 0 0 1 18 8 0 0 0 0 0 1 119 132 11 0 4 9 10 3 29 132 132 13 33 1 7 8 3 5 104 132 0 0 0 7 3 0 0 0 0 0 2 3 2 35 7 0 0 0 0 1 1 64 106 5 0 0 0 0 0 3 75 49;
<CIRCLE 258 81 1.06066 0 3.94551e-05>; 6 0 0 82 97 4 0 0 141 0 0 12 27 2 0 58 141 3 1 16 20 0 0 39 1 0 60 106 56 0 0 0 18 0 3 88 41 16 6 8 141 34 8 18 7 2 5 53 141 54 75 42 38 0 0 10 0 0 30 113 141 10 0 0 5 0 0 3 12 45 74 16 97 50 21 0 0 5 53 52 21 55 141 40 7 5 4 0 0 0 49 110 71 16 0 0 5 3 0 0 0 5 33 4 1 0 1 0 0 3 36 6 0 1 7 3 11 21 16 1 0 0 2 16 56 33 0 0;
<CIRCLE 311 89 2.12132 0 3.89176e-05>; 0 30 143 1 0 2 0 0 0 29 143 1 1 5 0 0 0 20 96 1 2 7 1 0 0 6 26 13 97 5 0 0 2 42 143 6 16 27 20 27 3 71 143 7 12 41 23 19 11 110 143 7 10 8 10 23 0 50 143 54 49 2 0 0 16 14 19 18 32 31 32 28 34 25 28 16 26 58 50 29 9 8 31 63 65 21 38 39 0 5 86 51 118 16 0 0 7 20 32 17 15 3 1 1 25 18 52 43 11 3 3 6 1 2 37 118 37 1 0 1 2 0 6 50 41 9 20 22;
<CIRCLE 107 41 3 0 3.78968e-05>; 0 1 57 4 1 0 0 0 0 6 48 5 2 0 0 0 0 7 12 1 0 0 0 0 0 0 1 1 0 0 0 0 0 25 161 1 0 0 0 0 3 129 161 1 0 0 0 0 51 161 67 0 0 0 1 0 11 8 0 0 0 4 5 1 0 11 79 5 0 0 0 0 24 88 95 3 0 0 0 0 161 161 12 0 0 0 0 0 68 46 0 0 3 5 1 0 1 2 2 1 0 0 0 0 10 8 1 0 0 0 7 5 161 147 0 0 0 1 6 2 114 96 0 0 2 0 0 0;
<CIRCLE 239 149 1.5 0 3.6444e-05>; 0 0 2 32 36 4 1 0 4 7 3 3 2 0 1 1 146 79 0 0 0 0 0 25 146 34 0 0 0 0 1 15 0 0 2 1 29 130 42 0 3 0 1 1 0 6 76 65 146 1 0 0 0 0 17 146 125 1 1 1 1 0 0 83 0 0 0 0 1 146 146 1 0 0 0 0 0 22 146 119 20 1 0 0 0 0 79 146 13 3 10 1 0 0 0 26 0 0 0 0 1 11 24 0 0 0 0 1 3 6 46 6 1 1 0 0 0 0 9 9 0 1 2 0 0 0 0 0;
<CIRCLE 258 67 1.5 0 3.5157e-05>; 0 56 103 1 0 0 0 0 0 51 51 0 0 1 2 0 2 16 6 0 0 0 8 6 0 0 0 0 0 5 9 1 9 77 105 4 4 80 38 4 24 125 125 22 4 3 3 2 70 125 33 0 0 0 1 4 4 21 6 0 0 4 4 0 2 1 0 23 125 125 37 2 125 25 22 70 90 12 4 22 125 45 5 1 0 1 1 72 8 28 8 0 0 3 1 3 0 1 2 74 125 3 0 0 125 1 1 26 101 3 0 45 125 0 3 15 3 1 1 62 1 1 51 31 3 4 1 1;
<CIRCLE 188 80 10.0908 0 3.48407e-05>; 5 10 4 0 0 1 0 1 3 1 2 1 0 0 0 4 0 0 15 18 4 2 0 0 0 2 33 17 1 0 0 0 3 96 124 0 0 0 0 0 0 55 124 41 2 0 0 2 0 3 124 124 15 0 0 0 3 90 124 38 0 0 0 0 3 47 72 0 0 25 123 2 8 82 80 40 18 22 65 6 0 6 30 124 80 41 24 0 15 65 25 9 4 6 18 8 0 0 0 0 0 33 124 1 1 1 0 1 4 64 124 2 0 0 0 2 13 124 124 0 6 1 0 0 6 67 91 52;
<CIRCLE 107 73 1.78381 0 3.48213e-05>; 19 3 1 5 3 0 0 1 155 4 0 1 11 16 36 104 26 1 0 2 155 107 51 37 54 90 2 2 41 7 0 0 40 4 1 2 11 3 0 2 155 44 12 13 37 3 0 33 60 14 13 80 155 10 0 10 3 27 6 11 74 0 0 0 28 39 1 1 3 0 1 5 133 121 85 26 5 0 3 6 9 27 92 155 97 3 5 0 1 0 0 13 26 5 9 1 23 74 0 0 0 0 0 2 11 49 13 1 0 1 12 4 0 4 19 8 1 9 30 1 0 0 5 1 0 10 28 1;
<CIRCLE 190 111 5.04538 0 3.30875e-05>; 35 32 61 12 7 15 13 16 74 39 28 38 32 3 0 2 0 0 5 131 131 0 0 0 0 0 1 15 18 1 1 0 33 39 43 9 1 23 94 7 63 42 27 81 45 19 36 5 0 0 2 99 112 31 26 0 0 0 0 3 6 12 11 0 2 1 0 0 0 68 131 4 2 3 4 11 7 105 131 3 0 0 0 7 10 131 131 0 0 0 0 0 0 106 131 0 0 0 0 0 0 4 22 2 0 0 0 0 0 17 45 1 0 0 0 0 0 98 71 0 0 0 0 0 5 67 131 1;
<CIRCLE 166 94 2.52269 0 3.28308e-05>; 2 12 79 3 0 0 0 6 4 11 118 6 0 3 42 69 8 12 118 10 4 68 60 13 104 73 38 1 2 11 0 1 45 15 4 3 0 0 0 17 109 69 16 4 0 6 59 118 16 8 18 77 100 103 66 32 118 4 0 16 42 23 1 9 13 23 12 0 1 2 0 0 37 118 116 14 0 2 6 5 23 24 118 118 27 2 10 8 118 5 2 23 9 0 0 13 0 7 33 0 0 31 83 0 1 23 43 0 0 13 60 1 12 31 33 2 0 4 36 6 81 67 18 0 0 0 9 10;
<CIRCLE 260 83 8.48528 0 3.16116e-05>; 0 4 88 33 1 0 0 0 0 29 67 13 0 0 0 0 0 10 7 10 3 2 0 0 0 0 1 5 8 4 0 0 2 52 128 83 3 0 0 0 13 128 128 2 0 0 0 0 0 94 128 4 0 1 0 0 0 26 125 8 3 4 0 0 6 20 15 19 13 11 13 2 41 128 32 2 0 0 14 18 9 82 116 9 0 0 20 19 1 37 116 8 0 0 27 14 0 0 0 0 4 90 114 15 13 9 1 0 0 8 111 128 6 8 1 0 5 8 128 86 5 6 3 2 7 7 99 39;
<CIRCLE 108 65 1.78381 0 3.14964e-05>; 1 0 0 0 0 0 1 2 1 0 0 0 0 1 14 5 54 42 0 0 0 2 7 1 141 141 0 0 0 0 0 0 22 4 1 2 1 0 1 8 62 2 0 0 6 29 92 97 16 13 0 1 58 94 64 11 141 141 0 0 6 2 0 0 69 2 0 5 7 1 0 6 141 4 0 3 65 23 16 87 14 3 0 12 141 53 11 12 30 103 8 3 26 0 0 0 54 10 0 1 6 1 0 2 141 75 43 36 39 0 0 6 6 6 21 94 141 0 0 0 2 8 4 4 17 0 0 0;
<CIRCLE 205 70 2.52269 0 3.03153e-05>; 0 0 1 7 1 0 0 0 0 0 10 14 6 2 0 0 0 0 48 27 3 1 0 0 0 0 68 34 2 0 0 0 0 0 15 61 3 0 0 0 0 0 103 158 21 0 0 0 0 0 158 158 4 0 0 0 1 2 158 70 0 0 0 0 0 1 48 125 30 0 0 0 0 0 15 158 158 0 0 0 0 1 67 87 33 0 0 0 7 11 46 7 1 0 0 0 0 0 32 84 50 0 0 0 0 0 1 143 126 0 0 0 0 0 2 11 9 0 0 0 0 2 4 1 0 0 0 0;
<CIRCLE 251 122 1.78381 0 2.89369e-05>; 0 0 0 0 0 1 47 4 0 0 0 0 0 12 34 0 0 0 0 0 0 6 18 2 0 0 0 0 0 0 25 26 1 2 4 8 2 28 135 14 0 0 0 8 43 121 133 9 1 0 0 0 7 30 120 135 0 0 0 0 0 2 135 135 4 22 81 48 3 12 25 3 14 0 16 49 52 29 21 90 39 0 0 0 6 8 56 135 3 0 0 0 0 36 119 82 14 7 35 10 9 14 6 9 129 3 8 4 0 0 2 135 64 0 0 0 0 0 2 135 1 0 0 0 0 15 7 10;
<CIRCLE 175 82 4.24264 0 2.86584e-05>; 1 21 47 0 0 0 0 0 4 10 45 0 0 0 0 0 0 4 42 7 0 0 0 0 0 0 24 85 4 0 0 0 2 97 142 0 0 0 0 1 4 63 142 3 0 3 3 2 10 98 142 21 0 0 0 0 0 2 62 142 55 0 0 0 53 44 60 0 0 0 4 24 46 41 84 20 14 35 29 29 117 65 33 21 16 6 1 4 3 3 10 142 142 0 0 0 15 39 21 0 0 18 52 1 39 48 69 20 4 6 28 6 88 43 19 44 21 1 3 2 1 1 3 105 109 3 1 0;
<CIRCLE 122 63 3.56762 0 2.75022e-05>; 88 118 22 0 0 0 0 0 143 143 0 0 1 1 0 0 7 6 0 0 5 6 0 0 0 0 0 0 1 4 1 0 67 39 0 0 2 8 28 27 143 143 5 0 2 4 5 1 27 76 46 2 3 0 0 0 0 7 21 1 3 0 0 0 73 26 10 23 44 19 20 36 47 143 51 23 45 10 4 1 8 143 143 0 0 0 0 0 0 107 143 0 0 0 0 0 20 51 24 23 11 0 0 0 8 20 20 19 16 3 3 4 7 41 74 0 0 0 0 1 0 42 109 0 0 0 0 0;
<CIRCLE 295 121 6 0 2.63085e-05>; 7 44 52 20 22 4 4 5 34 40 76 9 0 0 3 9 1 12 127 45 1 0 7 9 18 36 80 48 4 1 33 62 8 44 27 0 0 0 129 87 3 13 46 7 0 6 129 51 2 5 33 15 0 1 129 129 15 0 2 3 5 15 115 129 0 0 0 1 5 5 129 71 1 7 15 36 85 33 129 18 47 111 46 27 27 9 73 42 17 14 0 1 8 19 18 14 0 0 0 11 8 0 0 2 0 1 1 14 76 54 17 1 52 24 6 7 23 40 58 60 19 5 6 6 1 1 0 7;
<CIRCLE 248 121 1.26134 0 2.47211e-05>; 0 0 0 0 0 5 38 3 1 0 0 0 0 6 48 4 0 0 0 0 1 12 20 1 0 0 0 0 0 2 12 2 0 0 0 0 5 29 150 17 0 0 0 7 13 63 150 21 0 0 0 5 70 142 81 8 0 0 0 0 4 7 63 88 1 12 72 51 17 17 73 5 0 1 51 124 37 23 61 4 5 0 1 57 132 61 39 68 47 0 0 0 4 5 55 150 0 22 86 24 0 0 0 0 7 3 57 57 5 1 0 8 29 0 3 9 8 5 13 150 54 0 0 0 0 0 3 150;
<CIRCLE 241 122 2.52269 0 2.4105e-05>; 0 0 0 0 0 3 4 0 0 0 0 0 0 0 16 9 0 0 0 0 0 2 28 5 0 0 1 0 0 5 11 1 9 0 0 0 1 10 24 17 63 12 2 0 0 4 121 126 3 3 4 9 12 71 126 22 0 0 0 1 8 60 113 82 18 1 0 2 7 54 81 19 126 71 29 4 4 12 38 82 35 29 82 48 20 32 43 42 51 0 2 6 11 20 47 126 1 1 4 72 44 117 126 9 21 47 36 30 23 47 42 55 72 14 15 3 7 24 63 126 92 0 0 0 0 0 12 126;
<CIRCLE 122 64 3 0 2.37986e-05>; 120 94 1 0 0 0 0 0 144 132 0 0 1 0 0 0 5 5 0 1 6 2 0 0 0 0 0 1 2 2 0 0 67 45 0 0 10 26 40 22 144 144 7 0 4 4 1 0 21 72 52 3 2 0 0 0 0 7 26 2 2 0 0 0 62 22 9 33 108 36 18 27 47 144 53 11 44 5 0 0 7 144 144 0 0 0 0 0 0 104 144 0 0 0 0 0 15 26 28 45 28 3 2 0 14 18 8 11 15 3 7 7 12 34 52 0 0 0 0 1 0 34 82 0 0 0 0 0;
<CIRCLE 176 80 3.56762 0 2.36786e-05>; 1 12 23 0 0 0 0 0 3 8 25 0 0 0 0 0 0 3 29 7 0 0 0 0 0 0 20 46 2 0 0 0 0 81 138 1 0 0 0 0 3 53 138 13 0 0 0 0 6 90 138 20 0 0 0 0 0 1 90 138 25 0 0 0 39 29 100 1 0 5 24 56 43 43 117 14 21 63 46 23 122 88 51 9 5 4 1 4 2 2 27 109 91 0 0 0 47 68 39 6 1 1 4 18 56 27 58 67 27 18 8 7 138 13 4 17 14 1 0 2 2 0 0 97 119 0 0 0;
<CIRCLE 297 133 1.5 0 2.26078e-05>; 0 1 0 0 46 35 3 1 54 67 0 0 74 49 0 0 55 84 1 2 1 0 0 0 0 2 1 7 1 0 0 0 0 0 0 2 36 19 1 0 9 53 14 33 143 51 0 0 24 143 66 16 24 0 0 0 0 92 45 2 1 0 0 0 0 0 0 46 48 1 0 0 0 5 7 143 143 3 1 2 1 143 92 54 41 3 22 10 26 143 80 0 0 4 5 0 0 0 0 27 116 9 0 0 11 4 0 88 143 29 1 11 17 15 12 15 14 14 35 35 77 54 4 11 17 17 9 17;
<CIRCLE 257 66 1.26134 0 2.14824e-05>; 1 40 98 2 0 1 0 0 0 42 50 2 0 2 1 0 1 14 7 0 0 2 4 5 0 0 0 0 0 2 7 5 17 87 132 3 2 46 18 6 22 132 132 23 0 0 1 2 35 132 80 4 0 0 1 1 10 36 5 0 0 2 6 1 10 6 0 8 49 132 68 10 47 23 35 103 74 16 11 10 132 103 23 13 2 0 0 66 41 42 8 0 0 1 0 16 0 0 0 40 132 24 1 0 77 2 3 61 132 5 0 13 132 1 0 2 0 0 0 85 16 1 1 1 1 9 3 14;
<CIRCLE 269 77 0.891905 0 2.12297e-05>; 0 0 11 8 2 6 0 0 0 5 34 11 0 0 0 0 0 30 21 1 0 0 0 0 0 23 4 0 0 0 0 0 0 0 142 59 1 0 0 0 0 45 142 56 0 0 0 0 0 142 94 2 0 0 0 0 0 56 48 0 0 0 0 0 0 5 142 86 50 6 1 2 15 84 142 18 0 0 0 21 32 142 67 0 0 0 0 6 1 93 142 14 0 0 0 0 0 1 6 19 65 39 16 14 14 11 36 16 0 0 8 65 24 38 115 46 0 0 0 11 0 17 142 96 0 0 0 0;
<CIRCLE 81 37 1.26134 0 2.08834e-05>; 0 0 0 2 3 0 0 0 0 0 12 6 0 0 0 0 0 0 24 5 0 0 0 0 0 1 19 9 0 0 0 0 1 1 1 14 16 0 0 0 0 0 89 140 39 0 0 0 0 0 163 72 2 0 0 0 0 12 163 8 0 0 0 0 0 1 1 21 53 0 0 0 0 0 20 163 163 0 0 0 0 0 163 109 76 0 0 0 0 10 163 5 1 0 0 0 0 0 0 13 65 0 0 0 0 0 0 54 163 0 0 0 0 0 0 29 94 0 0 0 0 1 3 5 1 0 0 0;
<CIRCLE 284 86 6 0 2.05092e-05>; 9 70 36 1 0 1 1 0 3 17 23 1 1 13 8 0 0 1 10 1 3 17 4 0 0 0 1 3 10 10 0 0 29 131 90 23 7 0 0 0 6 92 131 21 7 2 1 0 5 74 131 2 0 4 1 0 0 16 131 28 8 3 0 0 37 127 52 23 19 1 0 0 24 48 74 18 19 5 8 14 27 39 118 20 0 0 3 6 0 9 127 60 3 0 16 20 5 40 21 0 0 0 115 70 6 31 27 0 0 1 131 50 1 5 39 10 0 3 131 49 0 2 12 7 1 2 128 102;
<CIRCLE 271 80 1.5 0 2.0262e-05>; 1 1 53 29 2 3 0 1 0 38 82 9 0 0 0 0 0 41 21 0 0 0 0 0 1 8 6 0 0 0 0 0 1 4 133 123 78 3 1 2 16 133 133 16 0 0 1 5 1 124 133 23 0 0 0 0 0 74 133 5 0 0 0 0 1 1 17 75 100 14 3 3 14 27 112 79 8 3 3 8 4 17 133 86 0 0 23 12 0 40 133 13 0 12 37 3 0 0 1 34 85 17 10 5 2 0 11 36 22 24 68 18 60 7 5 5 6 16 41 35 21 2 0 1 42 38 50 14;
<CIRCLE 328 110 2.12132 0 1.91809e-05>; 6 0 11 43 8 1 13 63 13 0 0 2 12 24 121 95 60 0 0 0 1 2 95 139 19 0 0 0 0 0 44 129 5 0 3 4 5 6 73 139 47 1 0 0 126 91 60 105 139 9 0 0 18 11 6 52 17 3 4 9 0 0 3 8 21 2 3 5 17 3 32 112 27 3 0 7 139 44 6 13 139 31 0 3 29 9 1 12 17 6 6 9 0 0 0 0 10 3 8 5 8 0 0 4 9 0 1 5 113 38 2 6 121 7 0 0 17 17 2 23 13 4 4 6 0 0 0 0;
<CIRCLE 205 69 1.78381 0 1.78083e-05>; 0 0 2 6 0 0 0 0 0 0 15 14 3 1 0 0 0 0 52 27 2 0 0 0 0 0 70 32 0 0 0 0 0 0 23 70 1 0 0 0 0 0 111 151 8 0 0 0 0 0 151 151 1 0 0 0 0 0 151 74 0 0 0 0 0 0 15 130 57 0 0 0 0 0 20 151 148 0 0 0 0 0 80 94 27 0 0 0 3 3 63 9 0 0 0 0 0 0 17 104 64 0 0 0 0 0 0 123 140 0 0 0 0 0 1 13 13 0 0 0 0 4 1 0 0 0 0 0;
<CIRCLE 283 132 10.0908 0 1.73864e-05>; 27 128 56 5 1 1 5 5 14 128 128 10 0 0 6 9 1 55 128 16 0 0 17 13 45 56 88 14 0 0 11 41 18 19 1 0 3 48 128 128 17 31 12 1 7 10 128 128 14 19 20 7 15 13 128 92 37 9 7 3 0 1 67 109 31 0 0 0 20 94 82 128 19 0 0 10 36 20 59 83 27 14 3 6 49 52 48 26 20 6 2 13 4 2 7 12 0 0 0 0 10 12 15 7 0 0 0 4 18 1 1 2 0 0 0 1 13 8 6 1 0 0 0 5 11 1 1 0;
<CIRCLE 122 65 2.52269 0 1.73675e-05>; 125 92 0 0 0 0 1 0 144 128 0 0 2 0 0 0 4 5 1 2 5 1 0 0 0 0 0 1 3 1 0 0 64 54 0 0 29 44 34 13 144 144 11 0 3 1 0 0 16 74 63 3 2 0 0 0 0 8 36 3 1 0 0 0 31 19 5 30 144 31 8 12 41 144 61 3 17 0 0 0 7 144 144 0 0 0 0 0 0 92 144 0 0 0 0 0 5 10 21 53 49 4 5 0 21 14 3 2 6 2 7 7 19 25 32 0 0 0 0 1 0 22 56 1 0 0 0 0;
<CIRCLE 252 69 1.06066 0 1.70863e-05>; 0 16 30 1 0 72 75 0 4 44 120 2 3 67 24 3 31 107 75 7 0 3 3 5 5 84 92 12 0 0 0 0 10 0 0 0 0 97 104 8 3 2 0 1 13 126 88 6 23 11 6 43 57 62 39 16 56 34 39 58 17 0 0 9 30 6 0 0 9 13 8 5 0 0 0 18 126 70 8 0 0 0 1 85 126 27 4 0 126 4 3 33 32 0 0 23 48 52 1 6 12 2 0 0 0 0 0 57 126 1 0 0 1 0 0 47 126 8 0 1 126 0 0 3 24 3 0 41;
<CIRCLE 284 118 1.26134 0 1.70213e-05>; 0 3 53 11 0 3 17 1 0 2 61 7 0 2 27 6 0 2 58 8 0 0 64 6 0 0 27 9 0 3 50 5 0 0 0 0 1 51 156 13 3 0 0 0 0 18 156 149 3 0 0 0 0 9 156 121 3 0 0 0 13 131 156 28 0 0 1 4 28 60 128 8 48 4 0 0 1 30 117 87 45 17 11 4 2 6 75 56 3 2 4 5 87 111 28 3 0 0 1 1 7 11 37 16 11 3 0 0 8 49 24 7 12 23 12 0 0 4 9 3 1 7 4 2 39 25 0 1;
<CIRCLE 265 96 1.06066 0 1.69448e-05>; 0 0 1 9 10 8 1 2 0 0 6 10 19 64 31 2 1 0 15 34 54 34 58 30 1 0 51 101 45 17 9 7 0 0 0 10 27 12 3 0 0 10 78 109 64 5 1 0 3 90 84 33 69 38 12 0 1 11 15 24 75 115 47 0 0 21 30 7 53 7 0 0 0 13 21 45 115 112 4 0 3 115 75 13 20 70 31 0 1 31 98 62 37 16 28 8 0 115 113 1 5 1 0 0 0 64 72 2 25 96 14 0 0 24 17 0 2 108 115 4 0 4 10 3 0 17 115 20;
<CIRCLE 202 70 0.891905 0 1.62659e-05>; 0 0 8 14 1 0 0 0 0 0 32 48 0 0 0 0 0 0 68 134 0 0 0 0 0 0 134 97 0 0 0 0 0 0 49 83 1 0 0 0 0 0 61 134 17 0 0 0 0 0 40 134 33 0 0 0 0 0 117 134 8 0 0 0 0 0 27 71 29 3 0 0 0 0 8 123 104 0 0 0 0 0 1 134 134 0 0 0 0 0 5 36 34 0 0 0 0 0 0 10 62 18 0 0 0 0 0 100 134 3 0 0 0 0 0 105 94 0 0 0 0 0 0 11 12 0 0 0;
<CIRCLE 115 68 3.56762 0 1.60717e-05>; 5 8 6 2 0 0 2 3 133 133 1 0 0 0 5 4 133 129 0 0 2 0 0 0 1 2 1 1 5 2 0 0 48 3 1 1 0 1 12 35 104 86 3 8 39 35 46 40 130 133 74 3 7 2 0 0 1 77 133 1 1 0 0 0 79 74 15 3 0 0 0 7 41 52 32 77 80 13 4 9 18 133 81 13 19 1 1 3 1 101 133 0 0 0 0 0 22 67 4 0 0 0 0 0 4 37 37 14 4 2 1 0 6 7 46 4 1 1 1 3 1 10 55 0 0 0 0 0;
<CIRCLE 187 107 1.78381 0 1.57771e-05>; 120 1 0 0 0 0 0 8 8 0 0 11 12 0 0 0 0 0 0 90 102 0 0 0 0 0 0 92 120 0 0 0 103 78 46 1 0 0 0 6 3 11 108 35 12 0 0 0 0 0 23 120 120 0 0 0 0 0 0 65 80 0 1 0 5 70 66 0 0 17 69 18 0 12 120 39 7 45 13 0 0 0 69 120 45 16 18 0 0 0 0 16 19 10 26 0 0 0 0 0 0 60 105 5 0 0 2 3 4 120 100 0 0 0 1 5 2 64 120 1 0 0 0 0 0 47 120 0;
<CIRCLE 269 93 1.06066 0 1.54144e-05>; 0 0 0 32 92 44 24 12 2 0 4 16 15 20 100 106 5 2 5 23 39 90 83 16 104 33 0 4 18 17 3 13 0 0 8 11 20 63 49 6 3 0 35 73 77 26 43 36 12 0 66 113 61 27 10 3 113 4 5 22 17 3 0 42 0 26 85 73 37 3 1 0 3 72 43 19 78 70 28 0 18 3 14 27 85 113 44 0 113 12 1 2 15 13 2 13 0 28 17 24 85 76 7 0 3 109 81 10 5 27 26 0 6 6 59 69 49 12 22 27 95 0 0 7 13 1 3 86;
<CIRCLE 176 79 2.52269 0 1.51973e-05>; 0 5 16 0 0 0 0 0 3 5 25 2 0 0 0 0 1 5 23 15 1 0 0 0 0 7 28 14 0 0 0 0 0 42 143 12 0 0 0 0 2 41 143 34 0 0 0 0 8 131 143 28 3 0 0 0 0 13 105 47 2 0 0 0 2 7 143 9 0 19 63 47 49 56 143 11 6 65 31 3 143 129 52 5 0 1 0 2 4 7 57 30 3 2 0 0 31 22 11 12 8 23 62 70 59 3 4 47 96 90 25 11 143 4 0 2 7 3 0 9 6 0 0 12 14 2 0 0;
<CIRCLE 270 96 1.26134 0 1.49475e-05>; 0 0 1 9 35 54 43 15 4 0 33 66 41 21 52 51 57 5 23 73 55 31 10 12 109 10 0 1 46 1 0 29 0 28 69 59 41 10 6 0 2 46 41 41 92 95 37 0 109 5 15 33 58 75 23 9 109 13 0 6 61 0 0 17 0 43 25 26 89 102 17 0 2 93 106 31 16 40 69 3 59 0 28 53 49 13 39 107 90 1 0 6 69 2 0 61 0 68 65 1 5 58 27 1 0 46 25 0 0 38 109 8 3 8 6 1 0 17 109 70 5 0 1 3 31 22 5 22;
<CIRCLE 188 107 1.5 0 1.49108e-05>; 56 3 1 5 5 1 0 3 0 0 1 18 16 1 0 0 0 0 0 123 130 0 0 0 0 0 0 93 117 0 0 0 31 44 90 9 1 0 0 1 0 2 101 53 23 0 0 0 0 0 13 130 130 0 0 0 0 0 0 57 71 0 1 0 0 52 130 3 1 25 39 4 0 8 130 63 10 23 4 0 0 0 65 130 68 6 10 0 0 0 0 11 17 6 21 1 0 0 1 0 9 98 63 2 0 0 11 7 11 120 86 0 0 0 5 9 2 54 130 0 0 0 0 0 0 30 90 0;
<CIRCLE 271 90 1.06066 0 1.43945e-05>; 0 0 5 84 68 6 10 5 3 0 22 41 10 13 59 12 56 11 8 6 0 8 41 41 29 6 0 0 4 18 114 37 1 0 1 28 41 31 80 94 3 0 12 28 29 86 114 64 97 34 1 19 57 75 19 12 114 37 0 1 39 9 11 24 1 0 14 32 53 35 56 28 2 0 78 114 72 29 15 12 114 3 23 76 44 12 2 28 114 4 0 1 49 1 0 49 2 58 53 20 40 21 7 0 1 13 14 21 74 114 46 0 114 6 3 8 40 44 9 8 114 13 0 5 42 0 0 8;
<CIRCLE 276 87 1.5 0 1.43779e-05>; 13 56 91 29 0 0 1 5 0 35 136 62 0 0 5 0 0 80 136 7 0 1 6 0 0 83 136 0 0 0 1 1 4 0 44 52 10 11 34 9 39 4 42 24 1 10 72 47 9 9 43 2 29 61 91 14 22 21 59 0 4 7 54 85 3 0 6 41 29 34 62 23 135 13 1 14 27 20 12 26 59 3 0 6 136 21 9 11 136 33 16 4 20 1 10 52 6 6 12 38 42 43 4 1 134 4 2 12 22 10 1 18 45 2 0 12 136 0 0 5 69 14 14 8 18 3 6 7;
<CIRCLE 284 119 2.12132 0 1.42729e-05>; 0 61 75 4 0 0 14 2 0 6 139 17 0 0 19 3 0 1 130 26 0 1 36 4 0 0 75 25 0 0 40 17 0 5 7 0 0 14 150 25 0 0 18 2 0 20 150 77 1 0 12 2 3 52 150 75 19 2 3 0 2 31 150 132 0 0 0 0 0 22 150 13 5 0 0 0 0 42 150 43 9 5 1 1 33 53 71 38 50 30 0 0 43 53 15 21 0 0 0 2 1 4 15 0 0 0 0 2 1 21 13 0 0 0 0 1 16 24 12 0 8 20 4 8 77 33 0 0;
<CIRCLE 248 134 1.5 0 1.40416e-05>; 4 27 62 13 3 4 1 2 25 6 55 35 1 0 0 19 59 1 2 5 3 1 5 133 30 0 0 0 0 0 4 133 1 2 10 7 43 70 19 5 114 4 7 2 2 4 35 88 133 4 0 0 0 0 4 133 33 4 1 0 0 1 2 34 58 79 31 5 23 30 70 54 37 6 0 0 0 3 133 133 57 1 0 0 0 1 73 133 12 2 3 0 0 3 5 9 133 133 4 0 0 0 2 14 133 55 0 0 0 1 29 32 1 0 0 2 2 7 17 5 0 0 0 2 1 4 3 0;
<CIRCLE 311 116 8.48528 0 1.27402e-05>; 0 93 131 7 0 0 0 0 0 57 131 19 2 1 0 0 27 74 131 32 2 0 0 5 33 37 4 0 1 9 2 3 15 64 56 5 0 0 108 60 2 32 109 13 0 1 131 77 74 39 66 11 0 0 98 131 80 19 6 9 3 2 1 50 4 0 0 2 27 28 131 98 35 28 7 9 39 31 131 76 37 15 1 2 1 5 73 80 7 2 9 22 1 0 2 10 3 0 0 8 34 17 5 8 18 6 1 3 32 46 37 22 20 5 2 12 5 1 5 12 0 0 1 25 4 0 0 0;
<CIRCLE 185 73 0.891905 0 1.19251e-05>; 0 0 5 14 2 3 3 0 1 5 66 40 2 0 0 0 0 23 85 6 0 0 0 0 0 8 20 5 2 0 0 0 0 3 13 61 54 1 0 0 8 21 117 117 108 16 4 1 90 117 117 13 4 1 4 6 17 42 64 23 0 0 0 0 0 48 44 24 56 8 0 0 9 2 13 38 117 117 38 7 91 40 44 19 6 20 39 41 12 15 117 56 0 0 0 0 10 117 117 17 1 0 0 0 0 0 117 87 10 12 2 0 0 0 117 70 2 3 3 2 0 0 117 48 0 0 0 0;
<CIRCLE 275 86 1.26134 0 1.1336e-05>; 17 47 76 30 0 0 0 20 2 35 133 91 0 0 1 0 0 59 133 26 0 0 2 0 0 89 133 0 0 0 0 0 3 0 64 67 6 2 16 6 28 4 54 40 0 0 68 35 5 4 39 5 8 39 133 15 4 17 52 1 9 26 44 17 3 0 4 15 18 49 93 36 117 37 0 6 22 35 24 26 70 16 0 5 113 35 45 20 84 4 0 9 82 14 10 25 2 0 32 68 37 22 13 9 121 4 8 29 22 9 1 26 66 3 0 5 125 1 0 19 85 4 0 5 85 0 0 2;
<CIRCLE 177 78 1.78381 0 1.12791e-05>; 1 1 18 3 0 0 1 2 2 4 37 3 0 0 0 0 1 5 23 19 6 0 0 0 1 14 34 20 7 0 0 0 0 2 145 37 0 0 0 0 1 54 145 29 0 0 0 0 4 145 136 16 9 0 0 0 2 16 69 36 16 3 0 0 0 4 145 22 0 9 17 1 49 105 145 8 0 1 0 0 110 145 55 3 0 0 0 0 2 13 86 35 0 0 0 0 5 8 9 0 11 123 88 10 98 27 4 0 20 63 4 2 145 17 1 0 0 0 0 5 7 1 3 6 3 3 1 0;
<CIRCLE 265 89 1.06066 0 1.12215e-05>; 0 4 45 20 21 31 10 0 0 0 9 65 102 48 0 0 0 0 25 115 79 7 6 0 3 0 63 73 7 2 20 5 0 0 2 17 46 19 5 0 0 0 0 77 115 56 8 2 1 0 0 79 101 35 95 105 3 0 0 8 17 76 115 50 0 0 3 22 22 10 1 2 0 0 1 10 75 115 54 4 4 0 15 36 47 56 115 100 3 0 66 115 57 35 35 28 0 0 0 8 15 11 3 1 0 4 58 77 22 14 7 0 1 33 59 40 94 41 16 0 0 3 22 46 72 96 37 0;
<CIRCLE 263 109 8.48528 0 1.12212e-05>; 3 59 124 44 1 0 0 0 11 124 93 1 0 0 0 0 0 64 124 3 0 1 0 0 0 18 103 9 2 2 0 0 9 26 10 10 7 10 17 4 36 124 37 3 0 0 19 24 8 69 100 7 0 0 29 21 0 27 104 10 0 0 35 20 2 0 0 0 5 105 124 32 18 10 1 0 0 6 124 124 5 6 1 0 10 14 124 87 10 10 3 3 9 8 108 52 4 0 0 0 27 109 46 25 35 0 0 1 2 13 34 122 2 0 0 6 32 19 22 13 15 7 1 2 20 23 17 13;
<CIRCLE 86 100 0.891905 0 1.09588e-05>; 0 0 0 0 0 96 48 0 0 0 0 0 0 25 40 0 0 0 0 0 0 6 22 1 0 0 0 1 1 2 22 1 0 0 0 0 0 147 145 0 0 0 0 0 0 147 147 0 0 0 0 0 0 41 147 25 0 0 0 0 0 3 147 44 0 0 0 0 1 108 58 0 0 0 0 0 0 147 147 3 0 0 0 0 0 23 147 60 0 0 0 0 0 2 147 54 0 0 0 0 5 10 1 0 0 0 0 0 3 21 23 0 1 0 0 0 0 2 35 11 0 0 0 0 1 0 15 4;
<CIRCLE 259 97 4.24264 0 1.06452e-05>; 57 127 15 0 0 0 0 0 63 127 40 18 7 0 0 0 16 46 127 58 16 1 0 0 3 60 127 4 1 0 0 0 51 57 0 0 0 0 0 0 127 127 17 9 11 0 0 0 6 23 40 47 87 16 4 2 28 19 40 3 7 6 14 16 10 15 0 0 0 0 8 3 21 127 53 2 0 0 8 2 4 112 98 12 9 1 12 10 9 32 51 2 1 2 20 11 7 0 0 0 0 8 74 43 1 5 3 0 0 12 127 73 3 23 10 0 0 0 127 108 1 11 19 0 0 1 127 29;
<CIRCLE 121 65 2.12132 0 9.96533e-06>; 111 83 0 0 0 0 2 0 144 144 0 0 0 0 0 0 10 12 1 3 5 0 0 0 0 0 1 1 1 0 0 0 52 48 0 0 29 44 25 4 144 144 5 0 1 0 0 0 28 109 51 2 2 0 0 0 0 7 42 2 0 0 0 0 9 15 2 18 144 28 5 4 39 144 42 2 10 0 0 0 6 144 144 0 0 0 0 0 0 67 144 0 0 0 0 0 1 3 12 56 74 1 1 0 17 21 5 2 6 0 3 4 27 37 35 0 0 0 0 1 0 20 65 0 0 0 0 0;
<CIRCLE 264 98 1.5 0 9.84769e-06>; 4 4 0 4 10 2 0 0 0 0 5 20 32 36 7 0 0 1 16 39 49 51 47 18 24 1 12 70 41 34 13 8 12 69 30 1 6 4 0 0 0 7 28 58 111 24 0 0 0 75 84 55 61 48 8 0 31 14 25 34 58 61 9 16 1 114 114 0 0 0 0 0 0 114 114 8 56 46 3 0 0 60 48 7 23 109 110 3 6 12 18 15 4 9 114 58 0 36 42 2 0 0 0 0 0 113 114 0 0 0 0 0 1 114 114 0 0 3 15 2 0 114 89 0 0 3 36 4;
<CIRCLE 305 140 2.12132 0 9.80698e-06>; 6 60 32 47 82 9 0 0 6 128 72 7 1 0 0 0 6 49 12 1 0 0 1 0 0 0 1 1 0 1 3 0 1 14 19 125 128 7 3 2 60 128 56 12 7 2 7 9 128 128 5 0 0 0 1 9 9 1 0 1 1 2 4 0 1 1 1 9 103 128 49 3 65 10 3 2 3 24 98 128 128 15 2 1 0 0 5 128 10 1 7 7 0 0 0 1 0 0 0 1 3 89 70 1 1 0 0 0 0 17 128 86 10 1 5 3 0 0 8 51 0 0 11 3 0 0 0 0;
<CIRCLE 179 105 2.12132 0 9.42386e-06>; 4 8 68 123 32 3 6 4 123 4 2 39 19 0 0 9 101 2 0 4 4 0 0 2 0 0 0 36 41 0 0 0 9 14 41 22 0 1 7 6 123 41 5 3 0 0 1 22 90 31 33 12 6 0 0 3 0 0 11 103 92 0 0 0 2 26 22 0 0 16 109 6 43 114 18 0 0 2 75 23 11 69 123 20 3 19 18 4 0 0 79 123 42 9 4 0 0 0 0 0 0 69 123 2 1 1 0 0 0 37 123 14 0 1 8 4 3 112 113 2 0 0 7 14 5 63 119 0;
<CIRCLE 328 119 1.78381 0 9.38127e-06>; 1 0 3 5 38 8 48 147 44 6 0 9 167 93 8 24 167 45 1 5 35 17 4 31 29 8 8 10 0 0 0 0 2 2 21 16 31 0 0 2 36 6 2 19 167 70 2 11 167 43 1 7 61 30 2 41 46 11 8 12 0 0 0 0 0 0 14 11 12 0 0 0 10 0 1 7 167 94 4 13 167 8 0 0 40 45 7 52 36 7 7 10 0 0 0 0 0 0 4 5 4 0 0 0 1 0 0 1 63 42 11 3 59 3 0 0 15 24 26 42 12 3 6 3 0 0 0 2;
<CIRCLE 257 124 2.52269 0 8.99946e-06>; 0 0 0 0 0 9 48 2 0 0 0 0 0 10 30 9 0 2 1 0 0 0 69 49 0 18 8 0 0 0 124 30 1 3 10 16 19 76 141 15 4 0 0 1 9 47 141 141 0 0 0 0 0 10 141 141 0 0 0 0 0 1 141 106 56 10 43 25 11 12 9 77 78 0 0 1 3 7 35 141 2 0 0 0 0 36 86 59 0 0 0 1 0 3 33 39 68 10 1 0 2 8 58 141 59 0 0 0 0 2 13 84 1 0 0 4 3 4 2 1 0 0 0 3 3 0 1 0;
<CIRCLE 192 79 7.13524 0 8.85048e-06>; 3 3 4 0 0 0 0 4 1 0 4 5 1 1 1 5 0 0 31 39 5 4 0 0 0 1 77 29 1 0 0 0 1 66 135 0 0 0 0 0 0 39 135 77 5 0 0 0 0 0 135 135 26 0 0 0 1 30 135 70 1 0 0 0 18 88 92 0 0 2 15 1 20 82 78 83 39 0 1 1 0 1 16 135 123 2 0 0 3 13 24 14 8 1 0 0 5 12 2 0 0 49 135 4 9 16 5 23 25 64 125 6 0 0 0 23 43 109 84 0 0 0 0 0 2 32 52 7;
<CIRCLE 178 105 1.78381 0 8.44261e-06>; 4 2 76 131 15 0 8 5 131 1 1 28 7 0 1 17 131 2 0 1 3 0 0 5 0 0 0 12 12 0 0 0 4 11 27 5 0 4 21 7 131 31 4 0 0 0 4 32 131 36 25 5 3 0 0 7 0 0 21 39 30 0 0 0 1 34 44 0 0 7 67 7 45 130 35 0 0 0 51 20 22 122 131 3 0 7 22 8 0 5 131 74 14 4 0 0 0 0 0 0 1 62 131 4 1 5 1 0 0 22 131 27 0 7 17 1 1 93 107 10 0 0 33 17 7 87 51 0;
<CIRCLE 283 89 8.48528 0 8.2032e-06>; 0 58 93 8 0 0 0 0 0 30 27 7 2 3 0 0 0 1 12 6 10 9 0 0 0 0 2 8 11 2 0 0 21 129 98 1 0 0 0 0 2 125 129 9 0 0 0 0 0 60 129 12 2 2 0 0 9 36 129 28 3 0 0 1 32 100 15 0 0 0 36 37 15 78 72 7 0 0 67 48 2 39 98 8 0 0 83 38 32 23 64 11 0 0 55 100 16 1 0 0 1 16 92 129 5 1 0 0 10 13 129 103 12 11 3 5 23 19 121 43 17 8 0 0 0 1 48 51;
<CIRCLE 262 98 5.04538 0 7.99566e-06>; 52 127 39 2 1 0 0 0 57 120 49 25 10 0 0 0 12 57 127 30 7 1 0 0 3 50 127 0 0 3 1 0 50 65 1 0 0 0 0 0 97 127 31 19 25 1 0 0 6 22 70 36 56 15 10 7 45 34 64 2 0 1 8 15 8 15 0 0 0 2 22 9 13 114 57 3 1 2 36 15 5 87 72 6 5 2 60 28 12 13 69 10 0 0 56 14 20 1 0 0 0 11 70 62 7 2 0 0 0 8 127 127 1 8 4 0 0 1 127 87 0 1 7 2 5 11 127 22;
<CIRCLE 189 108 1.06066 0 7.89059e-06>; 0 0 5 14 6 0 0 0 0 1 3 27 39 1 0 0 0 0 0 139 139 0 0 0 0 0 0 74 89 0 0 0 0 9 139 10 1 0 0 0 0 4 139 124 49 0 0 0 0 0 9 139 139 0 0 0 0 0 0 37 50 1 1 0 0 13 139 8 4 19 8 0 0 7 139 104 10 4 0 0 0 0 34 139 54 5 5 1 0 0 0 5 12 6 21 4 0 0 5 2 19 115 21 0 0 0 15 12 13 63 67 0 0 0 3 9 1 26 79 5 0 0 0 0 0 16 42 4;
<CIRCLE 266 88 1.26134 0 7.80658e-06>; 9 21 109 69 30 9 3 0 0 0 19 97 109 35 8 5 7 5 92 106 12 5 7 27 5 9 109 87 0 0 8 8 0 0 7 12 42 34 10 0 0 0 1 94 109 44 4 6 0 0 13 93 59 25 98 50 45 11 10 8 6 42 62 26 0 0 3 21 36 12 1 1 0 0 0 25 102 108 68 26 7 0 31 64 38 37 109 109 42 7 24 76 70 59 30 11 0 0 0 11 17 10 2 1 0 14 59 59 33 20 14 0 1 26 39 50 95 67 28 0 62 2 19 40 37 51 17 5;
<CIRCLE 178 77 0.891905 0 7.74525e-06>; 0 2 68 7 0 0 0 0 0 8 94 3 0 0 0 0 0 22 42 4 0 0 0 0 0 2 5 21 53 9 0 0 0 1 143 38 0 0 0 0 2 89 143 6 0 0 0 0 13 143 76 0 0 0 0 0 0 28 52 19 11 7 0 0 0 11 143 20 0 0 0 0 42 143 138 1 0 0 0 0 76 143 33 0 0 0 0 0 0 35 126 15 0 0 0 0 2 24 60 0 0 0 0 0 103 91 13 0 0 0 0 0 128 101 7 0 0 0 0 0 5 22 46 6 0 0 0 0;
<CIRCLE 271 98 2.12132 0 7.06001e-06>; 0 0 1 14 95 38 3 0 4 0 4 27 81 81 48 4 70 1 5 7 32 26 29 46 58 23 5 2 41 27 16 46 0 16 28 69 78 15 1 0 7 0 27 81 104 29 18 9 113 1 1 11 72 11 11 52 53 19 2 7 83 9 4 32 0 114 114 21 31 10 2 0 6 96 68 13 19 23 91 35 13 25 26 5 28 41 73 81 32 3 7 4 31 48 25 42 0 67 62 0 0 0 2 2 3 114 114 0 0 0 4 4 1 114 114 9 4 4 3 2 1 11 114 25 4 5 3 1;
<CIRCLE 108 41 2.52269 0 6.80127e-06>; 0 2 74 3 1 0 0 0 0 12 55 3 1 0 0 0 0 9 9 1 0 0 0 0 0 0 1 0 0 0 1 0 0 31 159 1 0 0 0 0 5 159 159 0 0 0 0 0 58 159 45 0 0 0 2 0 9 6 0 0 0 4 8 1 0 9 60 8 1 0 0 0 33 103 71 1 0 0 0 0 159 159 7 0 0 0 0 0 57 37 0 0 2 4 3 0 0 1 2 3 1 1 0 0 13 14 3 0 0 0 2 1 159 159 0 0 0 0 0 0 107 80 0 0 2 0 0 0;
<CIRCLE 255 123 1.06066 0 6.71088e-06>; 0 0 0 0 13 48 24 2 0 0 0 0 1 2 34 31 0 0 0 0 0 3 109 45 0 0 0 0 0 0 92 113 1 0 0 13 93 56 18 31 17 0 0 0 3 4 65 142 2 0 0 0 0 1 142 142 0 0 0 0 0 14 142 92 10 0 0 9 23 13 31 95 87 0 0 0 0 0 13 142 21 0 0 0 0 6 75 126 0 0 0 0 2 66 48 4 26 0 0 0 0 0 1 142 38 0 0 0 0 0 0 142 6 0 0 0 0 1 5 35 0 0 0 0 4 23 4 0;
<CIRCLE 268 110 7.13524 0 6.00196e-06>; 24 129 62 2 0 0 0 0 21 129 87 17 1 0 0 0 4 68 129 13 1 0 0 0 1 31 129 7 1 1 0 0 24 47 0 0 1 1 16 9 28 129 51 15 2 0 26 22 18 53 50 11 3 0 36 18 3 17 79 18 0 0 43 21 11 1 0 0 5 34 101 95 13 14 3 0 0 0 129 129 3 8 4 3 11 13 129 62 6 18 12 8 9 5 129 59 45 0 0 0 39 61 39 85 42 0 0 4 2 0 28 107 0 0 0 10 47 21 28 4 22 21 9 11 35 27 22 17;
<CIRCLE 206 127 3 0 5.93162e-06>; 0 0 2 15 9 62 138 0 0 0 0 0 1 88 92 0 0 0 0 0 0 35 61 0 0 0 0 0 1 20 24 0 0 0 0 0 0 119 138 0 0 0 0 0 2 138 98 0 0 0 0 0 0 101 138 7 0 0 0 0 1 125 138 6 0 0 0 0 0 35 19 1 0 0 0 0 1 138 95 0 0 0 0 0 0 46 138 20 0 0 0 0 2 127 138 15 0 0 0 1 0 1 2 1 0 0 2 1 1 5 8 0 0 0 0 0 4 7 15 0 0 0 0 6 24 12 8 0;
<CIRCLE 207 127 2.52269 0 5.22291e-06>; 0 0 0 0 0 89 140 0 0 0 0 0 0 102 84 0 0 0 0 0 0 34 80 0 0 0 0 0 3 27 36 0 0 0 0 0 2 140 85 1 0 0 0 0 11 140 72 0 0 0 0 0 0 71 140 10 0 0 0 0 4 115 140 15 0 0 0 0 1 65 16 1 0 0 0 0 5 140 140 0 0 0 0 0 0 30 140 28 0 0 0 0 0 98 140 35 0 0 0 0 0 2 2 1 0 0 1 1 1 10 15 0 0 0 0 0 3 8 22 0 0 0 0 0 4 8 10 0;
<CIRCLE 280 100 1.26134 0 5.07729e-06>; 144 14 0 5 30 6 1 20 46 4 0 32 144 1 0 4 144 7 3 15 53 9 9 22 38 15 31 22 24 18 64 50 134 1 0 9 44 1 8 138 40 0 0 20 144 32 15 18 144 7 0 1 32 10 26 75 42 11 1 0 0 5 69 45 7 1 3 5 29 38 32 53 4 0 0 5 100 104 66 13 97 12 0 1 5 18 71 61 45 24 12 12 0 0 0 1 0 79 85 13 17 25 2 0 0 6 30 43 21 13 5 0 6 17 42 23 2 3 7 0 6 19 46 19 0 0 0 0;
<CIRCLE 185 72 1.06066 0 4.60431e-06>; 1 0 2 2 4 4 3 1 5 7 16 8 1 1 1 0 3 6 27 11 3 0 0 0 0 2 7 12 5 1 0 0 0 2 15 34 15 1 1 0 3 19 122 122 47 2 0 0 34 114 122 16 2 0 0 0 4 21 51 23 1 0 0 0 0 61 62 27 45 3 0 0 16 14 45 87 122 98 29 8 122 99 82 26 11 19 30 31 9 17 122 76 0 0 0 0 25 122 108 11 3 0 0 0 0 7 122 83 19 27 8 1 3 1 122 75 3 7 8 7 0 0 122 55 0 0 0 0;
<CIRCLE 271 101 4.24264 0 4.09612e-06>; 63 103 19 9 4 0 0 0 9 25 111 64 38 5 0 0 11 63 131 8 4 2 1 4 10 55 131 0 0 0 1 3 74 131 24 4 4 0 0 0 5 47 50 29 61 12 5 2 30 12 13 2 8 7 23 21 40 12 28 11 1 1 4 10 4 61 28 0 0 2 30 9 5 102 74 3 0 0 53 33 5 47 77 2 0 1 73 19 3 4 78 21 0 0 63 17 4 0 0 0 0 9 131 94 1 3 0 0 0 0 131 125 0 3 4 0 0 5 131 34 2 2 3 2 5 13 131 36;
<CIRCLE 205 128 2.52269 0 3.85389e-06>; 0 0 0 0 0 89 142 1 0 0 0 0 0 142 110 0 0 0 0 0 0 55 90 0 0 0 0 0 1 32 57 0 0 0 0 0 0 128 89 2 0 0 0 0 13 142 55 0 0 0 0 0 3 128 142 7 0 0 0 0 2 76 142 26 0 0 0 0 0 28 14 1 0 0 0 0 3 137 83 0 0 0 0 0 0 52 142 12 0 0 0 0 0 34 142 38 0 0 0 0 0 1 1 1 0 0 2 1 1 5 5 0 0 0 0 0 3 8 11 0 0 0 0 0 3 5 5 0;
<CIRCLE 178 106 1.5 0 3.80437e-06>; 6 0 16 35 0 2 18 18 136 0 0 0 0 0 1 22 136 3 0 1 2 1 0 8 1 0 0 9 10 2 0 0 4 18 29 1 0 6 12 5 136 56 13 0 0 0 2 38 132 59 46 6 1 0 0 8 0 2 45 22 8 0 0 0 5 37 44 0 0 2 64 8 27 136 59 0 0 0 64 20 11 136 136 1 0 8 38 9 0 14 136 21 3 8 3 0 0 0 0 0 0 39 136 6 0 3 0 0 0 14 136 38 0 4 10 0 6 77 133 14 0 0 28 6 11 105 33 0;
<CIRCLE 329 126 1.26134 0 3.0916e-06>; 0 0 14 17 77 16 0 0 71 2 0 2 174 174 1 49 174 29 1 0 14 32 0 65 27 8 9 6 3 1 0 0 0 2 4 5 45 15 0 0 42 2 0 4 174 122 23 17 174 29 2 2 40 28 23 76 36 10 12 16 3 1 0 0 0 2 7 3 21 6 1 0 5 0 0 1 102 122 57 22 93 5 2 0 6 28 61 107 10 7 11 4 1 0 0 1 1 0 0 0 5 7 3 0 0 0 0 0 13 22 15 2 1 0 0 1 3 7 16 10 0 1 3 0 1 2 8 5;
<CIRCLE 198 77 2.12132 0 3.00479e-06>; 0 4 20 11 0 0 0 0 0 0 19 88 5 0 0 0 0 0 61 136 27 0 0 0 0 0 136 136 7 0 0 0 0 10 82 36 0 0 0 0 0 0 45 136 47 0 0 0 0 0 4 136 136 0 0 0 0 0 22 77 43 0 0 0 0 0 82 40 1 0 0 0 0 0 47 136 72 0 0 0 0 0 1 136 136 0 0 0 0 0 2 19 16 0 0 0 0 0 3 9 9 3 0 0 0 0 0 91 136 0 0 0 0 0 0 69 108 0 0 0 0 0 0 2 2 0 1 0;
<CIRCLE 121 66 1.78381 0 2.83072e-06>; 108 91 0 0 0 2 2 0 144 144 0 0 0 0 0 0 12 16 1 4 7 0 0 0 0 2 1 2 1 0 0 0 52 56 0 2 43 28 5 0 144 144 10 0 0 0 0 0 23 134 76 1 2 0 0 0 0 12 64 1 0 0 0 0 5 18 2 10 132 6 0 0 26 144 52 0 0 0 0 0 6 144 144 0 0 0 0 0 0 64 144 0 0 0 0 0 0 0 2 29 59 1 1 0 20 14 5 0 0 0 1 3 38 26 20 0 0 0 0 1 1 11 47 0 0 1 2 0;
<CIRCLE 196 77 3.56762 0 2.81032e-06>; 0 2 7 2 0 0 0 0 0 0 10 25 1 0 0 0 0 0 60 109 4 0 0 0 0 0 131 73 1 0 0 0 0 33 120 12 0 0 0 0 0 1 89 130 14 0 0 0 0 0 57 131 97 0 0 0 0 3 131 102 11 0 0 0 55 89 78 6 1 2 0 1 2 5 61 128 65 0 0 0 0 0 2 131 131 0 0 0 0 2 4 16 12 0 0 0 100 6 1 8 8 3 0 3 6 0 0 91 118 0 0 0 0 0 0 67 97 0 0 0 0 0 0 1 2 1 2 1;
<CIRCLE 204 128 2.12132 0 2.29678e-06>; 0 0 0 0 0 110 142 1 0 0 0 0 0 142 97 0 0 0 0 0 0 80 87 0 0 0 0 0 0 27 80 0 0 0 0 0 0 130 46 0 0 0 0 0 16 142 29 0 0 0 0 0 6 142 141 1 0 0 0 0 0 24 142 23 0 0 0 0 0 31 14 1 0 0 0 0 3 142 66 0 0 0 0 0 0 76 142 4 0 0 0 0 0 3 142 37 0 0 0 0 0 2 2 1 0 0 0 0 1 8 9 1 0 0 0 0 1 10 23 0 0 0 0 0 2 5 14 0;
<CIRCLE 301 142 1.06066 0 2.20994e-06>; 3 0 0 79 43 0 5 19 1 5 6 2 2 10 54 29 12 79 14 0 6 36 21 1 105 131 2 0 1 1 0 0 38 19 1 8 46 12 1 23 19 22 25 13 5 10 24 32 17 3 7 47 55 31 8 7 131 29 0 4 6 1 0 53 6 25 7 0 28 131 26 0 3 30 74 20 0 20 52 7 14 0 23 49 8 0 39 131 112 0 0 1 0 0 4 131 0 0 0 0 1 131 91 0 0 0 2 0 0 58 131 27 0 0 0 0 0 0 131 131 10 0 1 0 0 0 15 109;
<CIRCLE 287 100 5.04538 0 1.92369e-06>; 15 41 117 35 13 1 0 0 6 70 124 4 1 2 1 2 2 47 124 1 0 3 1 1 0 16 118 9 6 3 0 0 9 38 43 29 49 10 5 2 46 28 52 4 6 5 15 20 24 25 91 19 2 2 5 6 0 11 107 46 8 1 2 3 4 75 55 4 2 0 65 33 8 31 79 6 0 1 109 22 4 3 88 32 0 1 120 39 1 0 38 25 2 3 105 103 1 1 0 0 0 0 124 92 0 1 2 1 6 13 124 25 7 20 14 12 14 14 124 54 4 22 7 0 2 8 87 48;
<CIRCLE 271 111 5.04538 0 1.60092e-06>; 83 115 9 2 2 0 0 0 17 38 53 41 57 9 3 1 30 34 86 6 8 5 10 14 19 28 79 5 1 1 3 5 21 81 21 0 0 1 18 4 7 117 90 10 10 2 30 19 15 39 71 4 2 2 50 19 9 4 80 30 0 0 45 15 11 2 1 0 0 16 140 97 3 16 7 0 0 0 140 140 1 10 20 1 2 10 140 45 4 8 16 6 6 12 140 65 69 3 0 0 0 1 23 140 5 0 0 0 5 2 66 62 0 0 0 4 26 11 46 4 6 27 24 43 79 20 13 5;
<CIRCLE 329 121 1.78381 0 1.53532e-06>; 0 0 9 13 90 9 13 33 102 21 1 20 167 64 4 13 167 68 2 7 14 4 1 13 11 6 9 12 1 0 0 0 0 0 22 19 66 5 0 0 83 4 0 12 167 141 5 39 167 23 2 3 17 27 3 57 17 6 13 15 0 0 0 0 0 0 9 10 25 3 0 0 30 0 0 2 167 99 14 19 167 12 2 1 17 22 13 45 12 5 10 12 0 0 0 0 0 0 2 3 6 2 1 0 2 0 0 0 35 49 21 9 28 2 1 0 2 12 24 35 2 2 5 3 0 0 1 0;
<CIRCLE 101 143 2.52269 0 1.44007e-06>; 0 0 0 1 35 132 12 0 0 12 41 11 93 132 0 0 82 40 79 6 13 9 1 66 81 14 3 0 1 8 34 74 0 0 0 0 92 54 0 0 10 1 0 34 132 132 34 13 132 2 1 12 32 18 33 132 58 0 0 5 6 2 7 103 0 0 2 3 21 34 5 0 2 1 2 4 49 132 132 14 49 0 1 7 6 30 132 132 12 0 0 8 15 7 2 21 0 1 5 9 2 0 0 0 0 3 12 17 1 3 6 0 0 0 5 23 3 2 8 0 0 2 2 3 4 4 0 0;
<CIRCLE 277 109 1.5 0 1.43843e-06>; 1 48 34 0 0 6 91 21 2 6 12 3 30 27 24 24 8 0 1 5 29 44 36 13 34 11 5 2 0 0 9 13 1 137 123 0 0 0 1 1 0 137 126 15 10 6 0 0 0 11 95 51 6 4 2 0 1 19 98 13 0 0 0 0 4 32 9 0 0 0 9 4 1 102 82 3 0 0 16 0 0 13 137 37 0 1 16 0 0 5 137 11 0 0 20 4 0 0 0 0 0 0 137 34 0 1 5 0 0 5 137 25 0 0 8 1 0 37 137 20 1 0 4 0 0 2 137 95;
<CIRCLE 160 115 3.56762 0 1.33325e-06>; 0 5 14 0 0 9 58 0 16 38 26 0 0 10 30 1 19 69 97 29 4 3 10 4 107 31 22 24 5 1 0 1 0 0 1 0 0 70 158 0 0 2 5 0 0 158 158 0 4 9 10 0 0 100 158 5 37 34 11 2 0 30 154 17 4 7 10 3 0 12 49 0 2 2 0 0 8 81 91 1 0 0 0 0 1 97 158 5 0 0 0 0 0 51 158 2 11 3 2 1 1 2 5 13 7 0 0 0 1 9 8 7 0 0 0 0 0 3 22 9 0 0 0 0 1 5 22 1;
<CIRCLE 102 144 2.12132 0 1.29698e-06>; 0 0 0 1 81 125 1 0 3 1 12 16 124 96 0 4 105 13 17 4 10 5 1 120 78 3 0 0 0 0 9 105 0 0 0 3 125 65 3 0 21 1 0 33 125 122 72 29 125 1 0 5 8 7 39 125 46 0 0 5 5 1 3 77 0 1 2 1 16 60 18 0 1 0 1 2 14 125 125 20 28 0 0 5 3 12 125 125 7 0 0 6 13 6 1 15 0 3 7 5 0 0 0 0 0 1 10 18 1 3 6 0 0 0 4 22 2 1 5 0 0 2 2 4 3 3 0 0;
<CIRCLE 277 108 2.12132 0 1.26064e-06>; 2 10 15 17 19 12 33 13 22 1 0 2 23 18 33 54 31 1 0 1 36 29 14 36 36 7 8 5 0 0 3 42 3 136 88 0 0 2 16 7 1 98 103 8 8 13 19 13 7 9 83 21 9 21 11 9 8 9 90 23 0 0 0 3 1 43 23 0 0 0 51 12 1 97 93 2 0 0 75 10 0 12 146 20 0 2 72 10 0 0 122 19 0 2 84 13 0 0 0 0 0 0 146 69 0 0 1 0 0 13 146 39 0 0 2 0 0 29 146 54 2 0 1 0 3 31 146 66;
<CIRCLE 194 124 5.04538 0 1.11802e-06>; 50 39 36 11 2 10 47 8 38 22 17 109 79 13 12 1 0 0 0 56 78 17 12 0 0 0 0 1 4 5 5 0 6 5 2 0 0 67 140 7 2 4 7 26 18 140 140 1 0 0 0 6 10 140 140 0 0 0 0 0 0 87 133 0 0 0 0 0 0 11 53 3 0 0 0 0 0 55 97 1 0 0 0 0 0 140 140 0 0 0 0 2 17 121 140 1 0 0 0 0 0 1 0 0 1 1 2 1 0 0 1 1 0 0 1 3 0 5 8 0 0 0 0 3 43 26 11 0;
<CIRCLE 101 142 2.52269 0 1.05089e-06>; 0 0 1 1 30 131 13 0 0 19 51 10 70 127 0 0 68 48 98 5 9 7 0 45 74 17 4 0 2 12 37 59 0 0 0 0 89 65 0 0 9 1 1 32 131 131 16 10 131 4 2 12 33 16 16 131 64 0 0 3 4 2 8 111 0 0 1 2 29 38 5 0 3 1 1 6 75 131 131 17 71 0 0 5 8 32 131 131 17 0 0 8 14 6 2 27 0 1 5 8 2 0 0 0 0 3 11 14 1 7 15 0 0 0 5 22 3 3 18 3 0 1 2 4 5 5 0 0;
<CIRCLE 103 144 2.12132 0 9.79753e-07>; 0 0 0 2 99 128 0 0 9 3 17 17 107 75 1 11 128 14 13 2 4 2 1 128 59 1 0 0 0 1 14 88 0 0 0 6 128 83 6 0 43 2 0 33 128 105 85 56 128 1 0 2 2 2 26 128 27 0 0 7 8 2 4 54 0 1 1 1 18 81 31 0 3 0 1 3 11 125 128 39 31 0 0 6 4 6 98 124 4 0 0 6 14 8 0 7 0 3 8 5 0 0 1 0 0 1 10 21 1 3 7 0 0 0 4 21 3 1 4 0 0 1 2 2 4 4 0 0;
<CIRCLE 204 129 1.26134 0 9.35499e-07>; 0 0 0 0 7 146 19 0 0 0 0 0 36 146 19 0 0 0 0 0 23 116 18 0 0 0 0 0 1 17 34 2 0 0 0 0 9 137 15 0 0 0 0 0 80 146 21 0 0 0 0 0 25 146 146 0 0 0 0 0 0 47 146 23 0 0 0 0 2 61 18 1 0 0 0 0 13 145 108 2 0 0 0 0 0 51 146 17 0 0 0 0 0 20 146 26 6 1 0 0 1 4 4 2 0 0 0 0 3 16 25 0 0 0 0 0 4 12 31 2 0 0 0 0 1 4 17 1;
<CIRCLE 277 110 1.06066 0 9.25174e-07>; 0 126 126 3 1 11 3 0 0 41 63 21 30 23 0 0 0 0 17 37 14 7 3 0 2 8 22 17 1 1 3 0 9 126 87 0 0 0 0 0 3 126 125 12 1 0 0 0 0 21 126 77 1 0 0 0 0 12 126 35 0 0 0 0 7 36 9 0 0 0 3 1 2 89 109 4 0 0 3 0 0 10 126 46 0 1 4 0 0 4 126 18 0 0 2 0 0 0 1 0 0 0 126 14 0 1 9 1 0 4 126 13 0 0 11 1 0 24 126 11 0 0 7 1 0 11 126 37;
<CIRCLE 86 102 2.52269 0 8.99915e-07>; 0 0 0 0 16 127 90 0 0 0 0 0 0 61 48 2 0 0 0 0 0 6 27 5 6 3 0 0 0 1 8 8 0 0 0 1 2 157 157 0 0 0 0 0 0 157 157 1 0 0 0 0 0 65 157 15 1 1 0 0 0 103 157 1 1 1 3 11 5 14 6 0 0 0 0 0 3 69 78 1 0 0 0 1 10 32 157 8 0 0 0 2 4 73 146 0 7 1 1 7 4 0 0 9 2 0 0 2 7 5 5 6 0 0 0 4 22 4 1 0 2 0 0 1 5 2 6 8;
<CIRCLE 263 120 1.5 0 8.43095e-07>; 0 0 0 0 0 2 6 2 1 0 0 0 0 0 18 24 0 0 0 0 0 0 61 16 0 1 0 0 0 0 68 11 0 0 0 0 0 2 121 69 0 0 0 0 0 0 148 148 0 0 0 0 0 0 148 117 0 0 0 0 0 0 148 77 9 0 0 0 0 5 148 148 2 0 0 0 0 45 148 112 23 0 0 0 0 6 78 98 4 0 1 0 0 2 72 47 16 0 0 0 0 8 20 84 0 0 0 0 1 70 34 5 3 0 0 0 0 11 30 63 0 0 1 0 0 1 21 18;
<CIRCLE 255 98 1.26134 0 7.24624e-07>; 114 100 0 0 0 0 0 0 139 139 0 0 0 0 0 0 7 7 1 3 10 4 1 0 0 0 1 10 13 11 2 2 77 54 1 0 0 0 0 0 139 139 5 0 0 0 0 0 23 109 41 4 1 2 1 0 0 8 12 17 64 13 2 0 21 16 0 0 0 0 0 2 33 139 45 0 0 0 0 0 3 139 139 0 0 0 0 0 0 139 133 3 25 10 0 0 6 7 2 0 0 0 0 1 1 11 19 1 0 0 1 0 0 56 59 4 0 0 0 0 0 112 105 0 0 0 0 0;
<CIRCLE 167 115 2.52269 0 6.69583e-07>; 0 9 37 0 0 21 56 0 2 30 52 1 0 6 34 2 26 34 33 7 0 1 18 9 99 66 24 1 0 0 2 9 0 0 3 0 1 156 156 0 0 5 9 0 0 115 156 1 3 18 9 0 0 74 156 12 8 42 23 1 0 37 146 20 0 0 0 0 19 51 33 0 0 0 0 0 9 100 109 3 0 0 0 0 0 75 156 8 0 0 0 0 0 58 156 4 1 0 0 0 10 11 4 2 2 0 0 0 1 6 28 19 1 0 0 0 0 2 58 9 0 0 0 0 3 9 40 2;
<CIRCLE 98 143 2.52269 0 6.49206e-07>; 0 0 0 0 15 128 13 0 0 5 12 6 91 128 4 0 24 27 84 10 44 41 1 24 112 29 20 0 0 3 9 86 0 0 0 1 31 24 1 0 0 0 0 16 128 128 10 0 106 3 1 30 128 66 52 119 128 0 0 1 1 0 5 128 0 0 2 4 10 10 1 0 0 1 2 2 50 128 64 0 26 0 1 6 19 95 128 97 31 0 0 6 9 3 23 71 0 0 3 11 5 0 0 0 0 4 11 11 1 1 2 0 0 0 8 24 2 3 10 0 0 1 2 9 3 2 1 0;
<CIRCLE 229 124 1.06066 0 4.70559e-07>; 3 0 0 4 22 1 13 35 1 0 1 2 1 6 82 49 1 0 1 0 1 60 69 2 30 4 0 0 2 30 9 19 56 1 0 0 16 9 7 74 17 3 7 15 25 32 39 55 24 4 6 4 29 55 43 37 83 4 0 2 53 57 7 11 72 55 3 0 26 137 5 13 25 77 42 4 6 42 65 26 4 3 38 80 58 20 48 40 54 2 1 48 72 7 0 22 2 22 4 0 29 155 99 0 1 56 70 5 0 119 155 3 0 3 65 63 5 16 155 12 53 0 2 21 6 17 67 94;
<CIRCLE 98 134 7.13524 0 2.79688e-07>; 0 0 0 6 56 175 59 0 1 1 0 0 5 175 175 1 1 5 5 0 0 124 175 2 0 3 10 0 0 75 175 0 0 0 0 8 24 32 20 8 0 1 2 2 33 81 57 6 9 4 4 1 7 40 136 28 0 0 0 0 4 50 175 11 0 0 0 2 7 19 16 2 0 0 0 1 27 64 18 4 6 0 0 0 7 28 34 46 0 0 0 0 3 27 15 7 0 0 0 1 10 4 0 0 0 0 0 4 16 4 1 0 0 0 0 3 10 3 4 0 0 0 0 3 5 3 1 0;
<CIRCLE 101 139 5.04538 0 2.78109e-07>; 19 0 0 14 42 52 35 31 7 15 13 11 61 83 119 11 16 19 16 2 21 96 141 17 24 13 2 4 4 89 141 21 22 0 0 1 30 84 39 62 11 20 27 11 141 141 10 14 108 42 33 5 29 28 44 136 13 4 1 2 19 39 68 41 0 0 0 4 23 16 9 4 3 0 1 8 87 141 65 24 40 0 0 3 18 44 80 141 2 0 0 0 24 34 9 9 0 0 0 12 19 2 0 0 0 0 2 21 13 8 4 0 0 0 1 12 8 6 6 1 0 0 0 7 13 8 1 0;
<CIRCLE 325 64 1.06066 0 2.69075e-07>; 0 0 0 9 18 3 0 0 0 3 13 16 31 4 0 2 2 14 25 8 4 3 0 1 1 5 2 1 1 1 1 0 0 0 0 7 28 4 1 0 1 17 29 87 135 1 0 0 84 113 43 41 15 0 1 2 29 6 0 0 3 10 6 5 0 0 0 4 41 17 1 0 11 23 2 109 157 2 0 0 157 155 2 62 61 0 0 0 78 13 0 1 11 6 0 2 0 1 1 1 41 16 1 0 12 18 0 53 157 14 0 0 157 153 0 37 109 0 0 1 106 20 0 0 1 7 1 3;
<CIRCLE 177 117 1.5 0 2.66601e-07>; 2 6 7 0 0 25 133 7 2 23 12 0 0 2 133 31 0 42 46 0 0 24 125 25 0 8 95 6 5 53 21 0 0 0 0 0 7 73 133 0 0 0 0 0 1 55 133 12 0 0 0 0 12 71 133 8 0 0 0 0 11 133 78 0 0 0 0 0 5 26 123 14 0 0 0 0 0 26 133 24 0 0 0 0 1 47 133 4 0 0 0 0 0 107 133 0 0 0 0 0 0 2 62 11 0 0 0 0 0 2 65 11 0 0 0 1 4 13 47 4 0 0 0 0 1 36 46 0;
<CIRCLE 73 128 2.52269 0 2.55662e-07>; 0 5 37 35 26 34 2 0 18 6 19 116 57 3 3 41 49 5 1 13 13 13 22 119 0 0 1 25 82 29 12 11 0 0 1 45 119 55 2 0 62 82 19 60 93 27 23 51 119 102 2 0 16 20 16 107 3 1 2 8 119 119 9 3 0 0 0 8 59 119 44 2 18 9 2 7 26 71 119 119 57 12 0 2 3 9 54 119 1 0 0 1 17 119 18 4 0 0 0 0 7 47 29 2 0 0 0 1 2 8 55 28 0 0 0 8 9 2 10 11 0 0 0 5 9 10 1 0;
<CIRCLE 72 128 2.52269 0 2.53846e-07>; 0 5 33 31 23 40 3 0 11 6 26 117 59 5 2 25 53 6 2 23 13 8 17 118 2 0 0 18 71 32 16 21 0 0 0 39 118 59 2 0 41 60 17 69 118 33 20 34 118 118 4 2 8 11 17 117 9 3 0 6 118 117 10 8 0 0 0 8 60 118 29 0 11 6 1 8 35 91 118 98 61 14 0 1 2 6 78 118 4 0 0 2 15 105 15 11 0 0 0 0 8 47 22 0 0 0 0 1 3 13 60 25 0 0 0 7 8 1 14 15 0 0 0 6 7 7 1 0;
<CIRCLE 186 120 1.06066 0 2.07108e-07>; 0 0 0 3 19 52 34 0 0 0 0 0 13 99 93 1 0 0 0 0 0 56 136 0 0 0 0 0 0 61 136 1 0 0 0 0 0 54 136 1 0 0 0 0 0 136 136 1 0 0 0 0 0 41 136 26 0 0 0 0 0 19 136 43 0 0 0 0 2 56 98 0 0 0 0 0 0 130 136 0 0 0 0 0 0 25 136 47 0 0 0 0 0 7 136 43 0 0 0 1 4 9 2 0 0 0 0 0 0 15 26 0 0 0 0 0 0 4 39 7 0 0 0 0 2 9 14 2;
<CIRCLE 74 127 2.12132 0 1.63977e-07>; 0 5 34 54 34 15 0 0 27 4 7 90 37 0 5 73 39 2 0 3 5 13 24 117 0 0 0 17 78 34 12 9 0 1 3 55 117 27 1 0 93 117 19 35 39 7 7 55 117 89 0 0 12 16 12 72 2 1 0 4 117 105 5 2 0 0 0 14 69 117 66 4 43 24 4 7 17 43 117 117 83 19 0 0 2 8 27 117 1 0 0 0 22 117 16 5 0 0 0 0 2 48 78 11 0 0 0 0 0 2 96 65 0 0 0 7 5 1 14 31 0 0 0 6 6 14 1 0;
<CIRCLE 71 129 3 0 1.58527e-07>; 0 0 19 55 30 39 0 0 7 2 29 116 65 6 0 9 48 5 2 39 24 9 14 113 3 0 0 18 86 31 15 20 0 0 0 11 120 84 1 0 32 27 8 64 120 56 31 25 120 69 3 8 17 22 27 120 11 1 1 10 120 120 10 11 0 0 0 1 51 120 13 0 5 1 0 3 37 120 120 62 43 4 0 3 4 11 100 120 3 0 0 2 22 120 12 10 0 0 0 1 10 29 5 0 0 0 0 1 10 24 32 7 0 0 0 4 10 6 10 6 0 0 0 3 16 14 1 0;
<CIRCLE 107 131 3 0 1.37809e-07>; 11 15 9 11 23 6 7 17 14 20 15 2 12 32 33 33 27 14 9 8 48 75 9 2 70 36 5 2 1 6 22 8 4 33 38 13 42 114 2 0 26 95 118 8 15 12 0 5 58 40 34 2 23 58 51 33 27 21 2 0 1 18 85 42 0 0 4 4 118 118 2 0 113 20 36 8 101 46 5 117 118 12 3 0 2 4 31 118 0 0 0 4 11 17 59 15 0 0 0 1 92 107 33 0 56 0 0 2 41 69 118 118 45 0 0 4 13 4 8 88 0 0 0 6 17 11 0 0;
<CIRCLE 168 119 1.78381 0 1.28577e-07>; 0 0 1 0 0 105 146 6 0 2 4 0 0 82 146 5 0 7 6 0 0 55 146 9 2 20 6 0 0 8 146 27 0 0 0 0 19 80 83 1 0 0 0 0 19 113 115 0 0 0 0 0 6 96 146 3 0 0 0 0 0 49 146 6 0 0 0 0 18 23 15 6 0 0 0 0 3 37 98 14 0 0 0 0 1 17 146 20 0 0 0 0 0 7 146 15 1 0 0 0 3 4 8 14 5 0 0 0 0 0 12 18 1 0 0 0 0 0 18 4 0 0 0 0 2 2 8 1;
<CIRCLE 68 129 4.24264 0 9.37152e-08>; 0 0 0 52 25 5 0 0 0 0 0 126 63 22 3 0 7 0 1 60 38 126 85 22 1 0 0 5 44 126 126 6 0 0 0 9 47 71 8 0 7 1 0 53 126 84 14 6 92 3 1 26 37 39 33 103 7 3 2 9 123 126 11 17 0 0 0 0 29 54 1 0 1 0 0 0 50 126 82 11 19 0 0 0 8 39 113 108 1 0 0 0 92 126 9 10 0 0 0 9 15 4 0 0 0 0 0 18 15 19 8 0 0 0 0 5 16 7 9 1 0 0 0 6 38 42 2 0;
<CIRCLE 198 119 0.891905 0 8.5051e-08>; 0 0 0 0 0 41 100 0 0 0 0 0 0 22 106 1 0 0 0 0 0 11 78 2 0 0 0 0 0 32 26 0 0 0 0 0 0 67 129 1 0 0 0 0 0 129 129 0 0 0 0 0 0 126 114 0 0 0 0 0 0 79 49 0 0 0 0 0 0 84 129 1 0 0 0 0 0 129 60 0 0 0 0 0 0 129 48 0 0 0 0 0 0 129 42 0 0 0 0 0 3 64 14 0 0 0 0 0 8 129 8 0 0 0 0 0 2 129 32 0 0 0 0 0 12 129 16 0;
<CIRCLE 220 75 1.5 0 7.81357e-08>; 3 3 219 105 0 0 0 0 19 13 219 71 2 3 3 12 1 1 219 61 17 6 3 3 0 14 219 24 0 0 0 0 15 17 29 3 0 0 0 0 104 41 17 13 17 5 3 18 8 4 19 62 99 9 3 4 0 2 37 26 3 0 0 0 5 17 6 0 0 0 0 0 16 57 48 21 2 0 0 0 0 5 32 77 20 1 0 0 4 5 7 10 1 0 1 2 1 0 6 2 0 0 0 0 0 2 11 5 0 0 0 0 0 0 3 13 8 1 0 0 2 6 6 3 1 0 0 0;
<CIRCLE 113 89 2.52269 0 4.33027e-08>; 73 102 27 5 0 0 1 2 17 40 72 97 45 12 20 1 18 4 4 12 17 11 34 14 34 24 20 0 0 0 1 7 42 140 9 0 0 0 0 5 7 62 109 10 1 5 12 1 1 3 137 21 1 4 15 2 2 7 115 8 0 0 1 2 35 31 4 0 0 7 19 12 13 37 44 10 7 3 4 0 4 12 59 8 4 2 9 11 2 8 33 2 0 1 19 11 1 8 2 0 0 150 150 0 0 14 25 0 0 115 150 0 0 16 41 0 0 66 150 2 0 18 47 0 0 27 150 2;
<CIRCLE 113 90 2.52269 0 4.27185e-08>; 54 98 20 3 0 0 1 2 10 33 58 65 25 11 21 1 13 1 9 9 10 10 34 13 25 17 23 0 0 0 1 7 39 114 8 0 0 0 0 6 7 57 103 10 2 2 7 1 1 3 134 19 1 2 8 1 1 5 105 7 0 0 1 1 26 26 3 0 0 15 39 9 10 33 36 7 6 5 11 0 3 14 45 5 3 3 10 11 2 9 28 1 0 1 19 11 0 5 1 0 0 165 165 0 0 9 18 0 0 133 165 0 0 13 32 0 0 83 165 0 0 14 39 0 0 37 165 1;
<CIRCLE 145 127 3 0 3.86066e-08>; 0 0 5 4 1 94 190 9 0 0 8 3 0 65 190 14 0 1 1 0 2 171 190 0 0 0 0 0 7 190 190 0 0 0 15 19 12 10 4 1 7 16 50 34 6 2 3 2 35 26 11 0 10 17 10 5 1 0 0 0 30 78 43 8 0 0 0 5 41 47 5 1 13 5 7 16 19 31 34 33 59 7 1 0 1 6 7 53 3 0 0 0 4 22 20 11 0 0 0 0 10 25 13 0 1 0 0 0 0 23 52 12 11 0 0 0 1 1 14 27 1 0 0 4 7 3 1 1;
<CIRCLE 73 122 1.78381 0 2.78379e-08>; 1 17 42 36 15 7 2 1 7 3 10 123 88 6 1 5 72 9 4 21 7 0 5 70 9 0 0 3 12 10 20 43 0 5 34 58 59 31 0 0 37 17 9 95 43 1 21 96 58 18 0 4 1 2 41 123 2 0 0 1 56 61 29 29 0 0 2 72 123 25 0 0 59 123 36 48 41 9 6 34 121 123 2 0 0 1 9 60 14 12 0 3 65 48 9 6 0 0 0 14 50 97 41 2 20 16 3 9 16 50 123 121 82 23 0 0 0 0 29 123 8 1 0 0 8 33 13 20;
<CIRCLE 88 125 2.52269 0 2.66942e-08>; 34 4 2 13 9 5 12 69 2 0 0 25 67 25 18 14 2 0 2 20 86 17 6 7 15 2 1 1 7 10 46 58 63 42 0 1 17 22 20 105 1 0 4 31 134 98 8 5 8 19 49 37 47 29 2 4 41 83 41 2 1 3 7 24 86 38 0 0 6 13 23 114 3 0 0 1 75 134 25 5 0 9 22 12 66 134 24 0 2 70 134 14 37 60 0 0 1 0 0 5 4 2 17 38 0 0 0 5 13 44 5 0 0 0 0 2 134 134 3 0 15 2 11 22 134 103 2 14;
<CIRCLE 166 103 2.12132 0 2.35621e-08>; 48 37 1 1 1 0 0 6 71 129 58 7 0 2 22 28 3 13 66 129 58 14 20 11 107 3 2 46 40 5 0 4 2 19 21 0 1 3 0 0 5 94 95 6 0 1 0 1 7 16 97 82 2 1 7 5 129 6 2 16 1 0 2 18 0 7 35 0 0 45 105 0 1 25 44 0 0 14 89 2 4 35 41 0 0 6 53 5 58 82 11 0 0 0 17 12 0 0 0 0 0 121 129 0 0 0 0 0 0 79 129 0 0 2 1 0 0 74 129 3 2 11 1 0 0 16 129 16;
<CIRCLE 96 129 3.56762 0 2.19098e-08>; 7 0 1 7 27 27 25 27 2 2 1 12 70 40 55 7 6 4 1 0 11 60 120 36 13 8 2 4 19 74 120 6 42 3 0 2 56 69 12 38 4 18 17 20 93 120 1 3 18 79 95 9 19 20 6 12 29 24 21 3 24 45 29 16 10 0 0 0 11 52 16 36 0 1 3 2 120 120 1 0 67 29 44 9 119 80 9 68 100 16 7 0 2 4 34 120 0 0 0 1 10 6 0 0 0 0 0 2 75 93 12 0 24 0 0 1 48 99 113 96 29 0 0 1 9 4 11 79;
<CIRCLE 121 126 1.78381 0 2.11951e-08>; 60 19 3 9 63 78 11 10 132 98 4 1 0 1 4 17 21 23 33 42 1 0 11 22 0 5 56 23 7 10 4 2 13 12 2 1 98 132 20 4 98 132 10 0 8 18 40 22 42 95 36 38 5 3 24 45 1 6 30 12 16 31 39 10 55 14 1 0 25 86 132 36 15 11 0 0 1 41 132 57 31 10 0 0 0 8 109 132 0 0 0 0 47 89 24 18 69 0 0 0 0 4 47 97 0 0 0 0 4 33 109 6 0 0 0 0 9 34 47 9 0 0 0 4 52 34 3 0;
<CIRCLE 74 118 1.78381 0 1.72637e-08>; 0 2 2 28 38 21 5 1 4 2 6 89 89 8 0 0 47 16 12 22 5 1 0 17 8 1 0 0 5 17 24 17 1 17 65 102 34 7 2 0 28 7 11 118 88 2 9 43 96 7 3 9 1 2 20 118 3 0 0 12 41 27 27 39 2 3 22 70 94 26 1 2 71 61 9 49 28 1 26 118 45 42 0 0 0 11 51 118 0 1 0 4 111 83 20 9 0 3 7 70 115 33 5 0 75 118 27 28 18 11 19 50 116 118 0 0 1 2 5 57 7 4 0 2 75 61 6 4;
<CIRCLE 121 127 1.78381 0 1.38367e-08>; 50 14 1 4 61 99 12 11 129 120 5 1 1 2 4 14 20 37 41 53 2 1 7 13 0 6 64 24 5 6 4 1 10 13 3 1 97 129 37 4 73 129 7 0 8 24 85 33 51 85 24 23 3 3 35 79 1 4 15 8 24 45 45 15 74 11 0 0 11 63 129 53 7 2 0 0 0 41 129 48 19 2 0 0 1 12 118 129 0 0 0 1 49 86 17 14 55 0 0 0 0 3 32 99 0 0 0 1 8 31 66 4 0 0 0 2 13 36 31 2 0 0 0 4 54 30 1 0;
<CIRCLE 129 91 3.56762 0 7.28723e-09>; 7 28 17 39 38 4 2 2 14 90 87 1 1 0 0 2 0 82 161 0 0 0 0 0 0 89 161 0 0 0 0 0 1 14 52 9 2 1 1 0 3 11 79 2 0 0 0 1 1 12 86 1 0 0 0 0 0 10 76 3 0 0 0 0 0 8 17 1 0 27 111 0 2 12 16 0 0 16 83 2 2 11 23 0 0 9 35 1 0 7 18 0 0 1 14 0 1 0 0 0 0 69 161 1 0 0 0 0 0 90 161 1 0 1 4 0 0 87 161 0 0 1 5 0 0 49 161 0;
<CIRCLE 159 101 2.12132 0 6.53379e-09>; 1 3 2 1 0 0 0 0 61 24 1 2 0 0 0 13 117 95 17 1 0 3 31 75 4 10 26 62 46 29 39 23 1 3 15 0 0 0 2 0 11 29 11 0 2 4 0 0 26 144 106 4 0 1 2 2 3 29 144 120 8 1 5 3 0 7 45 0 0 24 95 0 0 14 63 0 0 23 57 0 2 31 57 0 0 5 25 2 3 26 39 2 0 1 13 3 0 0 0 0 0 81 144 0 0 0 3 0 0 144 144 0 0 4 8 0 0 73 144 1 0 8 9 0 0 43 144 3;
<CIRCLE 120 96 2.52269 0 5.59402e-09>; 2 25 40 3 0 2 4 0 0 1 65 10 0 2 8 1 1 4 70 5 0 0 0 1 0 7 57 1 0 0 0 0 7 19 22 5 3 1 1 0 2 7 38 5 2 1 5 6 1 5 27 1 0 1 14 8 2 6 14 0 0 0 10 5 0 9 15 0 0 68 166 0 0 13 33 0 0 49 166 1 0 18 47 0 0 24 143 3 0 8 49 0 0 17 56 1 0 0 2 1 0 66 166 0 1 2 2 0 0 89 166 1 0 0 1 0 0 82 166 1 0 0 5 0 0 133 166 5;
<CIRCLE 92 75 2.12132 0 2.97532e-09>; 0 1 10 21 144 15 0 0 3 4 21 0 0 0 2 4 2 3 7 9 6 0 0 1 144 7 1 5 4 0 7 66 0 4 144 115 51 2 0 0 0 70 144 0 0 0 0 0 4 137 59 3 7 0 0 0 144 79 13 2 6 1 0 14 0 5 70 16 3 2 0 0 1 63 72 0 0 0 0 0 34 144 14 0 0 0 0 0 117 144 18 0 0 0 0 4 0 2 5 10 3 6 3 0 3 11 6 0 0 0 4 4 22 73 0 0 0 0 1 4 47 144 3 0 0 0 0 2;
<CIRCLE 142 99 2.52269 0 2.20223e-09>; 1 7 40 0 0 0 1 1 4 5 36 4 0 0 0 0 1 1 27 6 0 1 0 0 11 5 17 2 0 0 0 4 1 5 23 0 0 0 11 4 5 8 19 1 0 0 3 2 1 5 11 3 0 1 3 0 11 10 4 1 1 1 0 1 0 6 39 0 0 74 168 1 0 17 53 0 0 26 168 8 0 14 62 0 0 30 136 0 0 11 52 0 0 17 54 0 0 0 0 0 0 127 168 9 0 0 0 0 0 56 168 34 0 0 2 0 0 103 168 0 0 1 6 0 0 115 168 0;
